       0            0    674.65578        9.208    9.2080001        9.188          120         0         0         0         0         0         0        9.208     7.974362        9.188         0   -1206.7719 
       0            0    674.65578        9.208    9.2080001        9.188          120         0         0         0         0         0         0        9.208     7.974362        9.188         0   -1206.7719 
       0            0    674.65578        9.208    9.2080001        9.188          120         0         0         0         0         0         0        9.208     7.974362        9.188         0   -1206.7718 
       0            0    674.65578        9.208    9.2080001        9.188          120         0         0         0         0         0         0        9.208     7.974362        9.188         0   -1206.7717 
       0            0    674.65578        9.208    9.2080001        9.188          120         0         0         0         0         0         0        9.208     7.974362        9.188         0   -1206.7717 
       0            0    674.65578        9.208    9.2080001        9.188          120         0         0         0         0         0         0        9.208     7.974362        9.188         0   -1206.7717 
       0            0    674.65578        9.208    9.2080001        9.188          120         0         0         0         0         0         0        9.208     7.974362        9.188         0   -1206.7718 
       0            0    674.65578        9.208    9.2080001        9.188          120         0         0         0         0         0         0        9.208     7.974362        9.188         0   -1206.7718 
       0            0    674.65578        9.208    9.2080001        9.188          120         0         0         0         0         0         0        9.208     7.974362        9.188         0   -1206.7719 
       0            0    674.65578        9.208    9.2080001        9.188          120         0         0         0         0         0         0        9.208     7.974362        9.188         0   -1206.7718 
       0            0    674.65578        9.208    9.2080001        9.188          120         0         0         0         0         0         0        9.208     7.974362        9.188         0   -1206.7718 
       0            0    674.65578        9.208    9.2080001        9.188          120         0         0         0         0         0         0        9.208     7.974362        9.188         0   -1206.7717 
       0            0    674.65578        9.208    9.2080001        9.188          120         0         0         0         0         0         0        9.208     7.974362        9.188         0   -1206.7717 
       0            0    674.65578        9.208    9.2080001        9.188          120         0         0         0         0         0         0        9.208     7.974362        9.188         0   -1206.7717 
       0            0    674.65578        9.208    9.2080001        9.188          120         0         0         0         0         0         0        9.208     7.974362        9.188         0   -1206.7718 
       0            0    674.65578        9.208    9.2080001        9.188          120         0         0         0         0         0         0        9.208     7.974362        9.188         0   -1206.7719 
       0            0    674.65578        9.208    9.2080001        9.188          120         0         0         0         0         0         0        9.208     7.974362        9.188         0   -1206.7719 
       0            0    674.65578        9.208    9.2080001        9.188          120         0         0         0         0         0         0        9.208     7.974362        9.188         0   -1206.7719 
       0            0    674.65578        9.208    9.2080001        9.188          120         0         0         0         0         0         0        9.208     7.974362        9.188         0   -1206.7718 
       0            0    674.65578        9.208    9.2080001        9.188          120         0         0         0         0         0         0        9.208     7.974362        9.188         0   -1206.7718 
       0            0    674.65578        9.208    9.2080001        9.188          120         0         0         0         0         0         0        9.208     7.974362        9.188         0   -1206.7717 
       0            0    674.65578        9.208    9.2080001        9.188          120         0         0         0         0         0         0        9.208     7.974362        9.188         0   -1206.7717 
       0            0    674.65578        9.208    9.2080001        9.188          120         0         0         0         0         0         0        9.208     7.974362        9.188         0   -1206.7718 
       0            0    674.65578        9.208    9.2080001        9.188          120         0         0         0         0         0         0        9.208     7.974362        9.188         0   -1206.7719 
       0            0    674.65578        9.208    9.2080001        9.188          120         0         0         0         0         0         0        9.208     7.974362        9.188         0   -1206.7719 
       0            0    674.65578        9.208    9.2080001        9.188          120         0         0         0         0         0         0        9.208     7.974362        9.188         0   -1206.7719 
       0            0    674.65578        9.208    9.2080001        9.188          120         0         0         0         0         0         0        9.208     7.974362        9.188         0   -1206.7718 
       0            0    674.65578        9.208    9.2080001        9.188          120         0         0         0         0         0         0        9.208     7.974362        9.188         0   -1206.7718 
       0            0    674.65578        9.208    9.2080001        9.188          120         0         0         0         0         0         0        9.208     7.974362        9.188         0   -1206.7717 
       0            0    674.65578        9.208    9.2080001        9.188          120         0         0         0         0         0         0        9.208     7.974362        9.188         0   -1206.7717 
       0            0    674.65578        9.208    9.2080001        9.188          120         0         0         0         0         0         0        9.208     7.974362        9.188         0   -1206.7718 
       0            0    674.65578        9.208    9.2080001        9.188          120         0         0         0         0         0         0        9.208     7.974362        9.188         0   -1206.7718 
       0            0    674.65578        9.208    9.2080001        9.188          120         0         0         0         0         0         0        9.208     7.974362        9.188         0   -1206.7718 
       0            0    674.65578        9.208    9.2080001        9.188          120         0         0         0         0         0         0        9.208     7.974362        9.188         0   -1206.7718 
       0            0    674.65578        9.208    9.2080001        9.188          120         0         0         0         0         0         0        9.208     7.974362        9.188         0   -1206.7718 
       0            0    674.65578        9.208    9.2080001        9.188          120         0         0         0         0         0         0        9.208     7.974362        9.188         0   -1206.7718 
       0            0    674.65578        9.208    9.2080001        9.188          120         0         0         0         0         0         0        9.208     7.974362        9.188         0   -1206.7717 
       0            0    674.65578        9.208    9.2080001        9.188          120         0         0         0         0         0         0        9.208     7.974362        9.188         0   -1206.7717 
       0            0    674.65578        9.208    9.2080001        9.188          120         0         0         0         0         0         0        9.208     7.974362        9.188         0   -1206.7718 
       0            0    674.65578        9.208    9.2080001        9.188          120         0         0         0         0         0         0        9.208     7.974362        9.188         0   -1206.7718 
       0            0    674.65578        9.208    9.2080001        9.188          120         0         0         0         0         0         0        9.208     7.974362        9.188         0   -1206.7719 
       0            0    674.65578        9.208    9.2080001        9.188          120         0         0         0         0         0         0        9.208     7.974362        9.188         0   -1206.7719 
       0            0    674.65578        9.208    9.2080001        9.188          120         0         0         0         0         0         0        9.208     7.974362        9.188         0   -1206.7719 
       0            0    674.65578        9.208    9.2080001        9.188          120         0         0         0         0         0         0        9.208     7.974362        9.188         0   -1206.7718 
       0            0    674.65578        9.208    9.2080001        9.188          120         0         0         0         0         0         0        9.208     7.974362        9.188         0   -1206.7718 
       0            0    674.65578        9.208    9.2080001        9.188          120         0         0         0         0         0         0        9.208     7.974362        9.188         0   -1206.7717 
       0            0    674.65578        9.208    9.2080001        9.188          120         0         0         0         0         0         0        9.208     7.974362        9.188         0   -1206.7718 
       0            0    674.65578        9.208    9.2080001        9.188          120         0         0         0         0         0         0        9.208     7.974362        9.188         0   -1206.7718 
       0            0    674.65578        9.208    9.2080001        9.188          120         0         0         0         0         0         0        9.208     7.974362        9.188         0   -1206.7719 
       0            0    674.65578        9.208    9.2080001        9.188          120         0         0         0         0         0         0        9.208     7.974362        9.188         0   -1206.7719 
