# Time-averaged data for fix 2
# TimeStep c_thermo_temp c_thermo_pe c_thermo_press v_myVol v_myCella v_myCellb v_myCellc v_myCellgamma
0 363.484 -311681 1541.96 163182 72.2834 72.2834 36.0632 120
100 358.61 -311687 -239.985 163334 72.3059 72.3059 36.0744 120
200 363.766 -311668 -744.116 163446 72.3224 72.3224 36.0827 120
300 373.881 -311648 -42.5009 163529 72.3347 72.3347 36.0888 120
400 377.294 -311639 -567.107 163585 72.3428 72.3428 36.0929 120
500 377.401 -311662 -273.209 163588 72.3434 72.3434 36.0931 120
600 364.485 -311676 -827.059 163549 72.3376 72.3376 36.0902 120
700 361.235 -311692 1265.58 163498 72.33 72.33 36.0864 120
800 365.816 -311693 372.027 163472 72.3262 72.3262 36.0846 120
900 374.107 -311684 -257.066 163463 72.3249 72.3249 36.0839 120
1000 375.402 -311668 1134.93 163454 72.3236 72.3236 36.0832 120
1100 377.736 -311678 765.962 163481 72.3275 72.3275 36.0852 120
1200 372.145 -311692 8.6209 163535 72.3355 72.3355 36.0892 120
1300 364.231 -311701 475.997 163603 72.3454 72.3454 36.0942 120
1400 362.585 -311702 -414.318 163668 72.3552 72.3552 36.099 120
1500 367.277 -311693 -291.843 163704 72.3604 72.3605 36.1016 120
1600 375.142 -311687 -1415.79 163715 72.362 72.362 36.1024 120
1700 379.713 -311693 -466.136 163701 72.36 72.36 36.1014 120
1800 373.972 -311700 739.762 163688 72.3581 72.3581 36.1005 120
1900 365.722 -311707 218.552 163691 72.3585 72.3585 36.1006 120
2000 363.979 -311710 -292.029 163690 72.3583 72.3583 36.1006 120
2100 373.215 -311715 129.062 163691 72.3585 72.3585 36.1007 120
2200 373.686 -311699 -1174.04 163705 72.3606 72.3606 36.1017 120
2300 374.719 -311694 -753.79 163717 72.3623 72.3623 36.1026 120
2400 370.928 -311698 502.058 163717 72.3623 72.3623 36.1026 120
2500 367.393 -311709 347.416 163723 72.3632 72.3632 36.103 120
2600 363.864 -311712 -181.168 163739 72.3655 72.3655 36.1042 120
2700 368.18 -311713 162.145 163734 72.3649 72.3649 36.1038 120
2800 373.143 -311707 -483.877 163731 72.3644 72.3644 36.1036 120
2900 373.754 -311697 58.44 163720 72.3627 72.3627 36.1028 120
3000 373.125 -311701 -628.811 163710 72.3613 72.3613 36.1021 120
3100 368.341 -311708 158.965 163699 72.3596 72.3596 36.1012 120
3200 368.271 -311721 1036.35 163700 72.3598 72.3598 36.1013 120
3300 367.497 -311719 -522.742 163712 72.3615 72.3615 36.1022 120
3400 371.12 -311715 192.762 163723 72.3632 72.3632 36.103 120
3500 372.703 -311705 -728.228 163733 72.3647 72.3647 36.1038 120
3600 373.418 -311706 138.493 163748 72.3668 72.3668 36.1048 120
3700 370.929 -311714 114.168 163770 72.3701 72.3701 36.1064 120
3800 369.156 -311726 905.244 163788 72.3727 72.3727 36.1078 120
3900 369.352 -311729 -395.223 163802 72.3748 72.3748 36.1088 120
4000 370.153 -311720 -285.007 163797 72.3741 72.3741 36.1085 120
4100 370.69 -311707 242.54 163777 72.3711 72.3711 36.107 120
4200 376.667 -311712 684.714 163752 72.3675 72.3675 36.1052 120
4300 373.336 -311715 395.37 163738 72.3654 72.3654 36.1041 120
4400 367.236 -311719 557.188 163742 72.366 72.366 36.1044 120
4500 363.402 -311722 -1058.01 163763 72.3691 72.3691 36.106 120
4600 369.975 -311730 192.951 163773 72.3705 72.3705 36.1067 120
4700 369.461 -311714 -521.668 163785 72.3723 72.3723 36.1075 120
4800 371.194 -311708 172.855 163798 72.3742 72.3742 36.1085 120
4900 373.901 -311716 421.536 163818 72.3772 72.3772 36.11 120
5000 370.472 -311724 -1211.64 163841 72.3806 72.3806 36.1117 120
5100 362.455 -311720 -1199.5 163849 72.3817 72.3817 36.1122 120
5200 365.185 -311724 385.498 163844 72.381 72.381 36.1119 120
5300 371.727 -311724 -325.159 163847 72.3814 72.3814 36.1121 120
5400 373.363 -311714 -742.513 163852 72.3822 72.3822 36.1125 120
5500 371.757 -311710 -659.413 163858 72.3832 72.3832 36.113 120
5600 366.804 -311714 -137.939 163857 72.3829 72.3829 36.1129 120
5700 367.085 -311727 -690.058 163849 72.3817 72.3817 36.1123 120
5800 367.747 -311730 387.666 163829 72.3788 72.3788 36.1108 120
5900 368.448 -311721 544.064 163814 72.3766 72.3766 36.1097 120
6000 371.206 -311713 848.504 163801 72.3747 72.3747 36.1087 120
6100 374.783 -311717 532.108 163806 72.3755 72.3755 36.1091 120
6200 368.183 -311716 -712.693 163827 72.3785 72.3785 36.1107 120
6300 367.813 -311730 388.144 163834 72.3796 72.3796 36.1112 120
6400 367.042 -311734 -183.372 163839 72.3803 72.3803 36.1116 120
6500 368.084 -311728 495.883 163851 72.3821 72.3821 36.1124 120
6600 372.619 -311723 -440.544 163865 72.3841 72.3841 36.1135 120
6700 374.538 -311719 441.101 163865 72.3841 72.3841 36.1134 120
6800 372.146 -311721 -84.0221 163861 72.3836 72.3836 36.1132 120
6900 370.113 -311731 247.597 163848 72.3817 72.3817 36.1122 120
7000 366.162 -311735 462.485 163835 72.3796 72.3796 36.1112 120
7100 364.357 -311728 560.461 163843 72.3809 72.3809 36.1119 120
7200 370.742 -311725 285.235 163855 72.3827 72.3827 36.1127 120
7300 370.353 -311713 789.048 163867 72.3845 72.3845 36.1136 120
7400 372.751 -311721 -324.89 163893 72.3882 72.3882 36.1155 120
7500 369.63 -311730 -13.5768 163902 72.3895 72.3895 36.1161 120
7600 367.499 -311738 490.347 163896 72.3887 72.3887 36.1158 120
7700 364.399 -311734 -1229.13 163895 72.3886 72.3886 36.1157 120
7800 370.248 -311733 430.106 163878 72.3861 72.3861 36.1144 120
7900 371.991 -311723 261.429 163879 72.3862 72.3862 36.1145 120
8000 372.701 -311723 247.288 163897 72.3889 72.3889 36.1158 120
8100 367.777 -311726 -654.407 163922 72.3925 72.3925 36.1176 120
8200 367.565 -311738 -704.167 163927 72.3933 72.3933 36.118 120
8300 367.279 -311742 444.41 163923 72.3927 72.3927 36.1177 120
8400 369.404 -311738 705.459 163932 72.394 72.394 36.1184 120
8500 370.388 -311728 -154.013 163944 72.3957 72.3957 36.1192 120
8600 374.799 -311729 754.091 163945 72.3959 72.3959 36.1193 120
8700 370.615 -311727 -166.028 163952 72.3969 72.3969 36.1198 120
8800 370.132 -311740 -177.757 163961 72.3983 72.3983 36.1205 120
8900 364.337 -311737 -877.671 163948 72.3964 72.3964 36.1196 120
9000 365.001 -311736 -589.366 163915 72.3915 72.3915 36.1171 120
9100 372.991 -311737 576.364 163885 72.3871 72.3871 36.1149 120
9200 372.207 -311726 511.558 163888 72.3874 72.3874 36.1151 120
9300 371.789 -311729 324.144 163906 72.3902 72.3902 36.1165 120
9400 368.533 -311734 -421.697 163935 72.3944 72.3944 36.1186 120
9500 365.101 -311738 -418.857 163959 72.398 72.398 36.1204 120
9600 369.925 -311745 -289.028 163963 72.3985 72.3985 36.1206 120
9700 371.47 -311737 351.55 163953 72.3971 72.3971 36.1199 120
9800 369.306 -311723 -88.3482 163949 72.3965 72.3965 36.1196 120
9900 372.41 -311729 -424.906 163964 72.3987 72.3987 36.1207 120
10000 370.801 -311735 149.379 163953 72.3971 72.3971 36.1199 120
10100 368.956 -311742 -521.746 163933 72.3942 72.3942 36.1185 120
10200 367.436 -311740 -40.6194 163914 72.3913 72.3913 36.1171 120
10300 369.801 -311737 163.299 163901 72.3895 72.3895 36.1161 120
10400 371.664 -311731 102.634 163895 72.3885 72.3885 36.1157 120
10500 374.2 -311734 62.5155 163894 72.3884 72.3884 36.1156 120
10600 368.946 -311731 -121.651 163897 72.3888 72.3888 36.1158 120
10700 367.822 -311738 -94.2926 163907 72.3903 72.3903 36.1165 120
10800 365.376 -311735 -556.159 163914 72.3914 72.3914 36.1171 120
10900 366.029 -311731 692.403 163912 72.391 72.391 36.1169 120
11000 369.513 -311730 -1198.02 163915 72.3915 72.3915 36.1171 120
11100 376.214 -311739 -603.261 163920 72.3921 72.3921 36.1175 120
11200 368.589 -311729 808.648 163924 72.3929 72.3929 36.1178 120
11300 372.233 -311743 -321.175 163934 72.3943 72.3943 36.1185 120
11400 366.212 -311736 687.614 163935 72.3944 72.3944 36.1186 120
11500 370.248 -311741 29.9844 163938 72.3949 72.3949 36.1188 120
11600 368.657 -311731 366.717 163941 72.3953 72.3953 36.119 120
11700 371.735 -311732 -269.825 163951 72.3968 72.3968 36.1198 120
11800 373.353 -311737 -331.84 163961 72.3982 72.3982 36.1205 120
11900 368.015 -311735 -730.222 163960 72.3982 72.3982 36.1205 120
12000 365.758 -311736 -873.116 163945 72.396 72.396 36.1194 120
12100 361.719 -311727 170.945 163929 72.3936 72.3936 36.1182 120
12200 370.096 -311736 -87.1143 163923 72.3926 72.3926 36.1177 120
12300 373.298 -311735 221.886 163915 72.3915 72.3915 36.1171 120
12400 372.539 -311735 497.247 163920 72.3922 72.3922 36.1175 120
12500 368.723 -311736 225.684 163925 72.3929 72.3929 36.1178 120
12600 368.447 -311742 139.252 163927 72.3933 72.3933 36.118 120
12700 367.751 -311740 184.232 163921 72.3923 72.3924 36.1176 120
12800 372.466 -311743 121.617 163927 72.3932 72.3932 36.118 120
12900 374.448 -311740 -380.655 163950 72.3966 72.3966 36.1197 120
13000 369.285 -311730 432.71 163968 72.3993 72.3993 36.121 120
13100 369.817 -311734 -446.646 163986 72.4019 72.4019 36.1223 120
13200 371.493 -311743 -750.692 163984 72.4016 72.4016 36.1222 120
13300 364.828 -311735 -549.183 163972 72.3999 72.3999 36.1213 120
13400 367.7 -311738 -159.422 163950 72.3966 72.3966 36.1197 120
13500 372.351 -311741 343.173 163930 72.3936 72.3936 36.1182 120
13600 370.909 -311735 2.42768 163918 72.3919 72.3919 36.1173 120
13700 370.876 -311736 289.236 163917 72.3918 72.3918 36.1173 120
13800 369.779 -311738 500.482 163917 72.3917 72.3917 36.1172 120
13900 372.562 -311747 191.044 163919 72.392 72.392 36.1174 120
14000 369.141 -311741 587.467 163924 72.3929 72.3929 36.1178 120
14100 373.016 -311745 314.321 163947 72.3962 72.3962 36.1195 120
14200 372.895 -311741 820.846 163968 72.3992 72.3992 36.121 120
14300 372.567 -311737 -538.76 163989 72.4024 72.4024 36.1226 120
14400 369.642 -311735 -419.569 163996 72.4034 72.4034 36.1231 120
14500 369.23 -311739 -1493.92 163993 72.403 72.403 36.1229 120
14600 367.237 -311735 435.963 163973 72.4001 72.4001 36.1214 120
14700 368.84 -311737 -172.356 163967 72.3991 72.3991 36.1209 120
14800 371.124 -311740 -761.133 163961 72.3982 72.3982 36.1205 120
14900 371.467 -311739 413.223 163933 72.3941 72.3941 36.1184 120
15000 371.149 -311740 527.934 163924 72.3928 72.3928 36.1178 120
15100 370.069 -311740 -88.6999 163933 72.3941 72.3941 36.1184 120
15200 366.457 -311734 346.746 163940 72.3952 72.3952 36.119 120
15300 373.3 -311746 -1125.36 163946 72.396 72.396 36.1194 120
15400 368.988 -311736 2023.41 163934 72.3943 72.3943 36.1185 120
15500 369.212 -311736 610.286 163949 72.3965 72.3965 36.1196 120
15600 372.596 -311743 521.041 163959 72.398 72.398 36.1204 120
15700 367.76 -311735 -935.395 163984 72.4016 72.4016 36.1222 120
15800 369.929 -311740 -305.797 163987 72.4021 72.4021 36.1224 120
15900 368.591 -311737 87.9807 163972 72.3999 72.3999 36.1213 120
16000 369.839 -311738 -637.816 163967 72.3991 72.3991 36.1209 120
16100 374.436 -311746 671.634 163951 72.3967 72.3967 36.1197 120
16200 369.431 -311737 -112.057 163951 72.3968 72.3968 36.1198 120
16300 369.786 -311741 393.775 163950 72.3967 72.3967 36.1197 120
16400 370.069 -311741 236.733 163955 72.3974 72.3974 36.1201 120
16500 369.248 -311738 -782.498 163946 72.3961 72.3961 36.1194 120
16600 369.738 -311738 624.658 163942 72.3954 72.3954 36.1191 120
16700 367.856 -311735 -851.476 163962 72.3984 72.3984 36.1206 120
16800 374.269 -311747 -548.361 163969 72.3995 72.3995 36.1211 120
16900 372.18 -311744 -1566.98 163970 72.3996 72.3996 36.1212 120
17000 369.127 -311739 669.576 163953 72.397 72.397 36.1199 120
17100 369.105 -311739 80.4914 163944 72.3958 72.3958 36.1193 120
17200 373.653 -311747 782.304 163948 72.3964 72.3964 36.1196 120
17300 369.839 -311741 175.674 163967 72.3991 72.3991 36.1209 120
17400 368.852 -311738 166.032 163969 72.3994 72.3994 36.1211 120
17500 372.377 -311742 452.062 163967 72.3992 72.3992 36.121 120
17600 371.547 -311740 -459.894 163969 72.3994 72.3994 36.1211 120
17700 373.333 -311744 251.099 163952 72.3969 72.3969 36.1198 120
17800 370.283 -311742 505.488 163940 72.3952 72.3952 36.119 120
17900 371.133 -311746 22.8106 163930 72.3938 72.3938 36.1183 120
18000 367.346 -311738 1381.55 163930 72.3937 72.3937 36.1183 120
18100 370.041 -311740 -932.917 163948 72.3964 72.3964 36.1196 120
18200 371.904 -311741 -461.52 163953 72.397 72.397 36.1199 120
18300 371.552 -311740 218.38 163950 72.3967 72.3967 36.1197 120
18400 370.824 -311741 -408.175 163947 72.3963 72.3963 36.1195 120
18500 368.981 -311742 56.131 163932 72.3939 72.3939 36.1183 120
18600 372.33 -311749 347.269 163920 72.3922 72.3922 36.1175 120
18700 370.872 -311745 510.157 163924 72.3928 72.3928 36.1178 120
18800 370.608 -311738 864.897 163938 72.3949 72.3949 36.1188 120
18900 370.466 -311736 -228.579 163972 72.3999 72.3999 36.1213 120
19000 372.034 -311742 -324.454 163987 72.4021 72.4021 36.1224 120
19100 369.86 -311743 136.415 163969 72.3994 72.3994 36.1211 120
19200 370.454 -311747 -242.609 163926 72.393 72.393 36.1179 120
19300 373.835 -311753 160.618 163881 72.3865 72.3865 36.1146 120
19400 367.721 -311737 645.631 163858 72.383 72.383 36.1129 120
19500 373.193 -311743 1291.85 163862 72.3836 72.3836 36.1132 120
19600 371.252 -311740 213.675 163902 72.3896 72.3896 36.1162 120
19700 370.353 -311743 -657.032 163954 72.3972 72.3973 36.12 120
19800 368.036 -311742 27.4663 163983 72.4015 72.4015 36.1221 120
19900 369.271 -311743 -407.288 163994 72.4031 72.4031 36.1229 120
20000 369.132 -311738 -213.882 163991 72.4027 72.4027 36.1227 120
20100 371.24 -311738 -575.26 163972 72.3999 72.3999 36.1213 120
20200 368.499 -311733 -564.301 163945 72.3958 72.3958 36.1193 120
20300 372.042 -311746 161.086 163911 72.3909 72.3909 36.1168 120
20400 364.868 -311737 -583.94 163887 72.3873 72.3873 36.115 120
20500 368.794 -311745 964.674 163872 72.3851 72.3851 36.114 120
20600 371.369 -311744 770.724 163883 72.3868 72.3868 36.1148 120
20700 370.468 -311738 906.387 163921 72.3924 72.3924 36.1176 120
20800 371.34 -311740 108.318 163982 72.4014 72.4014 36.1221 120
20900 369.38 -311740 -857.173 164034 72.409 72.409 36.1259 120
21000 366.023 -311740 -1360.78 164047 72.4109 72.4109 36.1268 120
21100 369.386 -311749 -915.049 164022 72.4073 72.4073 36.125 120
21200 371.131 -311745 -847.543 163977 72.4006 72.4006 36.1217 120
21300 374.194 -311742 385.538 163924 72.3929 72.3929 36.1178 120
21400 369.334 -311733 51.0976 163883 72.3867 72.3867 36.1147 120
21500 373.894 -311749 839.67 163866 72.3843 72.3843 36.1135 120
21600 367.893 -311741 494.187 163888 72.3875 72.3875 36.1151 120
21700 369.997 -311745 -349.51 163940 72.3952 72.3952 36.119 120
21800 367.703 -311740 -391.036 163995 72.4032 72.4032 36.123 120
21900 369.078 -311740 -437.583 164031 72.4085 72.4085 36.1256 120
22000 371.12 -311742 -1255.91 164039 72.4097 72.4097 36.1262 120
22100 371.347 -311740 -558.004 164013 72.4059 72.4059 36.1243 120
22200 371.717 -311741 -214.346 163964 72.3986 72.3986 36.1207 120
22300 369.216 -311743 85.0317 163925 72.393 72.393 36.1179 120
22400 370.606 -311752 419.703 163910 72.3907 72.3907 36.1167 120
22500 368.097 -311748 1213.54 163903 72.3898 72.3898 36.1163 120
22600 371.77 -311743 6.5483 163919 72.392 72.392 36.1174 120
22700 371.79 -311737 -73.9206 163941 72.3953 72.3953 36.119 120
22800 374.167 -311746 -413.836 163968 72.3993 72.3993 36.121 120
22900 370.695 -311746 271.313 163991 72.4026 72.4026 36.1227 120
23000 367.457 -311743 -235.176 164016 72.4063 72.4063 36.1245 120
23100 372.395 -311752 -1280.42 164043 72.4104 72.4104 36.1265 120
23200 369.931 -311745 -1385.62 164039 72.4097 72.4097 36.1262 120
23300 369.897 -311742 111.722 163991 72.4027 72.4027 36.1227 120
23400 371.119 -311741 828.618 163941 72.3953 72.3953 36.119 120
23500 371.763 -311738 -387.889 163913 72.3911 72.3911 36.117 120
23600 368.85 -311734 825.323 163885 72.3871 72.3871 36.1149 120
23700 368.858 -311744 927.346 163889 72.3876 72.3876 36.1152 120
23800 366.264 -311744 -355.313 163927 72.3933 72.3933 36.118 120
23900 370.543 -311749 -64.22 163975 72.4004 72.4004 36.1216 120
24000 370.279 -311737 -104.188 164025 72.4076 72.4076 36.1252 120
24100 370.983 -311736 -1630.73 164063 72.4133 72.4133 36.128 120
24200 371.61 -311741 -1013.41 164059 72.4126 72.4126 36.1277 120
24300 371.407 -311745 253.249 164023 72.4074 72.4074 36.125 120
24400 368.313 -311745 1019.74 163994 72.403 72.403 36.1229 120
24500 369.485 -311748 -183.605 163974 72.4002 72.4002 36.1215 120
24600 370.564 -311741 705.122 163954 72.3972 72.3972 36.12 120
24700 375.706 -311744 253.523 163945 72.3958 72.3958 36.1193 120
24800 371.561 -311741 -437.401 163949 72.3965 72.3965 36.1196 120
24900 370.218 -311747 9.90919 163960 72.3981 72.3981 36.1204 120
25000 367.502 -311743 1735.82 163985 72.4018 72.4018 36.1223 120
25100 370.953 -311748 -322.876 164011 72.4057 72.4057 36.1242 120
25200 372.771 -311748 -1286.21 164018 72.4067 72.4067 36.1247 120
25300 371.646 -311744 86.2057 163998 72.4037 72.4037 36.1232 120
25400 371.522 -311744 570.675 163977 72.4006 72.4006 36.1217 120
25500 369.577 -311742 632.513 163965 72.3989 72.3989 36.1208 120
25600 370.734 -311747 675.841 163963 72.3985 72.3985 36.1206 120
25700 368.913 -311747 -620.84 163976 72.4005 72.4005 36.1216 120
25800 366.704 -311746 -381.462 163987 72.4021 72.4021 36.1224 120
25900 366.572 -311739 -697.64 163982 72.4013 72.4013 36.122 120
26000 371.999 -311741 591.967 163967 72.3991 72.3991 36.1209 120
26100 373.058 -311742 49.3586 163961 72.3982 72.3982 36.1205 120
26200 368.698 -311743 1172.41 163970 72.3996 72.3996 36.1212 120
26300 366.432 -311747 -325.78 163995 72.4032 72.4032 36.123 120
26400 367.441 -311746 428.372 164000 72.404 72.404 36.1234 120
26500 367.859 -311741 -29.7085 163995 72.4032 72.4032 36.123 120
26600 371.683 -311743 -1251.36 163977 72.4006 72.4006 36.1217 120
26700 377.412 -311752 592.023 163944 72.3958 72.3958 36.1193 120
26800 370.817 -311749 30.329 163943 72.3956 72.3956 36.1192 120
26900 367.503 -311751 800.044 163950 72.3966 72.3966 36.1197 120
27000 367.843 -311748 -176.309 163970 72.3995 72.3995 36.1211 120
27100 370.753 -311744 698.934 163999 72.4039 72.4039 36.1233 120
27200 369.649 -311739 533.807 164030 72.4084 72.4084 36.1255 120
27300 368.667 -311739 -1283.89 164055 72.4121 72.4121 36.1274 120
27400 367.68 -311741 -1115.96 164059 72.4127 72.4127 36.1277 120
27500 367.736 -311753 -749.956 164047 72.4109 72.4109 36.1268 120
27600 366.569 -311756 -369.57 164024 72.4075 72.4075 36.1251 120
27700 365.349 -311746 236.892 163996 72.4034 72.4034 36.123 120
27800 369.612 -311746 135.724 163970 72.3996 72.3996 36.1212 120
27900 368.99 -311741 1007.6 163963 72.3986 72.3986 36.1207 120
28000 371.434 -311744 -156.262 163983 72.4015 72.4015 36.1221 120
28100 372.333 -311748 -695.173 164004 72.4046 72.4046 36.1236 120
28200 366.793 -311747 -555.501 164000 72.4041 72.4041 36.1234 120
28300 366.556 -311749 957.713 163987 72.402 72.402 36.1224 120
28400 370.111 -311746 121.918 163985 72.4017 72.4017 36.1222 120
28500 372.259 -311743 -485.638 163994 72.4032 72.4032 36.1229 120
28600 371.623 -311744 772.021 164013 72.4059 72.4059 36.1243 120
28700 371.821 -311750 -823.015 164037 72.4094 72.4094 36.1261 120
28800 368.254 -311747 477.33 164051 72.4115 72.4115 36.1271 120
28900 369.09 -311753 -256.036 164071 72.4145 72.4145 36.1286 120
29000 365.142 -311746 -314.062 164067 72.4138 72.4138 36.1283 120
29100 374.377 -311755 -536.892 164040 72.4099 72.4099 36.1263 120
29200 372.571 -311745 -267.059 163997 72.4036 72.4036 36.1232 120
29300 370.765 -311742 329.586 163968 72.3993 72.3993 36.121 120
29400 369.268 -311749 92.4832 163947 72.3962 72.3962 36.1195 120
29500 366.919 -311751 178.879 163944 72.3958 72.3958 36.1193 120
29600 369.875 -311753 -186.345 163970 72.3996 72.3996 36.1212 120
29700 370.771 -311750 -657.607 164008 72.4052 72.4052 36.124 120
29800 368.894 -311742 -904.424 164039 72.4097 72.4097 36.1262 120
29900 366.578 -311736 -138.22 164041 72.4101 72.4101 36.1264 120
30000 368.633 -311741 -249.313 164039 72.4097 72.4097 36.1262 120
30100 365.197 -311744 -1050.96 164029 72.4082 72.4082 36.1255 120
30200 365.503 -311748 -718.946 164001 72.4042 72.4042 36.1235 120
30300 370.25 -311752 746.203 163955 72.3973 72.3973 36.12 120
30400 372.903 -311748 1341.66 163936 72.3946 72.3946 36.1187 120
30500 369.616 -311741 139.605 163963 72.3985 72.3985 36.1206 120
30600 372.934 -311751 217.2 163998 72.4037 72.4037 36.1232 120
30700 371.796 -311753 -1219.11 164037 72.4095 72.4095 36.1261 120
30800 366.835 -311744 -1225.66 164054 72.4119 72.4119 36.1273 120
30900 371.586 -311751 -713.509 164048 72.411 72.411 36.1269 120
31000 370.571 -311748 -16.4659 164025 72.4077 72.4077 36.1252 120
31100 369.305 -311742 -626.666 164003 72.4044 72.4044 36.1236 120
31200 371.576 -311742 1162.39 163967 72.3992 72.3992 36.121 120
31300 367.008 -311738 -858.283 163953 72.397 72.397 36.1199 120
31400 366.432 -311747 823.185 163950 72.3966 72.3966 36.1197 120
31500 365.679 -311747 201.7 163965 72.3988 72.3988 36.1208 120
31600 369.537 -311750 316.649 163989 72.4024 72.4024 36.1226 120
31700 374.663 -311752 515.292 164025 72.4076 72.4076 36.1252 120
31800 374.019 -311745 -981.463 164059 72.4127 72.4127 36.1277 120
31900 373.568 -311738 -503.611 164077 72.4153 72.4153 36.129 120
32000 371.92 -311740 -5.90268 164075 72.415 72.415 36.1288 120
32100 370.797 -311750 -459.542 164051 72.4115 72.4115 36.1271 120
32200 369.029 -311752 250.25 164007 72.405 72.405 36.1239 120
32300 369.837 -311754 -7.47686 163958 72.3978 72.3978 36.1203 120
32400 371.887 -311750 549.765 163922 72.3925 72.3925 36.1176 120
32500 375.099 -311748 381.48 163910 72.3908 72.3908 36.1168 120
32600 371.939 -311745 646.412 163917 72.3918 72.3918 36.1173 120
32700 368.2 -311752 394.973 163951 72.3968 72.3968 36.1198 120
32800 368.288 -311753 117.525 163988 72.4022 72.4022 36.1224 120
32900 368.247 -311746 -910.081 164028 72.4081 72.4081 36.1254 120
33000 372.869 -311749 -871.81 164070 72.4144 72.4144 36.1285 120
33100 371.396 -311744 -843.681 164091 72.4174 72.4174 36.1301 120
33200 367.921 -311747 -220.146 164082 72.4161 72.4161 36.1294 120
33300 368.241 -311756 -827.563 164044 72.4105 72.4105 36.1266 120
33400 367.65 -311752 -640.597 164000 72.4039 72.4039 36.1233 120
33500 372.844 -311753 926.552 163959 72.3979 72.3979 36.1203 120
33600 372.571 -311751 396.385 163930 72.3937 72.3937 36.1182 120
33700 370.94 -311750 619.22 163912 72.391 72.391 36.1169 120
33800 368.095 -311747 1238.23 163924 72.3928 72.3928 36.1178 120
33900 366.431 -311748 306.611 163972 72.3999 72.3999 36.1213 120
34000 364.304 -311751 -836.548 164028 72.4081 72.4082 36.1254 120
34100 370.061 -311765 -1620.93 164070 72.4142 72.4142 36.1285 120
34200 368.381 -311750 -1488.03 164065 72.4135 72.4135 36.1281 120
34300 367.899 -311743 40.2927 164026 72.4079 72.4079 36.1253 120
34400 372.313 -311750 672.75 163983 72.4015 72.4015 36.1221 120
34500 368.863 -311746 1463.29 163961 72.3983 72.3983 36.1205 120
34600 365.24 -311750 27.8673 163964 72.3987 72.3987 36.1207 120
34700 367.867 -311757 408.708 163973 72.4001 72.4001 36.1214 120
34800 366.016 -311745 -24.6294 163990 72.4025 72.4025 36.1226 120
34900 370.291 -311747 -424.799 164014 72.406 72.406 36.1244 120
35000 368.647 -311744 -572.941 164030 72.4084 72.4084 36.1255 120
35100 371.454 -311751 423.335 164026 72.4078 72.4078 36.1253 120
35200 371.59 -311757 241.279 164010 72.4055 72.4055 36.1241 120
35300 367.13 -311754 407.753 163984 72.4016 72.4016 36.1222 120
35400 367.028 -311754 1014.79 163965 72.3989 72.3989 36.1208 120
35500 371.499 -311751 -376.138 163974 72.4002 72.4002 36.1215 120
35600 372.507 -311748 -286.687 163986 72.402 72.402 36.1224 120
35700 371.537 -311748 -208.802 163993 72.403 72.403 36.1229 120
35800 366.836 -311748 -205.291 163990 72.4025 72.4025 36.1226 120
35900 366.171 -311753 414.238 163986 72.402 72.402 36.1224 120
36000 368.886 -311755 -135.27 164013 72.4059 72.4059 36.1243 120
36100 369.401 -311751 -710.234 164050 72.4114 72.4114 36.127 120
36200 368.054 -311744 -1109.48 164070 72.4143 72.4143 36.1285 120
36300 371.394 -311746 55.5648 164066 72.4136 72.4136 36.1282 120
36400 370.887 -311747 -30.2502 164044 72.4105 72.4105 36.1266 120
36500 366.832 -311751 18.0722 164013 72.406 72.406 36.1244 120
36600 366.732 -311754 -1179.49 163983 72.4015 72.4015 36.1221 120
36700 369.444 -311752 1071.92 163943 72.3955 72.3955 36.1192 120
36800 369.637 -311746 257.646 163927 72.3933 72.3933 36.118 120
36900 369.949 -311746 483.744 163932 72.394 72.394 36.1184 120
37000 371.134 -311751 1027.47 163962 72.3984 72.3984 36.1206 120
37100 367.759 -311747 -528.94 164015 72.4062 72.4062 36.1245 120
37200 369.481 -311750 -88.1945 164054 72.4119 72.4119 36.1273 120
37300 370.764 -311752 -507.772 164079 72.4157 72.4157 36.1292 120
37400 368.292 -311746 -857.516 164091 72.4173 72.4173 36.13 120
37500 366.842 -311742 631.447 164066 72.4137 72.4137 36.1282 120
37600 369.058 -311747 -14.9169 164036 72.4093 72.4093 36.126 120
37700 372.367 -311750 -311.185 164001 72.4041 72.4041 36.1234 120
37800 371.535 -311749 375.075 163980 72.4011 72.4011 36.1219 120
37900 369.586 -311752 862.777 163975 72.4003 72.4003 36.1215 120
38000 366.469 -311752 -118.993 163987 72.4021 72.4021 36.1224 120
38100 370.058 -311760 690.98 164016 72.4064 72.4064 36.1245 120
38200 372.745 -311754 -65.1385 164053 72.4118 72.4118 36.1272 120
38300 373.231 -311748 -893.562 164071 72.4144 72.4144 36.1286 120
38400 367.723 -311742 -381.881 164061 72.4129 72.4129 36.1278 120
38500 371.254 -311757 822.662 164020 72.4069 72.4069 36.1248 120
38600 368.318 -311756 -924.966 163989 72.4023 72.4023 36.1225 120
38700 366.477 -311750 1340.06 163965 72.3988 72.3988 36.1208 120
38800 372.582 -311759 509.524 163967 72.3992 72.3992 36.121 120
38900 372.645 -311757 -85.9775 163991 72.4027 72.4027 36.1227 120
39000 372.098 -311755 63.5771 164018 72.4067 72.4067 36.1247 120
39100 370.311 -311752 -377.986 164048 72.4111 72.4111 36.1269 120
39200 368.661 -311756 -473.559 164067 72.4139 72.4139 36.1283 120
39300 366.53 -311755 -482.34 164073 72.4147 72.4147 36.1287 120
39400 367.715 -311752 -116.553 164053 72.4118 72.4118 36.1273 120
39500 366.667 -311741 840.625 164022 72.4073 72.4073 36.125 120
39600 370.025 -311747 -233.093 164014 72.4061 72.4061 36.1244 120
39700 369.867 -311752 400.086 164003 72.4045 72.4045 36.1236 120
39800 366.833 -311760 91.8347 164002 72.4042 72.4042 36.1235 120
39900 367.817 -311760 -102.064 163996 72.4034 72.4034 36.1231 120
40000 365.772 -311748 -159.96 163993 72.403 72.403 36.1229 120
40100 369.083 -311749 982.733 163989 72.4024 72.4024 36.1226 120
40200 371.353 -311751 -182.657 164011 72.4056 72.4056 36.1241 120
40300 372.401 -311758 -25.9981 164027 72.408 72.408 36.1253 120
40400 367.866 -311762 -225.413 164049 72.4112 72.4112 36.127 120
40500 369.106 -311762 -419.01 164071 72.4145 72.4145 36.1286 120
40600 371.393 -311757 397.438 164075 72.415 72.415 36.1288 120
40700 371.778 -311755 -883.085 164073 72.4148 72.4148 36.1287 120
40800 370.712 -311753 -350.053 164050 72.4114 72.4114 36.127 120
40900 368.921 -311751 335.155 164013 72.4059 72.4059 36.1243 120
41000 369.499 -311765 29.1413 163992 72.4029 72.4029 36.1228 120
41100 365.845 -311762 757.045 163977 72.4006 72.4006 36.1217 120
41200 367.619 -311757 -7.55334 163977 72.4006 72.4006 36.1217 120
41300 370.937 -311757 401.627 163974 72.4002 72.4002 36.1215 120
41400 370.066 -311753 333.184 163981 72.4011 72.4011 36.1219 120
41500 372.857 -311758 646.905 164002 72.4043 72.4043 36.1235 120
41600 370.019 -311757 -157.686 164038 72.4096 72.4096 36.1262 120
41700 368.719 -311763 57.9003 164065 72.4135 72.4135 36.1281 120
41800 365.31 -311757 -925.559 164077 72.4154 72.4154 36.129 120
41900 370.233 -311755 193.065 164064 72.4134 72.4134 36.1281 120
42000 370.002 -311751 1132.91 164044 72.4105 72.4105 36.1266 120
42100 372.768 -311758 611.034 164034 72.409 72.409 36.1259 120
42200 366.411 -311751 -677.24 164031 72.4085 72.4085 36.1256 120
42300 367.208 -311761 428.677 164024 72.4076 72.4076 36.1252 120
42400 366.248 -311767 840.226 164010 72.4055 72.4055 36.1241 120
42500 367.73 -311763 -127.971 164007 72.405 72.405 36.1238 120
42600 371.992 -311759 951.383 164024 72.4075 72.4075 36.1251 120
42700 369.35 -311750 -33.0487 164054 72.4119 72.4119 36.1273 120
42800 372.266 -311754 -426.006 164061 72.413 72.413 36.1279 120
42900 366.647 -311750 -1232.48 164051 72.4115 72.4115 36.1271 120
43000 369.529 -311764 -115.461 164026 72.4078 72.4078 36.1253 120
43100 368.663 -311761 590.701 163991 72.4026 72.4026 36.1227 120
43200 373.29 -311755 196.471 163970 72.3996 72.3996 36.1212 120
43300 370.052 -311747 951.564 163963 72.3985 72.3985 36.1206 120
43400 370.413 -311754 650.34 163976 72.4004 72.4004 36.1216 120
43500 367.016 -311754 413.843 164003 72.4044 72.4044 36.1236 120
43600 371.065 -311763 -599.767 164047 72.4109 72.4109 36.1268 120
43700 370.025 -311755 -497.244 164083 72.4162 72.4162 36.1295 120
43800 375.314 -311752 -425.46 164103 72.4192 72.4192 36.1309 120
43900 375.472 -311755 -493.858 164095 72.418 72.418 36.1304 120
44000 370.718 -311755 738.817 164058 72.4125 72.4125 36.1276 120
44100 367.838 -311755 -449.896 164007 72.4051 72.4051 36.1239 120
44200 368.367 -311755 -59.4057 163948 72.3963 72.3963 36.1195 120
44300 371.319 -311756 730.174 163893 72.3883 72.3883 36.1155 120
44400 374.512 -311749 1137.57 163872 72.3851 72.3851 36.1139 120
44500 374.799 -311751 1237.1 163902 72.3895 72.3895 36.1162 120
44600 376.583 -311763 1295.97 163976 72.4004 72.4004 36.1216 120
44700 368.759 -311752 -711.648 164086 72.4167 72.4167 36.1297 120
44800 369.636 -311755 -2039.65 164173 72.4294 72.4294 36.136 120
44900 371.084 -311760 -2549.08 164195 72.4327 72.4327 36.1377 120
45000 367.303 -311753 -1248.26 164140 72.4246 72.4246 36.1337 120
45100 368.339 -311750 -330.94 164049 72.4112 72.4112 36.127 120
45200 372.475 -311753 741.535 163944 72.3958 72.3958 36.1193 120
45300 370.378 -311752 1352.92 163877 72.3859 72.3859 36.1143 120
45400 365.262 -311754 1039.7 163861 72.3836 72.3836 36.1132 120
45500 369.373 -311765 1777.8 163896 72.3886 72.3886 36.1157 120
45600 363.903 -311749 -260.234 163979 72.4008 72.4008 36.1218 120
45700 370.428 -311756 -1493.1 164075 72.415 72.415 36.1289 120
45800 370.142 -311753 -1332.24 164138 72.4243 72.4243 36.1335 120
45900 368.85 -311751 -1128.87 164161 72.4277 72.4277 36.1352 120
46000 372.493 -311758 -1288.83 164138 72.4243 72.4243 36.1335 120
46100 370.035 -311760 -124.66 164071 72.4144 72.4144 36.1286 120
46200 367.468 -311767 365.155 163985 72.4017 72.4017 36.1222 120
46300 365.231 -311759 968.1 163892 72.3881 72.3881 36.1154 120
46400 370.075 -311758 1768.77 163838 72.3802 72.3802 36.1115 120
46500 370.578 -311757 1671.76 163865 72.3842 72.3842 36.1135 120
46600 369.504 -311753 309.897 163954 72.3973 72.3973 36.12 120
46700 370.265 -311754 -880.135 164066 72.4136 72.4136 36.1282 120
46800 367.555 -311752 -239.961 164166 72.4284 72.4284 36.1355 120
46900 366.885 -311755 -2121.57 164241 72.4395 72.4395 36.1411 120
47000 367.286 -311756 -2140.4 164236 72.4387 72.4387 36.1407 120
47100 371.364 -311754 -643.242 164145 72.4253 72.4253 36.134 120
47200 372.008 -311750 -513.24 164014 72.4061 72.4061 36.1244 120
47300 372.054 -311754 1507.95 163883 72.3867 72.3867 36.1147 120
47400 371.886 -311761 1087.55 163811 72.3762 72.3762 36.1095 120
47500 367.523 -311754 1247.44 163811 72.3762 72.3762 36.1095 120
47600 367.692 -311754 97.2353 163888 72.3876 72.3876 36.1152 120
47700 367.768 -311752 221.049 163993 72.4029 72.4029 36.1228 120
47800 368.85 -311746 733.407 164101 72.4189 72.4189 36.1308 120
47900 375.112 -311750 -1046.93 164194 72.4325 72.4325 36.1376 120
48000 371.971 -311748 -1069.44 164239 72.4391 72.4391 36.1409 120
48100 368.064 -311753 -1218.46 164207 72.4344 72.4344 36.1385 120
48200 367.757 -311754 -657.011 164104 72.4193 72.4193 36.131 120
48300 371.198 -311759 234.958 163984 72.4017 72.4017 36.1222 120
48400 367.978 -311748 1428.54 163878 72.386 72.386 36.1144 120
48500 369.45 -311745 1623.76 163835 72.3797 72.3797 36.1113 120
48600 370.608 -311748 1453.87 163870 72.3848 72.3848 36.1138 120
48700 366.813 -311753 425.69 163970 72.3996 72.3996 36.1212 120
48800 367.463 -311757 -569.937 164080 72.4157 72.4157 36.1292 120
48900 369.793 -311756 -1224.26 164156 72.4269 72.4269 36.1348 120
49000 371.506 -311751 -1332.94 164180 72.4305 72.4305 36.1366 120
49100 372.173 -311749 -690.891 164155 72.4268 72.4268 36.1347 120
49200 369.25 -311753 -267.912 164098 72.4184 72.4184 36.1305 120
49300 368.314 -311761 337.511 164027 72.408 72.408 36.1254 120
49400 370.933 -311765 742.615 163968 72.3993 72.3993 36.121 120
49500 371.847 -311758 2166.21 163935 72.3944 72.3944 36.1186 120
49600 370.621 -311751 912.496 163947 72.3962 72.3962 36.1195 120
49700 373.317 -311757 -297.111 163982 72.4014 72.4014 36.1221 120
49800 369.387 -311764 18.6639 164015 72.4062 72.4062 36.1245 120
49900 366.632 -311762 545.87 164054 72.4119 72.4119 36.1273 120
50000 369.199 -311761 -329.337 164095 72.4179 72.4179 36.1303 120
50100 369.769 -311754 -152.169 164121 72.4218 72.4218 36.1322 120
50200 369.576 -311751 -569.423 164120 72.4217 72.4217 36.1322 120
50300 370.406 -311754 -190.981 164089 72.4171 72.4171 36.1299 120
50400 366.942 -311759 725.703 164036 72.4093 72.4093 36.126 120
50500 365.566 -311763 -27.1137 163989 72.4024 72.4024 36.1226 120
50600 369.404 -311763 678.87 163951 72.3967 72.3967 36.1197 120
50700 368.938 -311756 1205.51 163932 72.394 72.394 36.1184 120
50800 368.268 -311752 1225.46 163964 72.3986 72.3986 36.1207 120
50900 369.167 -311755 -295.737 164037 72.4094 72.4094 36.1261 120
51000 370.069 -311760 -595.622 164123 72.4221 72.4221 36.1324 120
51100 364.832 -311761 -1145.51 164182 72.4307 72.4307 36.1367 120
51200 366.042 -311764 -1109.81 164187 72.4314 72.4314 36.1371 120
51300 371.686 -311763 -1380.01 164139 72.4245 72.4245 36.1336 120
51400 370.967 -311758 -781.405 164053 72.4118 72.4118 36.1272 120
51500 370.302 -311755 525.722 163965 72.3989 72.3989 36.1208 120
51600 365.561 -311748 1494.2 163912 72.391 72.391 36.1169 120
51700 369.518 -311761 90.1971 163901 72.3894 72.3894 36.1161 120
51800 367.359 -311764 1247.35 163919 72.3921 72.3921 36.1174 120
51900 367.326 -311762 26.8253 163979 72.4009 72.4009 36.1218 120
52000 375.088 -311764 77.546 164036 72.4094 72.4094 36.126 120
52100 371.832 -311755 -761.693 164092 72.4176 72.4176 36.1301 120
52200 373.942 -311762 435.467 164129 72.423 72.423 36.1328 120
52300 364.78 -311752 -569.317 164140 72.4246 72.4246 36.1336 120
52400 364.8 -311759 -0.771776 164109 72.42 72.42 36.1313 120
52500 364.664 -311764 -21.0891 164059 72.4126 72.4126 36.1277 120
52600 367.131 -311760 -19.1213 164014 72.4061 72.4061 36.1244 120
52700 371.405 -311758 215.547 163974 72.4002 72.4002 36.1215 120
52800 372.879 -311758 982.048 163951 72.3967 72.3967 36.1197 120
52900 369.305 -311755 1052.29 163968 72.3993 72.3993 36.121 120
53000 370.373 -311765 188.388 164009 72.4053 72.4054 36.124 120
53100 365.747 -311760 -408.065 164053 72.4118 72.4118 36.1273 120
53200 367.248 -311752 -42.1763 164091 72.4174 72.4174 36.1301 120
53300 371.569 -311752 -507.73 164117 72.4211 72.4211 36.1319 120
53400 369.504 -311751 -1278.97 164119 72.4215 72.4215 36.1321 120
53500 367.163 -311755 -1122.22 164089 72.4171 72.4171 36.1299 120
53600 367.889 -311761 -105.475 164026 72.4079 72.4079 36.1253 120
53700 368.818 -311759 64.2424 163966 72.399 72.399 36.1209 120
53800 372.326 -311751 1226.93 163935 72.3944 72.3944 36.1186 120
53900 373.883 -311755 215.289 163949 72.3965 72.3965 36.1196 120
54000 371.082 -311756 778.59 163996 72.4034 72.4034 36.1231 120
54100 372.011 -311764 642.472 164061 72.4129 72.4129 36.1278 120
54200 368.785 -311758 -1482.4 164133 72.4235 72.4235 36.1331 120
54300 369.343 -311756 -1654.81 164162 72.4278 72.4278 36.1352 120
54400 372.69 -311753 -613.694 164159 72.4273 72.4273 36.135 120
54500 371.567 -311745 -1433.11 164123 72.4222 72.4222 36.1324 120
54600 371.541 -311753 294.739 164044 72.4105 72.4105 36.1266 120
54700 372.251 -311761 1600.47 163961 72.3982 72.3982 36.1205 120
54800 371.258 -311763 1478.02 163919 72.392 72.392 36.1174 120
54900 369.812 -311761 120.632 163930 72.3937 72.3937 36.1182 120
55000 372.008 -311761 -309.64 163963 72.3986 72.3986 36.1207 120
55100 375.819 -311759 153.011 164013 72.4059 72.4059 36.1243 120
55200 374.781 -311756 -575.844 164080 72.4158 72.4158 36.1292 120
55300 371.558 -311761 -1056.19 164130 72.4232 72.4232 36.1329 120
55400 371.241 -311766 137.386 164150 72.426 72.426 36.1343 120
55500 366.82 -311754 -663.801 164139 72.4245 72.4245 36.1336 120
55600 366.711 -311749 305.966 164087 72.4168 72.4168 36.1297 120
55700 370.938 -311752 -39.0817 164023 72.4074 72.4074 36.125 120
55800 375.826 -311751 853.235 163961 72.3982 72.3982 36.1205 120
55900 374.331 -311750 1532.57 163933 72.3942 72.3942 36.1185 120
56000 372.373 -311760 1104.28 163965 72.3988 72.3988 36.1208 120
56100 370.461 -311761 343.289 164029 72.4083 72.4083 36.1255 120
56200 367.68 -311759 26.9168 164089 72.4171 72.4171 36.1299 120
56300 372.161 -311765 -623.674 164132 72.4234 72.4234 36.1331 120
56400 373.293 -311760 -823.113 164148 72.4258 72.4258 36.1342 120
56500 372.916 -311754 -1336.52 164137 72.4242 72.4242 36.1334 120
56600 372.926 -311760 -426.019 164096 72.4182 72.4182 36.1304 120
56700 370.199 -311766 -394.531 164031 72.4085 72.4085 36.1256 120
56800 368.86 -311763 1308.2 163967 72.3992 72.3992 36.121 120
56900 367.923 -311760 315.418 163949 72.3965 72.3965 36.1196 120
57000 371.266 -311758 1465.33 163971 72.3997 72.3997 36.1212 120
57100 373.9 -311756 -199.189 164029 72.4082 72.4082 36.1255 120
57200 374.417 -311761 -138.204 164092 72.4176 72.4176 36.1302 120
57300 370.704 -311767 217.279 164134 72.4236 72.4236 36.1332 120
57400 369.328 -311766 -628.711 164152 72.4264 72.4264 36.1345 120
57500 369.609 -311762 -1679.64 164140 72.4245 72.4245 36.1336 120
57600 370.362 -311755 418.74 164080 72.4158 72.4158 36.1293 120
57700 372.043 -311758 -116.423 164031 72.4085 72.4085 36.1256 120
57800 367.441 -311761 -346.827 163990 72.4025 72.4025 36.1226 120
57900 367.181 -311768 -1175.98 163972 72.3999 72.3999 36.1213 120
58000 364.983 -311757 661.974 163962 72.3984 72.3984 36.1206 120
58100 369.097 -311757 364.803 163988 72.4022 72.4022 36.1225 120
58200 373.23 -311762 727.824 164028 72.4081 72.4081 36.1254 120
58300 372.623 -311764 214.815 164064 72.4134 72.4134 36.1281 120
58400 367.803 -311768 -643.251 164099 72.4186 72.4186 36.1307 120
58500 365.413 -311764 -1020.73 164111 72.4203 72.4203 36.1315 120
58600 370.271 -311765 -49.1014 164097 72.4183 72.4183 36.1305 120
58700 368.996 -311757 -607.743 164077 72.4153 72.4153 36.129 120
58800 372.288 -311763 -85.4192 164048 72.4111 72.4111 36.1269 120
58900 371.291 -311763 304.034 164022 72.4072 72.4072 36.125 120
59000 371.499 -311773 -4.01122 164008 72.4051 72.4051 36.1239 120
59100 364.993 -311770 -776.779 163998 72.4037 72.4037 36.1232 120
59200 367.451 -311767 525.209 163989 72.4024 72.4024 36.1226 120
59300 369.759 -311764 1761.16 163995 72.4032 72.4032 36.123 120
59400 370.835 -311762 -222.586 164035 72.4091 72.4091 36.1259 120
59500 369.828 -311758 -70.0927 164069 72.4141 72.4141 36.1284 120
59600 371.383 -311761 -1073.71 164082 72.4161 72.4161 36.1294 120
59700 370.829 -311766 -41.8225 164059 72.4127 72.4127 36.1277 120
59800 367.428 -311767 -191.967 164019 72.4068 72.4068 36.1248 120
59900 367.199 -311764 330.726 163993 72.4029 72.4029 36.1228 120
60000 370.944 -311761 522.697 163986 72.4019 72.4019 36.1223 120
60100 372.59 -311761 687.728 163999 72.4038 72.4038 36.1233 120
60200 369.564 -311758 154.001 164032 72.4087 72.4087 36.1257 120
60300 370.683 -311765 -705.868 164078 72.4155 72.4155 36.1291 120
60400 372.053 -311772 -27.3631 164111 72.4203 72.4203 36.1315 120
60500 368.35 -311775 11.6822 164116 72.4211 72.4211 36.1319 120
60600 365.724 -311769 -171.775 164094 72.4179 72.4179 36.1303 120
60700 367.114 -311760 277.133 164051 72.4114 72.4114 36.1271 120
60800 372.155 -311765 -106.7 164002 72.4042 72.4042 36.1235 120
60900 369.097 -311757 628.218 163969 72.3994 72.3994 36.1211 120
61000 369.167 -311756 422.944 163962 72.3985 72.3985 36.1206 120
61100 369.858 -311761 81.4526 163980 72.401 72.401 36.1219 120
61200 372.302 -311774 -878.559 164016 72.4063 72.4063 36.1245 120
61300 366.494 -311764 -463.333 164044 72.4104 72.4104 36.1266 120
61400 370.151 -311761 352.928 164072 72.4145 72.4145 36.1286 120
61500 372.28 -311758 -1034.99 164105 72.4194 72.4194 36.1311 120
61600 367.626 -311752 145.5 164116 72.421 72.4211 36.1319 120
61700 366.798 -311755 -1587.88 164105 72.4195 72.4195 36.1311 120
61800 369.208 -311765 321.14 164063 72.4133 72.4133 36.128 120
61900 369.008 -311770 600.691 164018 72.4066 72.4066 36.1247 120
62000 362.618 -311766 649.697 163990 72.4025 72.4025 36.1226 120
62100 367.089 -311767 467.559 163991 72.4027 72.4027 36.1227 120
62200 372.678 -311767 359.607 164000 72.404 72.404 36.1234 120
62300 368.896 -311757 875.42 164014 72.406 72.406 36.1244 120
62400 370.605 -311758 -151.373 164035 72.4091 72.4091 36.1259 120
62500 370.089 -311760 -984.22 164048 72.411 72.411 36.1269 120
62600 368.818 -311767 870.142 164048 72.411 72.411 36.1269 120
62700 364.963 -311762 -603.525 164062 72.4131 72.4131 36.1279 120
62800 370.471 -311763 -759.998 164069 72.4141 72.4141 36.1284 120
62900 367.076 -311750 -308.154 164062 72.4131 72.4131 36.1279 120
63000 370.106 -311759 92.1986 164040 72.4098 72.4098 36.1263 120
63100 367.832 -311760 745.325 164021 72.407 72.407 36.1249 120
63200 369.013 -311769 328.369 164022 72.4072 72.4072 36.125 120
63300 370.164 -311771 366.781 164032 72.4087 72.4087 36.1257 120
63400 371.805 -311763 329.205 164050 72.4114 72.4114 36.1271 120
63500 373.131 -311759 -696.557 164074 72.4148 72.4148 36.1288 120
63600 371.91 -311760 -1116.02 164067 72.4138 72.4138 36.1283 120
63700 370.711 -311767 -435.209 164054 72.4119 72.4119 36.1273 120
63800 369.637 -311769 -266.701 164038 72.4096 72.4096 36.1261 120
63900 368.046 -311763 226.487 164025 72.4077 72.4077 36.1252 120
64000 370.042 -311763 -66.901 164025 72.4077 72.4077 36.1252 120
64100 369.845 -311761 -546.983 164033 72.4089 72.4089 36.1258 120
64200 367.476 -311757 576.929 164028 72.4081 72.4081 36.1254 120
64300 369.55 -311762 237.893 164028 72.4081 72.4081 36.1254 120
64400 368.89 -311771 726.874 164042 72.4102 72.4102 36.1265 120
64500 370.924 -311778 -252.704 164063 72.4132 72.4132 36.128 120
64600 369.966 -311767 -330.838 164070 72.4142 72.4142 36.1285 120
64700 368.13 -311757 -933.906 164060 72.4128 72.4128 36.1277 120
64800 371.665 -311763 35.379 164040 72.4098 72.4098 36.1263 120
64900 372.458 -311767 564.148 164025 72.4077 72.4077 36.1252 120
65000 368.096 -311765 76.2898 164017 72.4065 72.4065 36.1246 120
65100 368.833 -311773 1192.57 164006 72.4049 72.4049 36.1238 120
65200 366.619 -311765 -375.454 163996 72.4034 72.4034 36.1231 120
65300 370.19 -311760 404.224 163999 72.4039 72.4039 36.1233 120
65400 372.34 -311763 802.81 164016 72.4063 72.4063 36.1245 120
65500 373.595 -311770 -196.485 164045 72.4107 72.4107 36.1267 120
65600 370.099 -311770 -17.1228 164064 72.4135 72.4135 36.1281 120
65700 368.33 -311770 -1207.15 164087 72.4168 72.4168 36.1298 120
65800 367.598 -311765 -154.279 164087 72.4169 72.4169 36.1298 120
65900 371.033 -311760 -569.664 164079 72.4156 72.4156 36.1292 120
66000 372.533 -311760 698.332 164073 72.4147 72.4147 36.1287 120
66100 375.216 -311771 56.6155 164079 72.4157 72.4157 36.1292 120
66200 370.631 -311772 -829.375 164086 72.4167 72.4167 36.1297 120
66300 370.613 -311772 224.038 164069 72.4142 72.4142 36.1285 120
66400 370.065 -311768 274.308 164056 72.4122 72.4122 36.1275 120
66500 376.194 -311776 903.904 164063 72.4133 72.4133 36.128 120
66600 370.211 -311763 -429.398 164084 72.4164 72.4164 36.1295 120
66700 370.17 -311764 -764.963 164088 72.4169 72.4169 36.1298 120
66800 370.024 -311764 711.956 164067 72.4138 72.4138 36.1283 120
66900 370.392 -311766 506.828 164042 72.4101 72.4101 36.1264 120
67000 370.07 -311769 130.592 164030 72.4083 72.4083 36.1255 120
67100 366.463 -311774 605.209 164039 72.4098 72.4098 36.1262 120
67200 367.848 -311774 -318.928 164069 72.4142 72.4142 36.1284 120
67300 368.969 -311764 -489.7 164105 72.4195 72.4195 36.1311 120
67400 369.291 -311761 -1164.33 164126 72.4226 72.4226 36.1326 120
67500 372.22 -311766 -829.497 164121 72.4218 72.4218 36.1322 120
67600 370.531 -311766 1143.08 164083 72.4162 72.4162 36.1294 120
67700 365.051 -311767 131.127 164042 72.4101 72.4101 36.1264 120
67800 366.486 -311772 628.057 164005 72.4048 72.4048 36.1237 120
67900 371.157 -311772 625.876 164001 72.4041 72.4041 36.1234 120
68000 372.382 -311767 -643.323 164033 72.4089 72.4089 36.1258 120
68100 370.581 -311765 331.219 164073 72.4148 72.4148 36.1288 120
68200 373.75 -311773 -549.474 164114 72.4208 72.4208 36.1317 120
68300 370.338 -311772 -808.352 164132 72.4234 72.4234 36.1331 120
68400 369.006 -311774 -1342.27 164133 72.4236 72.4236 36.1331 120
68500 369.834 -311773 -579.823 164096 72.4181 72.4181 36.1304 120
68600 369.985 -311761 644.302 164044 72.4104 72.4104 36.1266 120
68700 373.574 -311766 784.713 164011 72.4057 72.4057 36.1242 120
68800 370.497 -311765 253.448 164013 72.4059 72.4059 36.1243 120
68900 371.895 -311776 378.692 164030 72.4084 72.4084 36.1256 120
69000 368.117 -311771 430.669 164052 72.4117 72.4117 36.1272 120
69100 371.675 -311764 -175.445 164079 72.4157 72.4157 36.1292 120
69200 372.651 -311760 -1037.48 164112 72.4205 72.4205 36.1316 120
69300 370.948 -311762 -120.896 164136 72.424 72.424 36.1333 120
69400 373.278 -311775 -542.668 164148 72.4258 72.4258 36.1343 120
69500 370.229 -311772 840.623 164134 72.4237 72.4237 36.1332 120
69600 370.829 -311771 -506.567 164095 72.418 72.418 36.1303 120
69700 371.741 -311759 600.181 164036 72.4093 72.4093 36.126 120
69800 372.556 -311759 669.989 164007 72.4051 72.4051 36.1239 120
69900 372.543 -311766 1466.96 164012 72.4058 72.4058 36.1243 120
70000 369.986 -311767 109.596 164066 72.4136 72.4136 36.1282 120
70100 368.276 -311767 -255.978 164132 72.4235 72.4235 36.1331 120
70200 369.921 -311768 -1284.89 164182 72.4307 72.4307 36.1367 120
70300 375.615 -311769 -4.41455 164182 72.4308 72.4308 36.1367 120
70400 374.042 -311760 -216.274 164141 72.4247 72.4247 36.1337 120
70500 371.669 -311762 843.766 164090 72.4172 72.4172 36.13 120
70600 369.616 -311764 1074.93 164058 72.4126 72.4126 36.1276 120
70700 371.254 -311771 151.101 164050 72.4114 72.4114 36.127 120
70800 368.962 -311768 -177.735 164063 72.4133 72.4133 36.128 120
70900 369.695 -311768 -796.127 164082 72.416 72.416 36.1294 120
71000 375.337 -311772 51.0892 164095 72.418 72.418 36.1304 120
71100 371.712 -311760 64.6134 164113 72.4207 72.4207 36.1317 120
71200 368.965 -311761 105.618 164130 72.4232 72.4232 36.1329 120
71300 370.552 -311773 352.126 164118 72.4213 72.4213 36.132 120
71400 368.466 -311770 615.301 164101 72.4188 72.4188 36.1308 120
71500 372.743 -311775 45.2265 164088 72.4169 72.4169 36.1298 120
71600 371.275 -311766 -700.348 164066 72.4138 72.4138 36.1282 120
71700 370.226 -311757 -642.306 164037 72.4094 72.4094 36.1261 120
71800 378.538 -311764 102.012 164010 72.4055 72.4055 36.1241 120
71900 373.5 -311762 610.335 164015 72.4062 72.4062 36.1245 120
72000 372.131 -311770 80.2417 164051 72.4115 72.4115 36.1271 120
72100 368.097 -311767 -327.472 164101 72.4189 72.4189 36.1308 120
72200 371.439 -311775 3.58072 164139 72.4245 72.4245 36.1336 120
72300 366.875 -311764 204.103 164155 72.4268 72.4268 36.1347 120
72400 370.371 -311762 -219.84 164148 72.4257 72.4257 36.1342 120
72500 373.908 -311764 -738.373 164140 72.4246 72.4246 36.1336 120
72600 366.146 -311759 -359.253 164125 72.4224 72.4224 36.1326 120
72700 368.764 -311773 -215.662 164098 72.4184 72.4184 36.1306 120
72800 369.937 -311773 301.919 164076 72.4151 72.4151 36.1289 120
72900 370.826 -311770 -362.469 164061 72.413 72.413 36.1279 120
73000 372.384 -311767 -351.256 164060 72.4128 72.4128 36.1278 120
73100 369.599 -311759 226.652 164082 72.4161 72.4161 36.1294 120
73200 372.727 -311773 90.4923 164122 72.4219 72.4219 36.1323 120
73300 368.738 -311773 593.877 164148 72.4258 72.4258 36.1342 120
73400 368.005 -311773 -1182.01 164164 72.4282 72.4282 36.1354 120
73500 369.369 -311766 -727.084 164148 72.4258 72.4258 36.1342 120
73600 375.073 -311772 -395.769 164108 72.4199 72.4199 36.1313 120
73700 373.815 -311772 -412.03 164070 72.4143 72.4143 36.1285 120
73800 367.764 -311765 594.113 164043 72.4104 72.4104 36.1265 120
73900 366.776 -311764 574.933 164040 72.4099 72.4099 36.1263 120
74000 369.615 -311772 -754.849 164055 72.412 72.412 36.1274 120
74100 371.022 -311774 230.092 164069 72.4141 72.4141 36.1284 120
74200 371.473 -311772 70.8961 164093 72.4176 72.4176 36.1302 120
74300 373.639 -311773 458.857 164118 72.4213 72.4213 36.132 120
74400 372.965 -311771 -193.295 164145 72.4253 72.4253 36.134 120
74500 372.577 -311776 373.125 164164 72.4281 72.4281 36.1354 120
74600 364.976 -311769 -834.382 164180 72.4304 72.4304 36.1366 120
74700 367.001 -311773 -1660.98 164173 72.4295 72.4295 36.1361 120
74800 370.241 -311766 1094.44 164129 72.4229 72.4229 36.1328 120
74900 373.136 -311768 84.8984 164091 72.4174 72.4174 36.13 120
75000 368.891 -311765 641.946 164069 72.4141 72.4141 36.1284 120
75100 368.162 -311772 -340.833 164071 72.4144 72.4144 36.1285 120
75200 367.653 -311774 91.356 164077 72.4153 72.4153 36.129 120
75300 371.602 -311776 405.518 164093 72.4177 72.4177 36.1302 120
75400 372.447 -311764 -246.048 164128 72.4229 72.4229 36.1328 120
75500 373.702 -311763 32.0023 164173 72.4294 72.4294 36.136 120
75600 372.564 -311769 -659.431 164210 72.435 72.435 36.1388 120
75700 371.744 -311775 -605.061 164223 72.4368 72.4368 36.1397 120
75800 370.596 -311776 -1731.47 164196 72.4329 72.4329 36.1378 120
75900 369.817 -311775 -53.1842 164119 72.4215 72.4215 36.1321 120
76000 370.836 -311770 863.828 164039 72.4098 72.4098 36.1263 120
76100 372.397 -311765 1275.28 163986 72.4019 72.4019 36.1223 120
76200 370.456 -311766 1003.07 163986 72.4019 72.4019 36.1223 120
76300 369.588 -311773 380.874 164037 72.4094 72.4094 36.1261 120
76400 367.644 -311770 189.796 164119 72.4215 72.4215 36.1321 120
76500 370.808 -311775 -426.845 164203 72.4339 72.4339 36.1383 120
76600 369.434 -311766 -1524.86 164255 72.4416 72.4416 36.1421 120
76700 371.966 -311761 -864.414 164259 72.4422 72.4422 36.1424 120
76800 376.686 -311770 -1017.66 164207 72.4344 72.4344 36.1385 120
76900 370.301 -311772 863.165 164108 72.4198 72.4198 36.1313 120
77000 369.298 -311773 614.214 164026 72.4078 72.4078 36.1253 120
77100 368.31 -311772 1543.74 163974 72.4002 72.4002 36.1215 120
77200 371.67 -311777 763.514 163987 72.4021 72.4021 36.1224 120
77300 367.775 -311765 -103.489 164050 72.4114 72.4114 36.127 120
77400 370.342 -311764 -522.231 164127 72.4227 72.4227 36.1327 120
77500 368.039 -311758 271.115 164200 72.4334 72.4334 36.138 120
77600 373.006 -311777 -1186.99 164256 72.4417 72.4417 36.1422 120
77700 368.541 -311774 -1856 164267 72.4433 72.4433 36.143 120
77800 369.191 -311774 -1028.27 164232 72.4381 72.4381 36.1404 120
77900 371.171 -311771 674.522 164153 72.4264 72.4264 36.1346 120
78000 371.857 -311766 1445.52 164065 72.4136 72.4136 36.1282 120
78100 375.672 -311767 1150.68 164003 72.4044 72.4044 36.1235 120
78200 372.734 -311764 1634.79 163978 72.4007 72.4007 36.1217 120
78300 374.245 -311780 566.743 163996 72.4034 72.4034 36.1231 120
78400 371.473 -311780 1516.45 164051 72.4115 72.4115 36.1271 120
78500 368.512 -311775 -352.095 164146 72.4255 72.4255 36.1341 120
78600 372.624 -311777 -1358.87 164232 72.4381 72.4381 36.1404 120
78700 370.181 -311762 -1192.93 164266 72.4432 72.4432 36.1429 120
78800 373.079 -311767 -599.075 164251 72.4409 72.4409 36.1418 120
78900 371.157 -311772 -1558.23 164191 72.4321 72.4321 36.1374 120
79000 370.138 -311774 933.282 164112 72.4205 72.4205 36.1316 120
79100 371.15 -311775 1049.78 164037 72.4095 72.4095 36.1261 120
79200 372.764 -311778 1354.88 163995 72.4032 72.4032 36.123 120
79300 371.344 -311775 1645.83 164012 72.4058 72.4058 36.1243 120
79400 375.217 -311780 -24.9182 164085 72.4166 72.4166 36.1296 120
79500 374.028 -311780 -364.096 164165 72.4283 72.4283 36.1355 120
79600 368.246 -311774 -970.115 164239 72.4392 72.4392 36.1409 120
79700 369.808 -311780 -1354.02 164276 72.4445 72.4445 36.1436 120
79800 366.517 -311768 -1259.84 164258 72.442 72.442 36.1423 120
79900 369.702 -311764 -222.332 164195 72.4327 72.4327 36.1377 120
80000 372.751 -311770 819.085 164096 72.4181 72.4181 36.1304 120
80100 371.696 -311776 1102.12 164015 72.4061 72.4061 36.1244 120
80200 367.646 -311773 476.927 163980 72.4011 72.4011 36.1219 120
80300 371.058 -311779 1447.61 163988 72.4023 72.4023 36.1225 120
80400 367.516 -311770 982.406 164060 72.4128 72.4128 36.1277 120
80500 367.59 -311765 1058.44 164175 72.4297 72.4297 36.1362 120
80600 371.796 -311766 -1420.44 164284 72.4458 72.4458 36.1442 120
80700 372.688 -311760 -1472.25 164334 72.453 72.453 36.1478 120
80800 373.185 -311770 -909.567 164309 72.4495 72.4495 36.1461 120
80900 371.78 -311777 -419.742 164223 72.4368 72.4368 36.1398 120
81000 368.129 -311773 735.42 164108 72.4199 72.4199 36.1313 120
81100 368.245 -311774 1533.78 164013 72.4059 72.4059 36.1243 120
81200 369.47 -311773 1671.81 163969 72.3994 72.3994 36.1211 120
81300 376.008 -311778 894.811 163988 72.4022 72.4022 36.1225 120
81400 372.97 -311770 399.458 164051 72.4115 72.4115 36.1271 120
81500 371.058 -311776 360.609 164127 72.4226 72.4226 36.1327 120
81600 365.966 -311773 -882.378 164219 72.4362 72.4362 36.1394 120
81700 366.783 -311771 -1962.64 164298 72.4478 72.4478 36.1452 120
81800 370.995 -311773 -2066.25 164315 72.4504 72.4504 36.1465 120
81900 373.05 -311773 -1615.21 164260 72.4422 72.4422 36.1424 120
82000 369.613 -311768 6.64099 164160 72.4276 72.4276 36.1351 120
82100 366.066 -311777 1104.8 164051 72.4115 72.4115 36.1271 120
82200 364.186 -311778 2168.12 163968 72.3992 72.3992 36.121 120
82300 370.179 -311782 1812.15 163946 72.396 72.396 36.1194 120
82400 369.948 -311772 1114.83 163985 72.4018 72.4018 36.1222 120
82500 372.686 -311774 603.711 164079 72.4157 72.4157 36.1292 120
82600 374.402 -311780 -757.462 164209 72.4347 72.4347 36.1387 120
82700 367.251 -311778 -1091.67 164303 72.4485 72.4485 36.1456 120
82800 367.098 -311779 -1296.85 164326 72.452 72.452 36.1473 120
82900 370.385 -311779 -1981.81 164275 72.4445 72.4445 36.1436 120
83000 370.393 -311776 77.2963 164161 72.4276 72.4276 36.1352 120
83100 371.208 -311775 901.136 164039 72.4097 72.4097 36.1262 120
83200 371.912 -311775 1211.89 163965 72.3989 72.3989 36.1208 120
83300 369.52 -311774 2001.77 163959 72.398 72.398 36.1204 120
83400 366.6 -311777 1600.72 164018 72.4066 72.4066 36.1247 120
83500 365.893 -311776 254.876 164125 72.4223 72.4223 36.1325 120
83600 366.635 -311768 -1174.46 164250 72.4408 72.4408 36.1417 120
83700 372.747 -311772 -1691.61 164338 72.4537 72.4537 36.1482 120
83800 370.471 -311768 -1486.52 164354 72.456 72.456 36.1493 120
83900 369.47 -311771 -365.009 164292 72.4469 72.4469 36.1448 120
84000 367.681 -311777 -1135.94 164194 72.4325 72.4325 36.1376 120
84100 365.625 -311784 445.416 164063 72.4132 72.4132 36.128 120
84200 362.763 -311782 1912.42 163953 72.397 72.397 36.1199 120
84300 368.861 -311780 2147.25 163912 72.391 72.391 36.1169 120
84400 370.509 -311777 1338.79 163951 72.3968 72.3968 36.1198 120
84500 371.859 -311775 807.726 164054 72.4119 72.4119 36.1273 120
84600 370.394 -311770 -305.073 164192 72.4322 72.4322 36.1374 120
84700 369.307 -311769 -2371.56 164306 72.449 72.449 36.1458 120
84800 365.505 -311771 -1887.09 164346 72.4549 72.4549 36.1488 120
84900 369.961 -311783 -2108.13 164318 72.4508 72.4508 36.1467 120
85000 365.983 -311767 -821.735 164215 72.4356 72.4356 36.1391 120
85100 373.026 -311772 111.577 164088 72.4169 72.4169 36.1298 120
85200 373.083 -311776 1379.75 163988 72.4022 72.4022 36.1225 120
85300 370.837 -311779 1434.59 163954 72.3972 72.3972 36.12 120
85400 369.698 -311781 1969.84 163971 72.3997 72.3997 36.1212 120
85500 369.495 -311778 959.584 164035 72.4091 72.4091 36.1259 120
85600 372.916 -311770 600.006 164142 72.4249 72.4249 36.1338 120
85700 371.868 -311765 -1355.27 164248 72.4405 72.4405 36.1416 120
85800 367.867 -311764 -1555.21 164304 72.4487 72.4487 36.1457 120
85900 368.023 -311772 -1485.87 164294 72.4473 72.4473 36.145 120
86000 367.471 -311773 -661.185 164226 72.4373 72.4373 36.14 120
86100 370.967 -311775 -174.542 164134 72.4237 72.4237 36.1332 120
86200 371.834 -311765 583.077 164046 72.4108 72.4108 36.1268 120
86300 371.319 -311764 2086.82 163988 72.4023 72.4023 36.1225 120
86400 371.596 -311771 498.209 163992 72.4028 72.4028 36.1228 120
86500 367.442 -311768 1073.71 164045 72.4106 72.4106 36.1266 120
86600 367.956 -311773 -170.441 164138 72.4243 72.4243 36.1335 120
86700 367.021 -311773 -991.792 164228 72.4375 72.4375 36.1401 120
86800 372.242 -311777 -1307.78 164278 72.4448 72.4448 36.1437 120
86900 372.346 -311768 -1591.45 164264 72.4428 72.4428 36.1427 120
87000 372.097 -311768 -885.093 164199 72.4332 72.4332 36.138 120
87100 370.672 -311776 -879.602 164118 72.4213 72.4213 36.132 120
87200 365.912 -311771 1064.39 164032 72.4087 72.4087 36.1257 120
87300 369.456 -311777 1282.48 163973 72.4001 72.4001 36.1214 120
87400 369.323 -311774 1539.27 163965 72.3989 72.3989 36.1208 120
87500 370.57 -311768 1180.09 164020 72.4069 72.4069 36.1248 120
87600 372.02 -311760 532.456 164102 72.419 72.419 36.1309 120
87700 374.238 -311771 -915.141 164188 72.4316 72.4316 36.1371 120
87800 368.257 -311765 -230.814 164240 72.4393 72.4393 36.141 120
87900 369.558 -311773 -1412.04 164248 72.4404 72.4404 36.1415 120
88000 369.165 -311776 -185.838 164218 72.4361 72.4361 36.1394 120
88100 370.71 -311782 279.782 164157 72.4272 72.4272 36.1349 120
88200 372.737 -311780 289.359 164092 72.4175 72.4175 36.1301 120
88300 373.076 -311773 676.723 164039 72.4097 72.4097 36.1262 120
88400 370.986 -311768 1410.09 164011 72.4056 72.4056 36.1242 120
88500 368.496 -311774 182.093 164030 72.4085 72.4085 36.1256 120
88600 368.975 -311780 1135.94 164060 72.4129 72.4129 36.1278 120
88700 368.57 -311775 44.2283 164107 72.4198 72.4198 36.1313 120
88800 371.346 -311776 682.808 164147 72.4256 72.4256 36.1341 120
88900 371.093 -311772 -848.023 164191 72.4321 72.4321 36.1374 120
89000 373.564 -311775 -694.361 164217 72.436 72.436 36.1393 120
89100 367.095 -311770 -627.026 164214 72.4354 72.4354 36.1391 120
89200 367.616 -311777 253.476 164183 72.4309 72.4309 36.1368 120
89300 369.792 -311780 41.5302 164140 72.4246 72.4246 36.1336 120
89400 368.264 -311769 -385.137 164091 72.4174 72.4174 36.13 120
89500 370.599 -311769 949.648 164035 72.4092 72.4092 36.126 120
89600 369.99 -311771 1580.56 164022 72.4072 72.4072 36.125 120
89700 370.934 -311777 258.561 164061 72.413 72.413 36.1279 120
89800 369.503 -311776 -217.21 164124 72.4223 72.4223 36.1325 120
89900 368.849 -311774 -1319.9 164174 72.4296 72.4296 36.1361 120
90000 371.229 -311775 -804.319 164194 72.4325 72.4325 36.1376 120
90100 370.483 -311768 -430.409 164186 72.4313 72.4313 36.137 120
90200 374.225 -311769 -196.686 164161 72.4276 72.4276 36.1352 120
90300 370.668 -311770 -260.781 164121 72.4219 72.4219 36.1323 120
90400 367.05 -311772 222.773 164093 72.4176 72.4176 36.1302 120
90500 368.512 -311777 957.045 164092 72.4175 72.4175 36.1301 120
90600 367.334 -311770 928.373 164112 72.4205 72.4205 36.1316 120
90700 368.712 -311764 -279.118 164139 72.4244 72.4244 36.1336 120
90800 376.437 -311773 -405.26 164154 72.4266 72.4266 36.1347 120
90900 370.933 -311773 -98.3456 164164 72.4281 72.4281 36.1354 120
91000 367.873 -311776 -1121.14 164166 72.4285 72.4285 36.1356 120
91100 366.833 -311775 -398.77 164142 72.4249 72.4249 36.1338 120
91200 369.391 -311773 232.894 164119 72.4216 72.4216 36.1321 120
91300 372.319 -311772 -70.7999 164118 72.4214 72.4214 36.132 120
91400 373.48 -311775 145.646 164128 72.4228 72.4228 36.1327 120
91500 370.027 -311781 429.248 164143 72.425 72.425 36.1338 120
91600 365.631 -311775 6.87756 164166 72.4284 72.4284 36.1355 120
91700 368.526 -311776 -1155.79 164186 72.4313 72.4313 36.137 120
91800 373.113 -311777 172.351 164168 72.4287 72.4287 36.1357 120
91900 369.629 -311768 61.5765 164134 72.4238 72.4238 36.1332 120
92000 368.143 -311771 342.192 164115 72.4209 72.4209 36.1318 120
92100 367.784 -311783 336.378 164103 72.4191 72.4191 36.1309 120
92200 363.699 -311775 1287.61 164094 72.4178 72.4178 36.1303 120
92300 365.895 -311771 -618.803 164111 72.4203 72.4203 36.1315 120
92400 371.599 -311776 -491.179 164134 72.4237 72.4237 36.1332 120
92500 370.336 -311772 -335.676 164146 72.4255 72.4255 36.1341 120
92600 371.09 -311775 184.333 164158 72.4272 72.4272 36.1349 120
92700 365.66 -311779 290.778 164174 72.4296 72.4296 36.1362 120
92800 369.775 -311788 258.129 164178 72.4301 72.4301 36.1364 120
92900 366.342 -311773 -581.68 164161 72.4276 72.4276 36.1351 120
93000 367.303 -311770 -431.446 164122 72.422 72.422 36.1323 120
93100 372.011 -311776 511.963 164082 72.416 72.416 36.1293 120
93200 374.24 -311779 785.982 164063 72.4133 72.4133 36.128 120
93300 366.874 -311775 325.081 164069 72.4141 72.4141 36.1284 120
93400 363.674 -311777 -1312.54 164093 72.4176 72.4176 36.1302 120
93500 366.316 -311775 468.301 164113 72.4207 72.4207 36.1317 120
93600 365.866 -311766 504.318 164133 72.4235 72.4235 36.1331 120
93700 372.094 -311776 -173.612 164148 72.4257 72.4257 36.1342 120
93800 371.023 -311776 -867.11 164146 72.4255 72.4255 36.1341 120
93900 370.239 -311778 221.103 164136 72.4241 72.4241 36.1334 120
94000 365.357 -311779 -734.965 164119 72.4216 72.4216 36.1321 120
94100 367.552 -311784 -417.743 164090 72.4172 72.4172 36.13 120
94200 370.395 -311777 417.498 164066 72.4137 72.4137 36.1282 120
94300 369.095 -311771 869.899 164055 72.412 72.412 36.1274 120
94400 370.282 -311774 1020.66 164082 72.4161 72.4161 36.1294 120
94500 367.143 -311770 178.16 164142 72.4248 72.4248 36.1338 120
94600 368.199 -311779 -138.038 164187 72.4315 72.4315 36.1371 120
94700 367.301 -311781 -1789.05 164210 72.4348 72.4348 36.1388 120
94800 371.292 -311780 -111.668 164195 72.4327 72.4327 36.1377 120
94900 373.376 -311775 -243.374 164153 72.4266 72.4266 36.1346 120
95000 371.999 -311775 -656.982 164101 72.4189 72.4189 36.1308 120
95100 371.231 -311779 1233.86 164048 72.411 72.411 36.1269 120
95200 368.688 -311782 -164.897 164022 72.4073 72.4073 36.125 120
95300 367.592 -311782 541.259 164009 72.4052 72.4052 36.124 120
95400 371.279 -311782 438.452 164033 72.4088 72.4088 36.1258 120
95500 372.757 -311776 -115.289 164089 72.417 72.417 36.1299 120
95600 376.824 -311780 130.875 164146 72.4255 72.4255 36.1341 120
95700 368.731 -311770 -1322.45 164202 72.4337 72.4337 36.1382 120
95800 370.484 -311784 -1766.03 164215 72.4357 72.4357 36.1392 120
95900 366.822 -311777 209.875 164173 72.4295 72.4295 36.1361 120
96000 371.364 -311781 908.298 164129 72.423 72.423 36.1328 120
96100 370.936 -311778 -557.598 164092 72.4176 72.4176 36.1301 120
96200 368.302 -311772 1873.49 164050 72.4114 72.4114 36.127 120
96300 368.375 -311770 1185.52 164048 72.411 72.411 36.1269 120
96400 371.05 -311773 904.584 164068 72.4139 72.4139 36.1283 120
96500 376.109 -311781 58.3399 164110 72.4202 72.4202 36.1314 120
96600 366.278 -311768 -941.667 164152 72.4264 72.4264 36.1345 120
96700 365.2 -311773 -501.384 164179 72.4303 72.4303 36.1365 120
96800 367.964 -311778 -263.087 164185 72.4312 72.4312 36.1369 120
96900 376.023 -311781 424.576 164168 72.4287 72.4287 36.1357 120
97000 372.306 -311770 -201.402 164138 72.4243 72.4243 36.1335 120
97100 373.574 -311778 45.9936 164107 72.4198 72.4198 36.1312 120
97200 373.04 -311782 355.197 164080 72.4158 72.4158 36.1292 120
97300 372.278 -311785 369.379 164068 72.414 72.414 36.1284 120
97400 367.445 -311778 686.799 164079 72.4155 72.4155 36.1291 120
97500 369.37 -311776 -429.735 164111 72.4204 72.4204 36.1315 120
97600 371.677 -311772 188.079 164138 72.4242 72.4242 36.1335 120
97700 369.903 -311766 -457.104 164154 72.4266 72.4266 36.1347 120
97800 371.88 -311777 -470.113 164159 72.4275 72.4275 36.1351 120
97900 366.947 -311775 -176.589 164154 72.4266 72.4266 36.1347 120
98000 366.638 -311775 -749.142 164133 72.4236 72.4236 36.1331 120
98100 366.204 -311770 -341.26 164107 72.4197 72.4197 36.1312 120
98200 366.496 -311768 -330.915 164077 72.4153 72.4153 36.129 120
98300 372.819 -311781 616.192 164061 72.4129 72.4129 36.1278 120
98400 373.176 -311782 101.644 164069 72.4141 72.4141 36.1284 120
98500 370.405 -311779 761.023 164094 72.4179 72.4179 36.1303 120
98600 365.018 -311773 314.32 164134 72.4238 72.4238 36.1332 120
98700 366.129 -311777 -397.945 164169 72.4288 72.4288 36.1358 120
98800 368.924 -311776 751.099 164181 72.4307 72.4307 36.1367 120
98900 372.082 -311773 86.2926 164185 72.4312 72.4312 36.1369 120
99000 370.676 -311771 -684.357 164173 72.4295 72.4295 36.1361 120
99100 369.239 -311774 -158.723 164136 72.424 72.424 36.1334 120
99200 364.637 -311777 -241.197 164090 72.4172 72.4172 36.1299 120
99300 364.212 -311778 17.9835 164045 72.4106 72.4106 36.1267 120
99400 366.79 -311778 801.871 164022 72.4072 72.4072 36.125 120
99500 370.35 -311778 720.272 164047 72.4109 72.4109 36.1268 120
99600 371.521 -311774 45.7562 164089 72.417 72.417 36.1299 120
99700 374.723 -311779 -218.808 164134 72.4237 72.4237 36.1332 120
99800 370.569 -311780 -1267.36 164169 72.4289 72.4289 36.1358 120
99900 367.862 -311784 -649.775 164167 72.4286 72.4286 36.1356 120
100000 368.918 -311781 -1613.42 164131 72.4232 72.4232 36.133 120
