# Time-averaged data for fix 2
# TimeStep c_thermo_temp c_thermo_pe c_thermo_press v_myVol v_myCella v_myCellb v_myCellc v_myCellgamma
0 127.398 -312102 -249.101 162811 72.2286 72.2286 36.0359 120
100 123.904 -312116 -150.582 162770 72.2225 72.2225 36.0328 120
200 125.916 -312119 1104.91 162765 72.2218 72.2218 36.0325 120
300 129.878 -312108 113.888 162816 72.2293 72.2293 36.0362 120
400 134.97 -312103 487.397 162871 72.2375 72.2375 36.0403 120
500 134.49 -312105 13.448 162921 72.2448 72.2448 36.0439 120
600 129.79 -312113 -474.781 162930 72.2462 72.2462 36.0446 120
700 126.61 -312124 -21.9439 162904 72.2423 72.2423 36.0427 120
800 125.588 -312126 293.685 162882 72.2391 72.2391 36.0411 120
900 129.434 -312123 -446.728 162902 72.242 72.242 36.0425 120
1000 133.16 -312116 674.896 162906 72.2426 72.2426 36.0429 120
1100 134.094 -312115 -613.677 162929 72.246 72.246 36.0445 120
1200 131.766 -312122 762.862 162926 72.2456 72.2456 36.0443 120
1300 127.884 -312130 -73.7519 162952 72.2494 72.2494 36.0462 120
1400 126.576 -312134 -581.727 162978 72.2533 72.2533 36.0482 120
1500 128.408 -312133 -627.256 162960 72.2507 72.2507 36.0469 120
1600 131.065 -312126 357.11 162920 72.2447 72.2447 36.0439 120
1700 133.278 -312123 436.047 162934 72.2468 72.2468 36.0449 120
1800 132.429 -312126 485.315 162971 72.2522 72.2522 36.0476 120
1900 129.949 -312134 -170.02 163012 72.2583 72.2583 36.0507 120
2000 127.265 -312137 -239.075 163014 72.2586 72.2586 36.0508 120
2100 128.515 -312137 -147.614 162980 72.2536 72.2536 36.0484 120
2200 130.34 -312130 324.006 162958 72.2504 72.2504 36.0467 120
2300 132.879 -312127 107.081 162958 72.2503 72.2503 36.0467 120
2400 132.883 -312129 790.635 162981 72.2537 72.2537 36.0484 120
2500 129.645 -312132 53.1943 163035 72.2616 72.2616 36.0523 120
2600 127.506 -312139 -1091.33 163069 72.2668 72.2668 36.0549 120
2700 127.753 -312142 -423.287 163022 72.2597 72.2597 36.0514 120
2800 129.564 -312138 1018.87 162952 72.2495 72.2495 36.0463 120
2900 132.212 -312134 255.011 162967 72.2516 72.2516 36.0473 120
3000 131.918 -312132 -42.7307 163013 72.2584 72.2584 36.0507 120
3100 130.94 -312135 419.092 163038 72.2622 72.2622 36.0526 120
3200 128.93 -312140 -780.005 163055 72.2646 72.2646 36.0538 120
3300 126.118 -312138 -70.3209 163040 72.2624 72.2624 36.0527 120
3400 127.299 -312137 -213.67 163045 72.2632 72.2632 36.0531 120
3500 132.788 -312139 -80.5666 163044 72.2631 72.2631 36.0531 120
3600 131.22 -312130 -50.7184 163025 72.2602 72.2602 36.0516 120
3700 130.766 -312134 -374.655 163014 72.2587 72.2587 36.0509 120
3800 129.24 -312139 465.018 163007 72.2576 72.2576 36.0503 120
3900 128.757 -312144 -160.152 163041 72.2626 72.2626 36.0528 120
4000 127.627 -312141 -728.503 163081 72.2685 72.2685 36.0558 120
4100 129.531 -312137 -536.363 163075 72.2676 72.2676 36.0553 120
4200 131.038 -312134 191.535 163039 72.2623 72.2623 36.0527 120
4300 132.025 -312136 33.1073 163046 72.2633 72.2633 36.0532 120
4400 129.525 -312138 248.82 163053 72.2644 72.2644 36.0537 120
4500 128.52 -312143 202.791 163056 72.2649 72.2649 36.054 120
4600 127.928 -312144 -25.1575 163065 72.2661 72.2661 36.0546 120
4700 130.059 -312143 -227.727 163072 72.2671 72.2671 36.0551 120
4800 130.7 -312137 -346.296 163070 72.2669 72.2669 36.055 120
4900 131.505 -312135 364.699 163061 72.2655 72.2655 36.0543 120
5000 131.08 -312139 -828.188 163062 72.2656 72.2656 36.0543 120
5100 129.486 -312143 398.035 163057 72.2649 72.2649 36.054 120
5200 129.3 -312149 651.198 163057 72.265 72.265 36.054 120
5300 128.511 -312145 -73.4888 163064 72.266 72.266 36.0545 120
5400 130.347 -312142 -629.483 163068 72.2665 72.2665 36.0548 120
5500 131.915 -312138 -205.296 163050 72.264 72.264 36.0535 120
5600 131.402 -312137 64.9492 163040 72.2624 72.2624 36.0527 120
5700 130.835 -312144 200.241 163056 72.2648 72.2648 36.0539 120
5800 128.655 -312145 90.9972 163084 72.2689 72.2689 36.056 120
5900 127.146 -312144 -12.1577 163086 72.2692 72.2692 36.0561 120
6000 129.812 -312144 -298.697 163078 72.2681 72.2681 36.0556 120
6100 131.009 -312140 212.701 163037 72.2619 72.2619 36.0525 120
6200 132.485 -312141 1058.54 163013 72.2585 72.2585 36.0508 120
6300 130.935 -312141 -662.319 163047 72.2635 72.2635 36.0533 120
6400 129.495 -312145 -74.3487 163061 72.2656 72.2656 36.0543 120
6500 128.238 -312146 289.459 163066 72.2663 72.2663 36.0547 120
6600 127.757 -312142 352.868 163076 72.2678 72.2678 36.0554 120
6700 130.117 -312141 -412.379 163086 72.2693 72.2693 36.0562 120
6800 131.638 -312141 -151.943 163077 72.2679 72.2679 36.0555 120
6900 131.697 -312143 304.214 163063 72.2659 72.2659 36.0544 120
7000 129.327 -312144 -123.248 163077 72.2679 72.2679 36.0555 120
7100 127.771 -312145 142.025 163086 72.2692 72.2692 36.0561 120
7200 128.108 -312145 307.58 163081 72.2685 72.2685 36.0557 120
7300 130.194 -312144 -109.368 163094 72.2704 72.2704 36.0567 120
7400 131.348 -312142 -82.1482 163116 72.2737 72.2737 36.0583 120
7500 131.238 -312142 -249.318 163105 72.272 72.272 36.0575 120
7600 130.94 -312146 234.871 163051 72.264 72.264 36.0535 120
7700 129.378 -312148 918.014 163042 72.2627 72.2627 36.0529 120
7800 127.897 -312146 -381.934 163106 72.2722 72.2722 36.0576 120
7900 129.653 -312146 -300.59 163138 72.2769 72.2769 36.06 120
8000 130.899 -312143 -787.685 163139 72.277 72.277 36.06 120
8100 132.203 -312143 -862.102 163100 72.2712 72.2712 36.0571 120
8200 131.218 -312144 -7.80431 163065 72.2661 72.2661 36.0546 120
8300 128.627 -312145 604.107 163057 72.265 72.265 36.054 120
8400 129.161 -312150 196.773 163090 72.2698 72.2698 36.0564 120
8500 128.062 -312145 -670.625 163121 72.2744 72.2744 36.0587 120
8600 131.371 -312146 -23.6981 163113 72.2732 72.2732 36.0581 120
8700 131.389 -312141 130.008 163088 72.2695 72.2695 36.0563 120
8800 129.975 -312140 557.526 163082 72.2686 72.2686 36.0558 120
8900 130.057 -312145 -136.965 163100 72.2713 72.2713 36.0572 120
9000 128.044 -312147 -504.565 163094 72.2704 72.2704 36.0567 120
9100 127.982 -312147 218.852 163064 72.266 72.266 36.0545 120
9200 129.872 -312146 202.857 163053 72.2644 72.2644 36.0537 120
9300 131.005 -312142 660.411 163075 72.2677 72.2677 36.0553 120
9400 132.089 -312142 -91.5176 163123 72.2747 72.2747 36.0589 120
9500 131.5 -312146 -837.517 163165 72.2809 72.2809 36.0619 120
9600 128.556 -312146 -895.942 163147 72.2782 72.2782 36.0606 120
9700 128.479 -312149 401.128 163072 72.2671 72.2671 36.0551 120
9800 128.642 -312146 389.824 163035 72.2617 72.2617 36.0524 120
9900 130.019 -312143 396.145 163055 72.2646 72.2646 36.0538 120
10000 131.619 -312142 593.955 163100 72.2713 72.2713 36.0571 120
10100 130.471 -312142 -878.868 163141 72.2774 72.2774 36.0602 120
10200 129.763 -312147 -426.48 163137 72.2768 72.2768 36.0599 120
10300 128.088 -312148 -284.854 163099 72.2711 72.2711 36.0571 120
10400 128.498 -312147 298.285 163068 72.2666 72.2666 36.0548 120
10500 131.031 -312146 -221.579 163094 72.2704 72.2704 36.0567 120
10600 131.224 -312142 -25.3124 163119 72.2742 72.2742 36.0586 120
10700 131.451 -312143 180.295 163121 72.2743 72.2743 36.0587 120
10800 131.073 -312147 374.503 163102 72.2717 72.2717 36.0573 120
10900 128.417 -312148 -61.3658 163076 72.2678 72.2678 36.0554 120
11000 129.73 -312151 39.4502 163076 72.2677 72.2677 36.0554 120
11100 129.739 -312146 -326.715 163103 72.2717 72.2717 36.0574 120
11200 131.608 -312144 18.515 163131 72.2759 72.2759 36.0594 120
11300 131.561 -312142 -574.881 163156 72.2796 72.2796 36.0613 120
11400 130.206 -312143 -238.486 163123 72.2747 72.2747 36.0588 120
11500 129.414 -312149 132.818 163054 72.2646 72.2646 36.0538 120
11600 128.589 -312149 392.093 163036 72.2618 72.2618 36.0524 120
11700 129.461 -312148 -64.4449 163068 72.2666 72.2666 36.0548 120
11800 130.65 -312144 -752.691 163115 72.2735 72.2735 36.0583 120
11900 131.933 -312142 -275.347 163134 72.2764 72.2764 36.0597 120
12000 131.092 -312143 59.3784 163125 72.275 72.275 36.059 120
12100 130.18 -312148 208.682 163106 72.2722 72.2722 36.0576 120
12200 128.639 -312149 -594.198 163083 72.2688 72.2688 36.0559 120
12300 129.3 -312150 735.18 163053 72.2644 72.2644 36.0537 120
12400 130.427 -312145 -0.387905 163088 72.2695 72.2695 36.0563 120
12500 130.568 -312140 449.207 163130 72.2757 72.2757 36.0593 120
12600 131.887 -312143 -385.258 163157 72.2797 72.2797 36.0613 120
12700 130.288 -312146 -636.721 163120 72.2743 72.2743 36.0587 120
12800 128.951 -312149 295.711 163064 72.2659 72.2659 36.0545 120
12900 128.141 -312148 547.225 163049 72.2637 72.2637 36.0534 120
13000 128.98 -312145 -205.405 163089 72.2697 72.2697 36.0564 120
13100 131.075 -312143 -82.7058 163118 72.274 72.274 36.0585 120
13200 131.486 -312142 359.743 163119 72.2741 72.2741 36.0585 120
13300 131.729 -312146 -491.67 163104 72.2718 72.2718 36.0574 120
13400 128.039 -312145 -104.506 163087 72.2694 72.2694 36.0562 120
13500 128.041 -312148 13.7568 163068 72.2665 72.2665 36.0548 120
13600 129.017 -312147 -242.84 163078 72.268 72.268 36.0555 120
13700 130.898 -312145 164.743 163101 72.2715 72.2715 36.0572 120
13800 131.872 -312142 -561.862 163147 72.2782 72.2782 36.0606 120
13900 130.957 -312143 -473.691 163145 72.2779 72.2779 36.0605 120
14000 129.998 -312148 -676.03 163116 72.2737 72.2737 36.0584 120
14100 128.21 -312148 147.018 163087 72.2694 72.2694 36.0562 120
14200 129.01 -312148 493.617 163075 72.2676 72.2676 36.0553 120
14300 129.355 -312143 163.149 163116 72.2737 72.2737 36.0584 120
14400 131.217 -312141 -449.799 163148 72.2784 72.2784 36.0607 120
14500 131.934 -312143 -352.572 163138 72.2769 72.2769 36.0599 120
14600 129.871 -312145 377.404 163093 72.2703 72.2703 36.0567 120
14700 128.473 -312148 193.82 163064 72.266 72.266 36.0545 120
14800 129.065 -312149 756.253 163084 72.269 72.269 36.056 120
14900 129.879 -312146 -1130.6 163135 72.2764 72.2764 36.0597 120
15000 132.72 -312146 -430.65 163120 72.2743 72.2743 36.0587 120
15100 130.392 -312141 108.623 163093 72.2703 72.2703 36.0567 120
15200 130.273 -312145 326.573 163091 72.27 72.27 36.0565 120
15300 128.128 -312147 318.263 163118 72.274 72.274 36.0585 120
15400 128.35 -312149 -430.363 163152 72.279 72.279 36.061 120
15500 130.226 -312149 347.383 163138 72.277 72.277 36.06 120
15600 131.417 -312146 380.07 163109 72.2726 72.2726 36.0578 120
15700 132.795 -312146 -142.812 163092 72.2701 72.2701 36.0566 120
15800 130.622 -312145 -78.4592 163100 72.2712 72.2712 36.0571 120
15900 128.682 -312147 12.5913 163128 72.2754 72.2754 36.0592 120
16000 128.126 -312148 -980.099 163162 72.2805 72.2805 36.0618 120
16100 129.203 -312149 -882.802 163139 72.2771 72.2771 36.06 120
16200 130.224 -312145 701.459 163064 72.2659 72.2659 36.0545 120
16300 132.017 -312145 582.908 163035 72.2617 72.2617 36.0524 120
16400 131.034 -312145 -2.64006 163087 72.2693 72.2693 36.0562 120
16500 130.19 -312148 -432.327 163144 72.2778 72.2778 36.0604 120
16600 128.696 -312149 -542.898 163157 72.2797 72.2797 36.0614 120
16700 128.443 -312148 292.88 163126 72.2752 72.2752 36.0591 120
16800 129.43 -312145 -128.571 163104 72.2719 72.2719 36.0575 120
16900 132.052 -312145 194.611 163085 72.2691 72.2691 36.0561 120
17000 131.025 -312144 251.241 163096 72.2707 72.2707 36.0569 120
17100 129.463 -312145 -335.888 163119 72.2742 72.2742 36.0586 120
17200 128.754 -312148 -164.466 163123 72.2747 72.2747 36.0589 120
17300 128.526 -312149 286.432 163111 72.273 72.273 36.058 120
17400 130.321 -312149 82.4052 163106 72.2722 72.2722 36.0576 120
17500 130.413 -312144 -448.302 163115 72.2735 72.2735 36.0583 120
17600 131.44 -312144 224.131 163110 72.2727 72.2727 36.0579 120
17700 131.341 -312147 -737.978 163129 72.2755 72.2755 36.0593 120
17800 129.277 -312148 284.983 163126 72.2751 72.2751 36.0591 120
17900 128.979 -312149 127.718 163122 72.2745 72.2745 36.0588 120
18000 129.473 -312147 -480.557 163118 72.274 72.274 36.0585 120
18100 131.163 -312146 209.194 163105 72.272 72.272 36.0575 120
18200 130.544 -312143 765.721 163102 72.2716 72.2716 36.0573 120
18300 129.527 -312143 -178.158 163131 72.2759 72.2759 36.0595 120
18400 129.033 -312147 111.886 163132 72.276 72.276 36.0595 120
18500 129.563 -312151 -346.257 163126 72.2752 72.2752 36.0591 120
18600 129.14 -312148 344.986 163104 72.272 72.272 36.0575 120
18700 130.62 -312146 -66.2563 163113 72.2732 72.2732 36.0581 120
18800 130.846 -312144 -367.55 163121 72.2744 72.2744 36.0587 120
18900 130.649 -312145 -322.776 163120 72.2742 72.2742 36.0586 120
19000 130.106 -312149 65.7686 163103 72.2718 72.2718 36.0574 120
19100 129.467 -312151 -67.7903 163093 72.2702 72.2702 36.0566 120
19200 129.884 -312150 50.2553 163107 72.2723 72.2723 36.0577 120
19300 129.76 -312146 52.8324 163132 72.276 72.276 36.0595 120
19400 130.716 -312144 28.218 163134 72.2763 72.2763 36.0596 120
19500 131.916 -312147 -78.7544 163110 72.2727 72.2727 36.0579 120
19600 131.006 -312149 311.088 163091 72.27 72.27 36.0565 120
19700 129.588 -312150 300.661 163100 72.2712 72.2712 36.0571 120
19800 129.643 -312151 -81.978 163134 72.2763 72.2763 36.0597 120
19900 129.434 -312147 -234.672 163146 72.2781 72.2781 36.0606 120
20000 130.308 -312145 -290.559 163118 72.274 72.274 36.0585 120
20100 130.483 -312144 -96.796 163107 72.2723 72.2723 36.0577 120
20200 129.635 -312145 -355.938 163107 72.2724 72.2724 36.0577 120
20300 128.615 -312148 255.768 163120 72.2742 72.2742 36.0586 120
20400 129.305 -312151 13.1392 163139 72.2771 72.2771 36.06 120
20500 130.493 -312151 165.303 163124 72.2749 72.2749 36.0589 120
20600 130.821 -312147 123.411 163112 72.2731 72.2731 36.058 120
20700 130.468 -312144 588.166 163118 72.274 72.274 36.0585 120
20800 130.368 -312146 -668.439 163143 72.2776 72.2776 36.0603 120
20900 129.411 -312147 436.569 163128 72.2754 72.2754 36.0592 120
21000 128.789 -312149 -453.989 163105 72.2721 72.2721 36.0576 120
21100 128.975 -312149 200.514 163078 72.268 72.268 36.0555 120
21200 130.765 -312149 -102.669 163096 72.2707 72.2707 36.0569 120
21300 131.802 -312148 109.945 163138 72.2769 72.2769 36.06 120
21400 129.995 -312144 -847.69 163179 72.283 72.283 36.063 120
21500 129.186 -312145 -558.157 163171 72.2817 72.2817 36.0624 120
21600 128.392 -312147 300.916 163116 72.2737 72.2737 36.0584 120
21700 129.946 -312150 126.648 163085 72.2691 72.2691 36.0561 120
21800 129.394 -312148 240.835 163092 72.2701 72.2701 36.0565 120
21900 129.3 -312145 140.563 163124 72.2748 72.2748 36.0589 120
22000 130.448 -312146 -80.686 163145 72.2779 72.2779 36.0604 120
22100 129.716 -312147 -425.67 163154 72.2792 72.2792 36.0611 120
22200 129.919 -312150 -470.507 163140 72.2773 72.2773 36.0601 120
22300 128.794 -312149 231.274 163118 72.274 72.274 36.0585 120
22400 129.63 -312149 402.551 163093 72.2702 72.2702 36.0566 120
22500 130.832 -312147 -208.625 163094 72.2704 72.2704 36.0567 120
22600 131.026 -312147 518.536 163122 72.2746 72.2746 36.0588 120
22700 129.144 -312145 181.194 163157 72.2797 72.2797 36.0613 120
22800 129.666 -312149 -195.174 163156 72.2795 72.2795 36.0613 120
22900 130.045 -312151 -104.567 163127 72.2753 72.2753 36.0592 120
23000 129.669 -312149 592.753 163102 72.2716 72.2716 36.0573 120
23100 130.825 -312148 390.402 163111 72.2729 72.2729 36.058 120
23200 131.524 -312148 -536.203 163145 72.278 72.278 36.0605 120
23300 130.295 -312147 131.49 163142 72.2776 72.2776 36.0603 120
23400 129.796 -312148 -258.568 163134 72.2764 72.2764 36.0597 120
23500 128.656 -312149 -203.653 163139 72.277 72.277 36.06 120
23600 130.029 -312151 -129.894 163124 72.2748 72.2748 36.0589 120
23700 130.009 -312149 301.908 163109 72.2727 72.2727 36.0578 120
23800 130.101 -312147 -530.286 163132 72.2761 72.2761 36.0596 120
23900 129.613 -312145 -182.546 163136 72.2766 72.2766 36.0598 120
24000 129.125 -312146 192.17 163114 72.2734 72.2734 36.0582 120
24100 129.821 -312150 -387.684 163112 72.2731 72.2731 36.0581 120
24200 129.695 -312150 163.846 163120 72.2742 72.2742 36.0586 120
24300 127.936 -312146 378.67 163145 72.278 72.278 36.0605 120
24400 129.993 -312147 326.321 163174 72.2822 72.2822 36.0626 120
24500 130.432 -312147 -1019.43 163184 72.2837 72.2837 36.0633 120
24600 131.291 -312150 58.4701 163126 72.2751 72.2751 36.0591 120
24700 130.565 -312150 478.188 163071 72.2669 72.2669 36.055 120
24800 129.489 -312150 582.467 163064 72.266 72.266 36.0545 120
24900 128.975 -312149 -72.753 163117 72.2738 72.2738 36.0584 120
25000 129.677 -312148 -481.928 163178 72.2828 72.2828 36.0629 120
25100 130.673 -312147 -28.2524 163190 72.2846 72.2846 36.0638 120
25200 130.083 -312146 507.141 163144 72.2777 72.2777 36.0604 120
25300 130.703 -312149 842.157 163095 72.2706 72.2706 36.0568 120
25400 130.949 -312152 -82.2558 163103 72.2717 72.2717 36.0574 120
25500 127.987 -312147 -511.393 163134 72.2763 72.2763 36.0597 120
25600 129.356 -312148 -470.999 163137 72.2767 72.2767 36.0599 120
25700 130.301 -312148 31.9194 163125 72.275 72.275 36.059 120
25800 131.26 -312148 -300.351 163128 72.2754 72.2754 36.0592 120
25900 131.015 -312149 -388.959 163150 72.2786 72.2786 36.0608 120
26000 129.775 -312149 -294.896 163149 72.2786 72.2786 36.0608 120
26100 130.352 -312151 -129.763 163142 72.2775 72.2775 36.0602 120
26200 129.915 -312150 30.9858 163123 72.2747 72.2747 36.0589 120
26300 129.22 -312146 245.219 163127 72.2753 72.2753 36.0591 120
26400 131.209 -312149 442.46 163137 72.2768 72.2768 36.0599 120
26500 130.177 -312147 -858.798 163138 72.277 72.277 36.06 120
26600 129.656 -312148 723.739 163112 72.2731 72.2731 36.0581 120
26700 129.024 -312149 343.524 163141 72.2773 72.2773 36.0602 120
26800 128.607 -312148 -176.796 163168 72.2814 72.2814 36.0622 120
26900 130.278 -312150 -795.857 163164 72.2807 72.2807 36.0619 120
27000 132.169 -312150 489.743 163111 72.273 72.273 36.058 120
27100 129.788 -312146 439.992 163100 72.2713 72.2713 36.0572 120
27200 130.371 -312151 -481.743 163141 72.2773 72.2773 36.0601 120
27300 128.544 -312150 -708.149 163167 72.2812 72.2812 36.0621 120
27400 128.04 -312149 -351.398 163155 72.2794 72.2794 36.0612 120
27500 130.15 -312150 -37.7219 163115 72.2735 72.2735 36.0583 120
27600 130.033 -312147 644.706 163082 72.2687 72.2687 36.0559 120
27700 131.043 -312148 -44.8845 163110 72.2728 72.2728 36.0579 120
27800 130.592 -312150 -307.501 163146 72.2781 72.2781 36.0605 120
27900 129.505 -312151 287.284 163151 72.2788 72.2788 36.0609 120
28000 128.314 -312150 -219.873 163131 72.2759 72.2759 36.0595 120
28100 130.785 -312153 137.132 163110 72.2728 72.2728 36.0579 120
28200 129.619 -312147 -664.642 163132 72.276 72.276 36.0595 120
28300 130.188 -312146 -457.225 163138 72.2769 72.2769 36.06 120
28400 131.285 -312149 -252.392 163138 72.2769 72.2769 36.06 120
28500 130.631 -312152 -352.285 163130 72.2758 72.2758 36.0594 120
28600 129.466 -312152 744.199 163125 72.275 72.275 36.059 120
28700 129.947 -312152 -530.232 163156 72.2796 72.2796 36.0613 120
28800 130.652 -312150 -539.759 163174 72.2822 72.2822 36.0626 120
28900 130.054 -312147 96.5034 163152 72.2791 72.2791 36.061 120
29000 131.038 -312149 409.183 163109 72.2727 72.2727 36.0579 120
29100 130.076 -312149 517.58 163112 72.273 72.273 36.058 120
29200 128.866 -312151 -29.784 163141 72.2773 72.2773 36.0602 120
29300 129.278 -312152 -38.7704 163157 72.2797 72.2797 36.0614 120
29400 129.976 -312150 238.696 163159 72.28 72.28 36.0615 120
29500 131.021 -312149 -7.41622 163151 72.2789 72.2789 36.0609 120
29600 129.905 -312146 -457.912 163140 72.2771 72.2771 36.0601 120
29700 129.694 -312149 66.1932 163105 72.2721 72.2721 36.0576 120
29800 128.659 -312149 511.76 163097 72.2709 72.2709 36.057 120
29900 128.629 -312151 755.874 163145 72.278 72.278 36.0605 120
30000 130.21 -312152 -1480.44 163211 72.2877 72.2877 36.0654 120
30100 129.983 -312147 -551.688 163196 72.2855 72.2855 36.0643 120
30200 131.737 -312149 252.387 163145 72.278 72.278 36.0605 120
30300 129.606 -312147 868.711 163100 72.2712 72.2712 36.0571 120
30400 130.146 -312151 -8.46559 163098 72.2711 72.2711 36.057 120
30500 128.935 -312153 -250.185 163118 72.274 72.274 36.0585 120
30600 129.082 -312152 -115.55 163145 72.278 72.278 36.0605 120
30700 130.92 -312152 -686.693 163173 72.282 72.282 36.0625 120
30800 131.605 -312149 150.274 163166 72.281 72.281 36.062 120
30900 130.727 -312147 197.234 163141 72.2774 72.2774 36.0602 120
31000 130.511 -312151 133.29 163134 72.2763 72.2763 36.0597 120
31100 129.603 -312154 -184.848 163126 72.2751 72.2751 36.0591 120
31200 129.405 -312154 187.03 163118 72.274 72.274 36.0585 120
31300 130.739 -312153 -273.416 163128 72.2754 72.2754 36.0592 120
31400 129.755 -312147 -173.615 163139 72.277 72.277 36.06 120
31500 131.931 -312149 -176.652 163127 72.2753 72.2753 36.0591 120
31600 130.074 -312149 595.883 163126 72.2751 72.2751 36.0591 120
31700 129.688 -312153 -236.246 163142 72.2775 72.2775 36.0603 120
31800 128.15 -312151 -131.746 163166 72.2811 72.2811 36.062 120
31900 129.828 -312152 -601.991 163155 72.2795 72.2795 36.0612 120
32000 129.766 -312148 123.778 163101 72.2714 72.2714 36.0572 120
32100 132.172 -312150 810.771 163075 72.2677 72.2677 36.0553 120
32200 129.405 -312147 985.717 163108 72.2725 72.2725 36.0578 120
32300 129.284 -312151 -395.014 163178 72.2828 72.2828 36.0629 120
32400 128.074 -312151 -778.329 163213 72.288 72.288 36.0655 120
32500 128.086 -312150 108.848 163167 72.2813 72.2813 36.0621 120
32600 130.497 -312150 722.903 163095 72.2705 72.2705 36.0568 120
32700 130.937 -312148 681.378 163061 72.2655 72.2655 36.0543 120
32800 130.273 -312147 660.032 163090 72.2698 72.2698 36.0564 120
32900 129.893 -312151 389.591 163149 72.2785 72.2785 36.0608 120
33000 128.543 -312151 -969.081 163208 72.2873 72.2873 36.0652 120
33100 128.735 -312151 -357.504 163186 72.284 72.284 36.0635 120
33200 129.216 -312149 447.848 163136 72.2766 72.2766 36.0598 120
33300 130.768 -312148 396.676 163105 72.2721 72.2721 36.0576 120
33400 130.64 -312148 -349.677 163116 72.2737 72.2737 36.0584 120
33500 130.856 -312151 -105.941 163131 72.2759 72.2759 36.0594 120
33600 129.36 -312152 -392.033 163143 72.2777 72.2777 36.0603 120
33700 128.623 -312152 -100.379 163125 72.2751 72.2751 36.059 120
33800 129.441 -312151 263.119 163113 72.2732 72.2732 36.0581 120
33900 130.972 -312149 130.938 163141 72.2774 72.2774 36.0602 120
34000 130.636 -312147 -287.362 163187 72.2841 72.2841 36.0636 120
34100 129.066 -312147 -144.392 163180 72.2831 72.2831 36.0631 120
34200 129.575 -312152 174.512 163131 72.2759 72.2759 36.0595 120
34300 128.099 -312151 979.289 163091 72.2699 72.2699 36.0565 120
34400 129.693 -312152 -627.234 163122 72.2746 72.2746 36.0588 120
34500 130.462 -312150 -94.5146 163153 72.2791 72.2791 36.061 120
34600 131.661 -312150 163.477 163173 72.2821 72.2821 36.0626 120
34700 130.768 -312149 -625.548 163178 72.2828 72.2828 36.0629 120
34800 129.98 -312151 330.532 163139 72.2771 72.2771 36.0601 120
34900 128.906 -312152 505.487 163111 72.273 72.273 36.058 120
35000 130.482 -312155 230.347 163116 72.2737 72.2737 36.0583 120
35100 130.036 -312151 -577.886 163142 72.2776 72.2776 36.0603 120
35200 131.219 -312149 632.312 163140 72.2772 72.2772 36.0601 120
35300 131.389 -312149 -72.7153 163157 72.2797 72.2797 36.0613 120
35400 130.473 -312151 -575.035 163167 72.2812 72.2812 36.0621 120
35500 129.283 -312152 -349.721 163142 72.2776 72.2776 36.0603 120
35600 128.676 -312152 -381.392 163112 72.2731 72.2731 36.0581 120
35700 128.291 -312149 384.456 163092 72.2701 72.2701 36.0566 120
35800 130.488 -312149 650.472 163118 72.2739 72.2739 36.0585 120
35900 130.162 -312147 -363.119 163154 72.2793 72.2793 36.0611 120
36000 131.045 -312151 -277.556 163163 72.2806 72.2806 36.0618 120
36100 129.716 -312152 -316.886 163157 72.2797 72.2797 36.0614 120
36200 130.033 -312154 20.4066 163134 72.2764 72.2764 36.0597 120
36300 129.567 -312152 303.364 163107 72.2723 72.2723 36.0577 120
36400 130.445 -312150 590.191 163107 72.2724 72.2724 36.0577 120
36500 130.107 -312147 -601.47 163147 72.2782 72.2782 36.0606 120
36600 130.844 -312149 85.1244 163161 72.2803 72.2803 36.0617 120
36700 128.612 -312148 -400.82 163161 72.2803 72.2803 36.0617 120
36800 130.179 -312154 -30.8336 163127 72.2753 72.2753 36.0591 120
36900 129.135 -312152 662.979 163110 72.2728 72.2728 36.0579 120
37000 128.432 -312147 429.968 163121 72.2744 72.2744 36.0587 120
37100 130.59 -312149 437.426 163140 72.2772 72.2772 36.0601 120
37200 130.648 -312149 -1296.16 163190 72.2845 72.2845 36.0638 120
37300 129.735 -312149 185.469 163182 72.2835 72.2835 36.0632 120
37400 128.838 -312152 -165.016 163144 72.2778 72.2778 36.0604 120
37500 128.753 -312152 375.534 163118 72.274 72.274 36.0585 120
37600 130.567 -312152 -94.2663 163129 72.2756 72.2756 36.0593 120
37700 130.316 -312149 149.162 163151 72.2788 72.2788 36.0609 120
37800 131.712 -312150 -148.831 163166 72.2811 72.2811 36.062 120
37900 130.073 -312150 -53.7054 163170 72.2816 72.2816 36.0623 120
38000 130.094 -312153 98.7442 163156 72.2796 72.2796 36.0613 120
38100 128.376 -312151 59.8701 163134 72.2764 72.2764 36.0597 120
38200 129.685 -312152 126.4 163138 72.2769 72.2769 36.06 120
38300 130.82 -312151 -395.436 163158 72.2798 72.2798 36.0614 120
38400 130.969 -312150 246.939 163149 72.2786 72.2786 36.0608 120
38500 131.623 -312151 -142.571 163141 72.2773 72.2773 36.0602 120
38600 129.687 -312151 236.028 163143 72.2777 72.2777 36.0603 120
38700 128.622 -312151 -284.191 163158 72.2799 72.2799 36.0614 120
38800 130.312 -312155 -712.107 163161 72.2804 72.2804 36.0617 120
38900 130.906 -312152 -18.379 163148 72.2783 72.2783 36.0607 120
39000 130.489 -312149 22.6281 163135 72.2765 72.2765 36.0598 120
39100 129.858 -312148 214.683 163129 72.2755 72.2756 36.0593 120
39200 129.681 -312150 413.606 163128 72.2754 72.2754 36.0592 120
39300 130.249 -312154 -327.559 163149 72.2785 72.2785 36.0608 120
39400 128.422 -312151 -311.597 163158 72.2798 72.2798 36.0614 120
39500 130.115 -312151 256.381 163141 72.2774 72.2774 36.0602 120
39600 130.454 -312149 72.8964 163153 72.2791 72.2791 36.0611 120
39700 130.541 -312149 -411.549 163162 72.2805 72.2805 36.0618 120
39800 130.888 -312151 140.639 163145 72.2779 72.2779 36.0605 120
39900 130.09 -312153 -5.77775 163125 72.275 72.275 36.059 120
40000 127.984 -312151 478.706 163135 72.2765 72.2765 36.0598 120
40100 129.788 -312152 -702.626 163180 72.2832 72.2832 36.0631 120
40200 130.947 -312151 -329.399 163177 72.2827 72.2827 36.0629 120
40300 131.345 -312150 598.376 163131 72.2759 72.2759 36.0594 120
40400 130.655 -312150 484.567 163105 72.272 72.272 36.0575 120
40500 130.206 -312153 -231.878 163127 72.2753 72.2753 36.0591 120
40600 129.092 -312152 293.575 163151 72.2789 72.2789 36.0609 120
40700 129.57 -312153 -516.479 163167 72.2812 72.2812 36.0621 120
40800 130.228 -312150 -465.655 163155 72.2795 72.2795 36.0612 120
40900 130.086 -312147 134.656 163136 72.2767 72.2767 36.0598 120
41000 130.32 -312149 157.115 163139 72.2771 72.2771 36.0601 120
41100 130.752 -312152 -225.859 163138 72.2769 72.2769 36.0599 120
41200 130.01 -312154 545.512 163138 72.2769 72.2769 36.06 120
41300 127.886 -312150 -647.831 163165 72.2809 72.2809 36.062 120
41400 129.707 -312150 41.8335 163176 72.2825 72.2825 36.0628 120
41500 130.933 -312150 -471.302 163178 72.2829 72.2829 36.0629 120
41600 130.909 -312149 517.119 163135 72.2764 72.2764 36.0597 120
41700 130.29 -312151 650.006 163108 72.2725 72.2725 36.0578 120
41800 129.808 -312153 512.597 163112 72.273 72.273 36.058 120
41900 129.682 -312154 -109.634 163156 72.2795 72.2795 36.0613 120
42000 130.413 -312152 -61.8649 163182 72.2834 72.2834 36.0632 120
42100 131.124 -312151 -341.7 163190 72.2846 72.2846 36.0638 120
42200 131.189 -312150 -268.937 163165 72.2809 72.2809 36.062 120
42300 130.928 -312151 930.236 163108 72.2725 72.2725 36.0578 120
42400 128.619 -312150 -41.0085 163116 72.2736 72.2736 36.0583 120
42500 130.369 -312154 615.133 163149 72.2785 72.2785 36.0608 120
42600 129.858 -312153 -750.969 163184 72.2837 72.2837 36.0634 120
42700 129.091 -312148 -859.264 163175 72.2824 72.2824 36.0627 120
42800 130.083 -312148 344.487 163134 72.2763 72.2763 36.0597 120
42900 131.687 -312152 -40.1437 163125 72.275 72.275 36.059 120
43000 129.307 -312150 948.522 163134 72.2763 72.2763 36.0597 120
43100 129.943 -312154 268.581 163182 72.2835 72.2835 36.0632 120
43200 129.589 -312153 -149.734 163205 72.2868 72.2868 36.0649 120
43300 130.517 -312153 135.076 163167 72.2813 72.2813 36.0621 120
43400 129.812 -312148 1022.88 163125 72.275 72.275 36.059 120
43500 131.596 -312152 153.728 163150 72.2786 72.2786 36.0608 120
43600 129.55 -312150 106.941 163168 72.2813 72.2813 36.0621 120
43700 130.349 -312155 290.412 163162 72.2804 72.2804 36.0617 120
43800 129.021 -312153 261.877 163170 72.2816 72.2816 36.0623 120
43900 129.722 -312153 97.0255 163170 72.2817 72.2817 36.0623 120
44000 131.889 -312154 -297.289 163159 72.2801 72.2801 36.0615 120
44100 131.581 -312152 124.273 163130 72.2758 72.2758 36.0594 120
44200 131.652 -312153 322.853 163113 72.2732 72.2732 36.0581 120
44300 130.273 -312153 103.386 163154 72.2792 72.2792 36.0611 120
44400 129.228 -312153 28.0708 163195 72.2853 72.2853 36.0642 120
44500 129.804 -312154 -255.125 163187 72.2842 72.2842 36.0636 120
44600 129.274 -312150 227.343 163133 72.2762 72.2762 36.0596 120
44700 131.412 -312152 -66.3102 163124 72.2748 72.2748 36.0589 120
44800 131.368 -312152 75.7331 163148 72.2784 72.2784 36.0607 120
44900 129.732 -312151 355.502 163180 72.283 72.283 36.063 120
45000 128.747 -312152 -271.005 163207 72.287 72.287 36.065 120
45100 128.802 -312153 202.707 163188 72.2843 72.2843 36.0636 120
45200 130.146 -312153 271.26 163135 72.2765 72.2765 36.0598 120
45300 129.874 -312150 -124.13 163110 72.2727 72.2727 36.0579 120
45400 130.794 -312150 155.064 163136 72.2766 72.2766 36.0598 120
45500 130.438 -312152 41.0792 163174 72.2823 72.2823 36.0626 120
45600 128.585 -312152 -673.991 163196 72.2854 72.2854 36.0642 120
45700 129.77 -312156 -389.96 163185 72.2839 72.2839 36.0634 120
45800 129.245 -312152 -184.86 163167 72.2812 72.2812 36.0621 120
45900 131.796 -312155 64.0598 163144 72.2778 72.2778 36.0604 120
46000 130.824 -312150 41.0909 163132 72.2761 72.2761 36.0595 120
46100 130.188 -312151 543.44 163143 72.2777 72.2777 36.0604 120
46200 130.61 -312155 172.992 163175 72.2824 72.2824 36.0627 120
46300 129.933 -312156 -992.684 163184 72.2838 72.2838 36.0634 120
46400 129.251 -312154 -26.9791 163129 72.2755 72.2755 36.0593 120
46500 129.709 -312151 750.887 163106 72.2723 72.2723 36.0576 120
46600 130.421 -312150 481.204 163136 72.2766 72.2766 36.0598 120
46700 130.648 -312151 -242.681 163189 72.2844 72.2844 36.0637 120
46800 130.565 -312153 -647.116 163200 72.2861 72.2861 36.0646 120
46900 130.098 -312156 406.933 163155 72.2795 72.2795 36.0612 120
47000 128.462 -312153 368.005 163129 72.2756 72.2756 36.0593 120
47100 130.174 -312153 474.533 163128 72.2754 72.2754 36.0592 120
47200 130.989 -312152 -404.508 163186 72.284 72.284 36.0635 120
47300 130.809 -312151 -317.889 163230 72.2906 72.2906 36.0668 120
47400 129.078 -312149 -628.477 163221 72.2891 72.2891 36.0661 120
47500 130.511 -312155 277.846 163141 72.2774 72.2774 36.0602 120
47600 128.005 -312152 809.091 163078 72.268 72.268 36.0555 120
47700 130.147 -312155 824.949 163092 72.2701 72.2701 36.0566 120
47800 129.146 -312150 -10.4225 163173 72.2821 72.2821 36.0626 120
47900 130.818 -312151 -965.931 163233 72.291 72.291 36.067 120
48000 130.075 -312150 242.336 163202 72.2863 72.2863 36.0647 120
48100 130.425 -312153 -5.03048 163153 72.2792 72.2792 36.0611 120
48200 128.859 -312153 657.199 163104 72.2719 72.2719 36.0575 120
48300 129.593 -312155 506.159 163130 72.2758 72.2758 36.0594 120
48400 130.312 -312153 -682.648 163189 72.2844 72.2844 36.0637 120
48500 129.733 -312150 -531.633 163205 72.2868 72.2868 36.0649 120
48600 130.233 -312150 -62.9699 163164 72.2807 72.2807 36.0618 120
48700 130.53 -312153 307.812 163120 72.2743 72.2743 36.0587 120
48800 129.317 -312153 581.908 163125 72.275 72.275 36.059 120
48900 128.677 -312153 423.997 163177 72.2826 72.2826 36.0628 120
49000 129.679 -312153 -813.998 163209 72.2874 72.2874 36.0652 120
49100 130.03 -312151 -780.99 163167 72.2812 72.2812 36.0621 120
49200 131.927 -312153 383.788 163110 72.2728 72.2728 36.0579 120
49300 130.721 -312153 341.143 163121 72.2744 72.2744 36.0587 120
49400 129.987 -312154 -327.542 163178 72.2829 72.2829 36.0629 120
49500 129.635 -312155 -491.321 163195 72.2853 72.2853 36.0642 120
49600 129.3 -312154 -384.787 163166 72.2811 72.2811 36.062 120
49700 130.36 -312153 377.54 163132 72.276 72.276 36.0595 120
49800 130.97 -312153 211.653 163131 72.2759 72.2759 36.0595 120
49900 130.952 -312154 -120.812 163158 72.2798 72.2798 36.0614 120
50000 129.503 -312154 580.535 163176 72.2825 72.2825 36.0628 120
50100 129.406 -312155 217.342 163189 72.2844 72.2844 36.0637 120
50200 129.207 -312153 -33.1242 163178 72.2828 72.2828 36.0629 120
50300 130.267 -312154 -145.191 163160 72.2801 72.2801 36.0616 120
50400 129.865 -312153 -621.224 163157 72.2797 72.2797 36.0614 120
50500 130.364 -312153 -16.9685 163154 72.2792 72.2792 36.0611 120
50600 130.045 -312154 -113.448 163164 72.2807 72.2807 36.0619 120
50700 129.435 -312153 176.849 163161 72.2803 72.2803 36.0616 120
50800 130.476 -312155 77.6319 163155 72.2795 72.2795 36.0612 120
50900 130.762 -312155 957.047 163144 72.2779 72.2779 36.0604 120
51000 128.9 -312151 126.062 163175 72.2823 72.2823 36.0627 120
51100 130.375 -312153 -53.0094 163198 72.2858 72.2858 36.0644 120
51200 129.71 -312152 -423.543 163191 72.2848 72.2848 36.0639 120
51300 130.314 -312155 892.999 163122 72.2745 72.2746 36.0588 120
51400 128.77 -312154 341.774 163108 72.2725 72.2725 36.0578 120
51500 128.327 -312153 60.9392 163164 72.2808 72.2808 36.0619 120
51600 129.023 -312150 -504.965 163223 72.2894 72.2894 36.0662 120
51700 131.039 -312153 -508.413 163221 72.2892 72.2892 36.0661 120
51800 129.898 -312152 197.532 163163 72.2806 72.2806 36.0618 120
51900 129.409 -312155 277.426 163104 72.2719 72.2719 36.0574 120
52000 129.462 -312155 129.457 163088 72.2696 72.2696 36.0563 120
52100 130.375 -312155 818.259 163136 72.2766 72.2766 36.0598 120
52200 130.487 -312150 -751.246 163206 72.2869 72.2869 36.065 120
52300 131.686 -312153 -199.334 163217 72.2886 72.2886 36.0658 120
52400 130.096 -312154 -154.023 163165 72.2809 72.2809 36.062 120
52500 130.377 -312157 451.049 163106 72.2721 72.2721 36.0576 120
52600 130.108 -312156 583.054 163109 72.2726 72.2726 36.0578 120
52700 129.813 -312153 -113.877 163168 72.2814 72.2814 36.0622 120
52800 130.942 -312150 -322.096 163213 72.288 72.288 36.0655 120
52900 131.526 -312151 -191.044 163196 72.2855 72.2855 36.0642 120
53000 131.593 -312154 153.563 163126 72.2752 72.2752 36.0591 120
53100 129.829 -312153 543.108 163109 72.2726 72.2726 36.0578 120
53200 129.765 -312154 463.674 163154 72.2793 72.2793 36.0611 120
53300 129.05 -312153 -671.558 163230 72.2905 72.2905 36.0667 120
53400 131.309 -312155 -569.482 163247 72.2931 72.2931 36.068 120
53500 131.268 -312151 375.322 163178 72.2828 72.2828 36.0629 120
53600 130.881 -312153 223.958 163099 72.2712 72.2712 36.0571 120
53700 129.823 -312154 1015.28 163071 72.267 72.267 36.055 120
53800 129.195 -312153 -165.159 163140 72.2773 72.2773 36.0601 120
53900 129.306 -312153 -478.676 163221 72.2892 72.2892 36.0661 120
54000 131.395 -312156 -694.842 163258 72.2947 72.2947 36.0688 120
54100 130.497 -312151 -233.411 163207 72.2872 72.2872 36.0651 120
54200 131.958 -312152 661.544 163127 72.2753 72.2753 36.0592 120
54300 130.497 -312154 576.839 163092 72.2702 72.2702 36.0566 120
54400 129.289 -312153 709.702 163109 72.2726 72.2726 36.0578 120
54500 130.565 -312156 -45.6133 163176 72.2825 72.2825 36.0628 120
54600 129.864 -312154 -1023.63 163228 72.2902 72.2902 36.0666 120
54700 130.296 -312152 -185.748 163205 72.2868 72.2868 36.0649 120
54800 130.136 -312149 -17.4361 163147 72.2782 72.2782 36.0606 120
54900 130.571 -312154 909.324 163090 72.2699 72.2699 36.0565 120
55000 129.502 -312155 709.746 163135 72.2765 72.2765 36.0598 120
55100 129.632 -312155 -1236.18 163215 72.2883 72.2883 36.0656 120
55200 129.706 -312152 -457.417 163208 72.2872 72.2872 36.0651 120
55300 130.751 -312152 704.862 163156 72.2796 72.2796 36.0613 120
55400 129.925 -312152 -73.2834 163140 72.2773 72.2773 36.0601 120
55500 128.982 -312155 126.912 163139 72.2771 72.2771 36.0601 120
55600 128.12 -312154 -205.738 163151 72.2788 72.2788 36.0609 120
55700 129.907 -312154 217.172 163160 72.2802 72.2802 36.0616 120
55800 130.871 -312154 -554.11 163178 72.2829 72.2829 36.0629 120
55900 130.765 -312153 -351.143 163178 72.2828 72.2828 36.0629 120
56000 129.155 -312152 -284.782 163175 72.2823 72.2823 36.0627 120
56100 129.758 -312156 -210.502 163159 72.2799 72.2799 36.0615 120
56200 127.798 -312157 419.544 163139 72.2771 72.2771 36.06 120
56300 128.901 -312156 658.362 163135 72.2764 72.2764 36.0597 120
56400 129.35 -312154 173.541 163158 72.2799 72.2799 36.0614 120
56500 131.183 -312155 -32.6559 163168 72.2814 72.2814 36.0622 120
56600 130.929 -312153 243.915 163162 72.2805 72.2805 36.0618 120
56700 130.334 -312154 -211.349 163163 72.2806 72.2806 36.0618 120
56800 128.667 -312154 -77.2139 163175 72.2824 72.2824 36.0627 120
56900 129.129 -312156 -74.568 163163 72.2807 72.2807 36.0618 120
57000 129.605 -312155 184.839 163139 72.277 72.277 36.06 120
57100 130.386 -312154 98.5165 163150 72.2786 72.2786 36.0608 120
57200 129.634 -312153 -91.7846 163191 72.2847 72.2847 36.0639 120
57300 128.191 -312150 -471.029 163198 72.2857 72.2857 36.0643 120
57400 128.57 -312152 443.869 163164 72.2808 72.2808 36.0619 120
57500 129.596 -312157 497.576 163119 72.2741 72.2741 36.0586 120
57600 129.661 -312157 -232.519 163124 72.2749 72.2749 36.059 120
57700 131.048 -312155 542.522 163156 72.2796 72.2796 36.0613 120
57800 130.846 -312153 -813.522 163203 72.2865 72.2865 36.0647 120
57900 129.153 -312151 -649.078 163202 72.2864 72.2864 36.0647 120
58000 129.017 -312153 341.016 163152 72.279 72.279 36.061 120
58100 129.161 -312157 141.974 163125 72.275 72.275 36.059 120
58200 127.617 -312156 -141.177 163124 72.2748 72.2748 36.0589 120
58300 129.828 -312154 341.105 163128 72.2755 72.2755 36.0592 120
58400 130.031 -312152 92.3249 163163 72.2806 72.2806 36.0618 120
58500 131.499 -312155 -766.123 163204 72.2867 72.2867 36.0648 120
58600 130.735 -312155 -465.59 163193 72.2851 72.2851 36.064 120
58700 129.508 -312156 373.771 163153 72.2791 72.2791 36.0611 120
58800 128.834 -312154 384.389 163128 72.2755 72.2755 36.0593 120
58900 131.034 -312155 -182.33 163133 72.2762 72.2762 36.0596 120
59000 130.757 -312152 -168.817 163161 72.2804 72.2804 36.0617 120
59100 130.782 -312154 -61.3968 163188 72.2843 72.2843 36.0637 120
59200 129.8 -312154 -268.538 163211 72.2878 72.2878 36.0654 120
59300 129.661 -312155 -586.953 163189 72.2845 72.2845 36.0637 120
59400 129.781 -312154 830.439 163123 72.2747 72.2747 36.0589 120
59500 129.829 -312154 637.312 163112 72.2731 72.2731 36.0581 120
59600 130.574 -312155 -177.205 163137 72.2767 72.2767 36.0599 120
59700 130.152 -312153 31.3007 163161 72.2803 72.2803 36.0616 120
59800 131.328 -312154 -397.994 163200 72.2861 72.2861 36.0646 120
59900 131.378 -312153 -199.085 163192 72.2849 72.2849 36.064 120
60000 129.959 -312153 445.329 163161 72.2804 72.2804 36.0617 120
60100 129.899 -312156 -254.216 163151 72.2788 72.2788 36.0609 120
60200 130.313 -312157 -304.162 163156 72.2796 72.2796 36.0613 120
60300 131.556 -312156 -0.61656 163161 72.2803 72.2803 36.0617 120
60400 131.286 -312152 98.3419 163164 72.2807 72.2807 36.0619 120
60500 130.618 -312152 -214.344 163178 72.2828 72.2828 36.0629 120
60600 130.668 -312154 191.974 163170 72.2816 72.2816 36.0623 120
60700 130.204 -312155 -12.2737 163165 72.281 72.281 36.062 120
60800 129.223 -312154 434.975 163154 72.2793 72.2793 36.0611 120
60900 130.107 -312154 392.205 163137 72.2768 72.2768 36.0599 120
61000 131.763 -312153 -14.4952 163146 72.2781 72.2781 36.0606 120
61100 131.455 -312153 38.0124 163166 72.2811 72.2811 36.062 120
61200 129.838 -312153 -162.443 163186 72.284 72.284 36.0635 120
61300 129.611 -312154 -360.314 163194 72.2852 72.2852 36.0641 120
61400 129.917 -312155 226.605 163158 72.2799 72.2799 36.0615 120
61500 129.643 -312152 257.97 163139 72.2771 72.2771 36.06 120
61600 130.396 -312151 71.2525 163159 72.28 72.28 36.0615 120
61700 131.589 -312150 -29.2265 163168 72.2814 72.2814 36.0622 120
61800 131.555 -312153 -463.511 163194 72.2852 72.2852 36.0641 120
61900 130.059 -312152 -321.285 163202 72.2863 72.2863 36.0647 120
62000 129.851 -312154 69.0075 163177 72.2827 72.2827 36.0629 120
62100 129.205 -312154 -47.9223 163142 72.2776 72.2776 36.0603 120
62200 130.306 -312156 517.749 163122 72.2745 72.2745 36.0588 120
62300 130.144 -312153 -118.507 163154 72.2793 72.2793 36.0612 120
62400 131.178 -312152 140.447 163177 72.2826 72.2826 36.0628 120
62500 130.851 -312154 -1007.29 163188 72.2843 72.2843 36.0636 120
62600 129.724 -312155 -100.283 163169 72.2815 72.2815 36.0622 120
62700 129.048 -312154 183.643 163146 72.2781 72.2781 36.0606 120
62800 129.789 -312154 609.628 163135 72.2764 72.2764 36.0597 120
62900 129.431 -312152 -119.76 163160 72.2801 72.2801 36.0616 120
63000 130.403 -312153 -152.685 163175 72.2824 72.2824 36.0627 120
63100 130.639 -312149 293.39 163191 72.2847 72.2847 36.0639 120
63200 131.338 -312150 39.1257 163197 72.2856 72.2856 36.0643 120
63300 130.854 -312155 54.3329 163170 72.2816 72.2816 36.0623 120
63400 130.577 -312156 -375.498 163151 72.2789 72.2789 36.061 120
63500 130.562 -312156 336.175 163144 72.2779 72.2779 36.0604 120
63600 130.297 -312155 -649.461 163177 72.2827 72.2827 36.0629 120
63700 130.146 -312152 -29.4442 163166 72.2811 72.2811 36.0621 120
63800 130.528 -312151 537.373 163126 72.2751 72.2751 36.059 120
63900 129.729 -312151 537.33 163142 72.2775 72.2775 36.0603 120
64000 130.469 -312156 -390.369 163185 72.2838 72.2838 36.0634 120
64100 129.243 -312153 -5.43226 163196 72.2855 72.2855 36.0642 120
64200 131.514 -312156 92.1217 163191 72.2848 72.2848 36.0639 120
64300 130.377 -312152 -110.203 163174 72.2822 72.2822 36.0626 120
64400 131.92 -312153 407.617 163140 72.2772 72.2772 36.0601 120
64500 130.377 -312151 -285.741 163145 72.278 72.278 36.0605 120
64600 130.63 -312156 -29.6891 163164 72.2807 72.2807 36.0619 120
64700 129.598 -312155 -235.102 163180 72.2832 72.2832 36.0631 120
64800 129.7 -312154 -490.706 163184 72.2837 72.2837 36.0633 120
64900 131.045 -312154 107.976 163163 72.2806 72.2806 36.0618 120
65000 131.376 -312152 273.263 163149 72.2785 72.2785 36.0608 120
65100 131.06 -312154 -49.4173 163171 72.2818 72.2818 36.0624 120
65200 130.185 -312154 -372.238 163176 72.2825 72.2825 36.0627 120
65300 129.547 -312153 469.97 163143 72.2776 72.2776 36.0603 120
65400 130.598 -312156 174.838 163163 72.2805 72.2805 36.0618 120
65500 128.775 -312152 -805.629 163185 72.2839 72.2839 36.0635 120
65600 131.118 -312156 -148.607 163169 72.2815 72.2815 36.0623 120
65700 130.213 -312151 394.945 163157 72.2796 72.2796 36.0613 120
65800 131.147 -312152 -162.296 163158 72.2798 72.2798 36.0614 120
65900 130.645 -312154 -326.379 163162 72.2804 72.2804 36.0617 120
66000 129.689 -312155 424.985 163172 72.282 72.282 36.0625 120
66100 128.466 -312153 264.079 163183 72.2835 72.2835 36.0633 120
66200 131.102 -312156 -10.8184 163179 72.283 72.283 36.063 120
66300 130.536 -312152 -161.12 163157 72.2797 72.2797 36.0614 120
66400 130.108 -312152 324.614 163125 72.275 72.275 36.059 120
66500 128.716 -312155 333.469 163122 72.2745 72.2745 36.0588 120
66600 129.41 -312156 246.396 163149 72.2785 72.2785 36.0607 120
66700 130.371 -312155 287.5 163173 72.2821 72.2821 36.0625 120
66800 131.134 -312154 -488.879 163202 72.2863 72.2863 36.0646 120
66900 131.048 -312154 -2.86336 163186 72.2839 72.284 36.0635 120
67000 129.526 -312154 -122.927 163144 72.2778 72.2778 36.0604 120
67100 129.592 -312157 771.793 163104 72.2719 72.2719 36.0575 120
67200 128.917 -312156 475.205 163139 72.277 72.277 36.06 120
67300 130.079 -312155 -427.299 163211 72.2877 72.2877 36.0653 120
67400 129.564 -312152 -729.648 163245 72.2927 72.2927 36.0679 120
67500 130.307 -312153 -74.3306 163192 72.2848 72.2848 36.0639 120
67600 130.588 -312154 431.305 163117 72.2738 72.2738 36.0584 120
67700 129.716 -312158 978.008 163086 72.2692 72.2692 36.0561 120
67800 129.014 -312157 480.222 163133 72.2761 72.2761 36.0596 120
67900 129.944 -312155 -174.933 163211 72.2877 72.2877 36.0653 120
68000 130.87 -312154 -566.787 163244 72.2926 72.2926 36.0678 120
68100 131.129 -312155 34.5628 163185 72.2838 72.2838 36.0634 120
68200 130.081 -312154 441.497 163105 72.272 72.272 36.0575 120
68300 128.681 -312155 379.539 163077 72.2679 72.2679 36.0554 120
68400 129.771 -312159 146.984 163119 72.274 72.274 36.0585 120
68500 130.24 -312157 -575.156 163191 72.2847 72.2847 36.0639 120
68600 130.392 -312154 -249.025 163226 72.2899 72.2899 36.0664 120
68700 129.256 -312151 -115.862 163204 72.2867 72.2867 36.0648 120
68800 129.729 -312153 882.064 163134 72.2763 72.2763 36.0597 120
68900 129.579 -312154 -726.799 163138 72.2769 72.2769 36.0599 120
69000 130.352 -312159 102.613 163163 72.2806 72.2806 36.0618 120
69100 129.857 -312157 -0.667507 163190 72.2846 72.2846 36.0638 120
69200 130.201 -312154 -85.6381 163188 72.2842 72.2842 36.0636 120
69300 129.712 -312151 348.268 163156 72.2795 72.2795 36.0613 120
69400 130.969 -312154 44.3957 163139 72.2771 72.2771 36.0601 120
69500 128.831 -312153 -74.3984 163149 72.2785 72.2785 36.0608 120
69600 129.9 -312158 183.959 163148 72.2784 72.2784 36.0607 120
69700 128.193 -312154 243.04 163164 72.2808 72.2808 36.0619 120
69800 130.518 -312153 -760.041 163204 72.2867 72.2867 36.0648 120
69900 131.165 -312154 -742.117 163195 72.2853 72.2853 36.0642 120
70000 130.644 -312154 592.326 163119 72.2741 72.2741 36.0586 120
70100 128.888 -312154 1068.35 163077 72.2679 72.2679 36.0555 120
70200 129.478 -312156 405.103 163118 72.2739 72.2739 36.0585 120
70300 129.384 -312154 -562.366 163203 72.2866 72.2866 36.0648 120
70400 130.983 -312154 -1038.18 163249 72.2933 72.2933 36.0682 120
70500 130.927 -312152 217.91 163211 72.2877 72.2877 36.0653 120
70600 131.527 -312155 347.168 163154 72.2792 72.2792 36.0611 120
70700 130.915 -312157 282.554 163144 72.2779 72.2779 36.0604 120
70800 128.846 -312155 -290.147 163162 72.2804 72.2804 36.0617 120
70900 130.215 -312156 -747.533 163160 72.2802 72.2802 36.0616 120
71000 131.125 -312154 596.182 163127 72.2753 72.2753 36.0591 120
71100 131.014 -312152 480.655 163148 72.2783 72.2783 36.0607 120
71200 130.216 -312153 -931.114 163226 72.29 72.29 36.0665 120
71300 130.534 -312154 -563.501 163235 72.2912 72.2912 36.0671 120
71400 129.502 -312153 -444.478 163178 72.2829 72.2829 36.0629 120
71500 131.57 -312157 733.552 163097 72.2709 72.2709 36.057 120
71600 130.358 -312156 457.951 163078 72.268 72.268 36.0555 120
71700 129.892 -312153 138.599 163127 72.2753 72.2753 36.0592 120
71800 130.215 -312152 467.061 163195 72.2854 72.2854 36.0642 120
71900 130.538 -312153 -1235.75 163259 72.2948 72.2948 36.0689 120
72000 130.318 -312156 -515.205 163216 72.2885 72.2885 36.0657 120
72100 128.835 -312155 369.871 163125 72.275 72.275 36.059 120
72200 129.574 -312156 682.273 163072 72.2671 72.2671 36.0551 120
72300 131.339 -312154 618.42 163112 72.2731 72.2731 36.0581 120
72400 130.388 -312152 -500.112 163199 72.286 72.286 36.0645 120
72500 129.571 -312152 -859.908 163237 72.2915 72.2915 36.0672 120
72600 130.092 -312156 -227.399 163186 72.2841 72.2841 36.0635 120
72700 128.821 -312155 164.393 163107 72.2724 72.2724 36.0577 120
72800 131.588 -312156 1030.24 163073 72.2672 72.2672 36.0551 120
72900 132.002 -312155 -34.8666 163130 72.2757 72.2757 36.0593 120
73000 130.849 -312153 -971.095 163218 72.2888 72.2888 36.0659 120
73100 128.976 -312153 -232.227 163237 72.2916 72.2916 36.0673 120
73200 129.32 -312155 -698.61 163199 72.2859 72.2859 36.0645 120
73300 129.801 -312154 1016.8 163104 72.2718 72.2718 36.0574 120
73400 131.067 -312154 536.193 163073 72.2673 72.2673 36.0552 120
73500 131.44 -312150 572.569 163124 72.2749 72.2749 36.059 120
73600 132.293 -312153 -429.028 163215 72.2883 72.2883 36.0656 120
73700 130.78 -312153 -601.291 163241 72.2922 72.2922 36.0676 120
73800 129.067 -312152 -392.886 163185 72.2839 72.2839 36.0634 120
73900 128.41 -312154 1123.27 163111 72.2729 72.2729 36.058 120
74000 129.94 -312156 430.475 163106 72.2722 72.2722 36.0576 120
74100 130.682 -312152 82.5883 163159 72.2801 72.2801 36.0615 120
74200 131.732 -312153 217.16 163202 72.2863 72.2863 36.0647 120
74300 130.658 -312153 -311.309 163206 72.287 72.287 36.065 120
74400 129.132 -312152 -32.4326 163180 72.2832 72.2832 36.0631 120
74500 130.394 -312156 535.702 163146 72.2781 72.2781 36.0605 120
74600 131.018 -312156 523.856 163118 72.274 72.274 36.0585 120
74700 129.992 -312153 62.8952 163128 72.2754 72.2754 36.0592 120
74800 132.145 -312154 319.508 163160 72.2801 72.2801 36.0616 120
74900 131.098 -312152 -464.855 163192 72.2848 72.2849 36.0639 120
75000 129.933 -312153 -729.714 163206 72.2869 72.2869 36.065 120
75100 130.232 -312155 260.244 163182 72.2834 72.2834 36.0632 120
75200 128.89 -312153 25.2245 163139 72.2771 72.2771 36.06 120
75300 129.726 -312153 1051.15 163096 72.2708 72.2708 36.0569 120
75400 132.1 -312154 780.244 163140 72.2772 72.2772 36.0601 120
75500 131.13 -312151 -314.756 163214 72.2882 72.2882 36.0656 120
75600 130.052 -312154 -778.249 163237 72.2916 72.2916 36.0673 120
75700 128.814 -312154 53.5617 163194 72.2852 72.2852 36.0641 120
75800 129.692 -312155 197.228 163128 72.2755 72.2755 36.0592 120
75900 130.334 -312154 799.216 163095 72.2705 72.2705 36.0568 120
76000 131.15 -312153 148.913 163144 72.2778 72.2778 36.0604 120
76100 130.146 -312150 -456.458 163221 72.2891 72.2892 36.0661 120
76200 129.539 -312154 -165.955 163224 72.2896 72.2896 36.0663 120
76300 130.065 -312157 -84.1928 163181 72.2833 72.2833 36.0631 120
76400 129.987 -312156 151.133 163132 72.276 72.276 36.0595 120
76500 131.257 -312155 474.577 163107 72.2724 72.2724 36.0577 120
76600 130.011 -312152 826.546 163134 72.2763 72.2763 36.0597 120
76700 129.174 -312152 -308.456 163214 72.2882 72.2882 36.0656 120
76800 130.277 -312155 -1222.57 163261 72.2951 72.2951 36.0691 120
76900 130.443 -312154 -135.576 163214 72.2882 72.2882 36.0656 120
77000 130.024 -312154 409.338 163120 72.2742 72.2742 36.0586 120
77100 129.422 -312154 1203.61 163056 72.2648 72.2648 36.0539 120
77200 130.273 -312155 998.682 163094 72.2705 72.2705 36.0567 120
77300 129.795 -312154 122.928 163198 72.2858 72.2858 36.0644 120
77400 128.976 -312152 -640.971 163275 72.2972 72.2972 36.0701 120
77500 128.876 -312153 -308.325 163240 72.2919 72.2919 36.0674 120
77600 129.425 -312155 651.204 163137 72.2768 72.2768 36.0599 120
77700 130.266 -312155 712.464 163093 72.2703 72.2703 36.0566 120
77800 131.018 -312154 -806.29 163141 72.2773 72.2773 36.0602 120
77900 130.757 -312152 -528.109 163176 72.2826 72.2826 36.0628 120
78000 129.82 -312154 -648.53 163202 72.2864 72.2864 36.0647 120
78100 128.399 -312154 -350.122 163192 72.285 72.285 36.064 120
78200 129.178 -312155 163.469 163151 72.2789 72.2789 36.061 120
78300 129.849 -312153 453.276 163126 72.2751 72.2751 36.059 120
78400 129.884 -312152 151.95 163147 72.2782 72.2782 36.0606 120
78500 130.638 -312154 89.4489 163198 72.2858 72.2858 36.0644 120
78600 128.276 -312155 -1202.23 163221 72.2891 72.2891 36.066 120
78700 128.822 -312156 507.745 163158 72.2799 72.2799 36.0614 120
78800 130.088 -312155 972.992 163103 72.2718 72.2718 36.0574 120
78900 129.211 -312152 310.839 163104 72.2719 72.2719 36.0574 120
79000 130.225 -312153 583.43 163145 72.278 72.278 36.0605 120
79100 130.05 -312155 -680.904 163222 72.2893 72.2893 36.0661 120
79200 128.643 -312156 -1018.8 163249 72.2933 72.2933 36.0681 120
79300 128.864 -312155 -187.112 163180 72.2831 72.2831 36.063 120
79400 129.121 -312154 272.906 163102 72.2715 72.2715 36.0573 120
79500 129.47 -312153 878.571 163067 72.2664 72.2664 36.0547 120
79600 130.116 -312154 329.86 163113 72.2733 72.2733 36.0581 120
79700 131.922 -312156 -927.864 163221 72.2892 72.2892 36.0661 120
79800 130.955 -312154 -747.014 163260 72.2949 72.2949 36.069 120
79900 130.334 -312155 -465.142 163210 72.2876 72.2876 36.0653 120
80000 130.157 -312157 711.993 163140 72.2772 72.2772 36.0601 120
80100 128.894 -312156 219.846 163100 72.2712 72.2712 36.0571 120
80200 131.307 -312155 1100.89 163098 72.2711 72.2711 36.0571 120
80300 132.059 -312155 372.772 163166 72.281 72.281 36.062 120
80400 130.581 -312154 42.9771 163231 72.2907 72.2907 36.0668 120
80500 130.759 -312156 -882.065 163242 72.2923 72.2923 36.0676 120
80600 129.991 -312155 -234.165 163193 72.285 72.285 36.064 120
80700 129.597 -312154 364.835 163117 72.2738 72.2738 36.0584 120
80800 130.026 -312155 359.02 163080 72.2684 72.2684 36.0557 120
80900 130.5 -312155 300.475 163126 72.2752 72.2752 36.0591 120
81000 130.306 -312154 -526.948 163200 72.286 72.286 36.0645 120
81100 130.104 -312151 -462.258 163223 72.2895 72.2895 36.0662 120
81200 130.713 -312152 74.7903 163198 72.2857 72.2857 36.0644 120
81300 130.637 -312156 -142.119 163160 72.2801 72.2801 36.0616 120
81400 130.071 -312156 395.752 163130 72.2757 72.2757 36.0593 120
81500 130.427 -312157 369.822 163135 72.2765 72.2765 36.0598 120
81600 130.406 -312154 138.977 163157 72.2798 72.2798 36.0614 120
81700 131.758 -312154 -411.334 163179 72.2829 72.2829 36.063 120
81800 133.278 -312152 -507.372 163182 72.2834 72.2834 36.0632 120
81900 131.536 -312150 41.7432 163164 72.2807 72.2807 36.0618 120
82000 131.148 -312153 219.107 163145 72.2779 72.2779 36.0604 120
82100 130.213 -312154 146.314 163152 72.279 72.279 36.061 120
82200 130.189 -312157 404.373 163170 72.2817 72.2817 36.0623 120
82300 128.885 -312154 -956.92 163195 72.2853 72.2853 36.0641 120
82400 129.625 -312153 -261.931 163176 72.2826 72.2826 36.0628 120
82500 130.505 -312152 842.694 163135 72.2765 72.2765 36.0598 120
82600 130.602 -312153 797.588 163138 72.2769 72.2769 36.06 120
82700 131.397 -312155 -334.143 163187 72.2841 72.2841 36.0636 120
82800 129.78 -312153 -703.307 163233 72.2909 72.2909 36.067 120
82900 130.965 -312157 -811.891 163211 72.2878 72.2878 36.0654 120
83000 129.763 -312155 -336.324 163149 72.2785 72.2785 36.0607 120
83100 129.121 -312156 1077.99 163100 72.2712 72.2712 36.0571 120
83200 128.564 -312154 -642.513 163135 72.2765 72.2765 36.0597 120
83300 131.558 -312156 548.853 163175 72.2824 72.2824 36.0627 120
83400 132.045 -312154 -112.264 163222 72.2893 72.2893 36.0662 120
83500 130.671 -312154 -705.623 163235 72.2912 72.2912 36.0671 120
83600 129.316 -312156 170.736 163172 72.282 72.282 36.0625 120
83700 128.835 -312155 142.577 163119 72.2742 72.2742 36.0586 120
83800 129.752 -312155 629.783 163104 72.2718 72.2718 36.0574 120
83900 131.934 -312156 506.459 163142 72.2776 72.2776 36.0603 120
84000 131.586 -312155 -428.106 163208 72.2872 72.2872 36.0651 120
84100 130.576 -312156 -860.246 163243 72.2924 72.2924 36.0677 120
84200 128.068 -312155 -138.727 163223 72.2895 72.2895 36.0662 120
84300 129.175 -312155 384.381 163156 72.2795 72.2795 36.0613 120
84400 131.009 -312156 710.661 163097 72.2708 72.2708 36.0569 120
84500 129.665 -312153 763.955 163112 72.273 72.273 36.058 120
84600 130.168 -312154 -689.141 163190 72.2845 72.2845 36.0638 120
84700 130.085 -312156 -292.936 163235 72.2913 72.2913 36.0671 120
84800 128.594 -312156 -494.081 163233 72.291 72.291 36.067 120
84900 129.399 -312156 -118.983 163169 72.2815 72.2815 36.0622 120
85000 128.94 -312153 792.346 163112 72.2731 72.2731 36.058 120
85100 130.452 -312155 347.444 163127 72.2752 72.2752 36.0591 120
85200 130.187 -312155 65.4944 163177 72.2827 72.2827 36.0629 120
85300 130.446 -312156 -458.354 163218 72.2888 72.2888 36.0659 120
85400 129.207 -312157 -179.133 163212 72.2879 72.2879 36.0654 120
85500 128.672 -312157 343.518 163165 72.2809 72.2809 36.062 120
85600 130.466 -312157 -220.364 163148 72.2783 72.2783 36.0607 120
85700 129.372 -312153 -292.669 163140 72.2772 72.2772 36.0601 120
85800 130.365 -312154 -206.697 163166 72.281 72.281 36.062 120
85900 130.087 -312155 -620.177 163199 72.2859 72.2859 36.0644 120
86000 129.469 -312157 -727.006 163195 72.2854 72.2854 36.0642 120
86100 128.715 -312157 42.4855 163148 72.2784 72.2784 36.0607 120
86200 128.781 -312153 596.877 163129 72.2756 72.2756 36.0593 120
86300 129.814 -312153 -248.406 163170 72.2817 72.2817 36.0623 120
86400 129.952 -312153 -110.191 163214 72.2882 72.2882 36.0656 120
86500 129.081 -312154 -626.094 163231 72.2907 72.2907 36.0668 120
86600 129.026 -312156 -111.64 163184 72.2837 72.2837 36.0634 120
86700 129.735 -312157 523.734 163120 72.2743 72.2743 36.0586 120
86800 130.042 -312154 447.515 163111 72.2729 72.2729 36.0579 120
86900 131.942 -312155 -230.125 163176 72.2825 72.2825 36.0627 120
87000 130.453 -312154 -600.007 163228 72.2903 72.2903 36.0666 120
87100 129.916 -312156 -174.66 163221 72.2892 72.2892 36.0661 120
87200 129.45 -312156 24.8216 163176 72.2826 72.2826 36.0628 120
87300 129.904 -312156 631.27 163140 72.2771 72.2771 36.0601 120
87400 129.806 -312155 77.6573 163128 72.2755 72.2755 36.0592 120
87500 130.511 -312155 -386.115 163152 72.2789 72.2789 36.061 120
87600 131.742 -312157 -244.246 163178 72.2828 72.2828 36.0629 120
87700 130.798 -312153 -400.549 163207 72.287 72.287 36.065 120
87800 130.697 -312153 46.7335 163193 72.285 72.285 36.064 120
87900 129.854 -312155 142.723 163172 72.2819 72.2819 36.0625 120
88000 129.574 -312156 360.104 163173 72.2821 72.2821 36.0625 120
88100 128.853 -312154 -306.427 163174 72.2823 72.2823 36.0626 120
88200 130.108 -312152 -0.359712 163163 72.2806 72.2806 36.0618 120
88300 130.852 -312153 -252.977 163175 72.2823 72.2823 36.0627 120
88400 130.771 -312155 -683.034 163196 72.2855 72.2855 36.0642 120
88500 128.988 -312153 274.806 163176 72.2825 72.2825 36.0628 120
88600 130.488 -312157 23.3084 163144 72.2778 72.2778 36.0604 120
88700 131.258 -312157 400.017 163132 72.2761 72.2761 36.0595 120
88800 130.377 -312151 -141.934 163169 72.2815 72.2815 36.0623 120
88900 130.357 -312150 25.6983 163185 72.2839 72.2839 36.0634 120
89000 130.475 -312154 -22.052 163193 72.285 72.285 36.064 120
89100 128.556 -312152 178.164 163182 72.2834 72.2834 36.0632 120
89200 128.705 -312154 -6.18236 163170 72.2817 72.2817 36.0623 120
89300 130.249 -312155 261.08 163146 72.2781 72.2781 36.0606 120
89400 130.883 -312152 -55.9748 163130 72.2757 72.2757 36.0594 120
89500 131.85 -312153 674.471 163153 72.2792 72.2792 36.0611 120
89600 130.975 -312155 -488.771 163222 72.2893 72.2893 36.0662 120
89700 129.853 -312154 -1081.25 163250 72.2934 72.2934 36.0682 120
89800 130.681 -312156 277.131 163193 72.2851 72.2851 36.064 120
89900 129.53 -312154 563.494 163134 72.2764 72.2764 36.0597 120
90000 129.832 -312155 973.823 163103 72.2718 72.2718 36.0574 120
90100 128.929 -312152 -107.962 163146 72.2781 72.2781 36.0606 120
90200 130.344 -312153 -80.7059 163207 72.2871 72.2871 36.065 120
90300 129.658 -312151 -580.246 163223 72.2895 72.2895 36.0662 120
90400 129.88 -312156 84.3236 163192 72.2848 72.2848 36.0639 120
90500 128.793 -312155 -44.2845 163166 72.281 72.281 36.062 120
90600 129.699 -312156 -264.947 163145 72.2779 72.2779 36.0605 120
90700 130.123 -312154 205.965 163142 72.2776 72.2776 36.0603 120
90800 131.137 -312155 230.427 163174 72.2822 72.2822 36.0626 120
90900 129.842 -312153 -383.406 163200 72.2861 72.2861 36.0645 120
91000 130.64 -312155 -252.405 163197 72.2857 72.2857 36.0643 120
91100 130.921 -312157 6.81044 163169 72.2814 72.2814 36.0622 120
91200 128.852 -312155 69.0043 163141 72.2774 72.2774 36.0602 120
91300 128.212 -312154 52.086 163140 72.2772 72.2772 36.0601 120
91400 130.786 -312155 -114.599 163171 72.2818 72.2818 36.0624 120
91500 131.073 -312154 -350.089 163194 72.2852 72.2852 36.0641 120
91600 130.463 -312153 -254.497 163177 72.2827 72.2827 36.0629 120
91700 129.963 -312156 -716.928 163160 72.2802 72.2802 36.0616 120
91800 127.571 -312154 22.1376 163148 72.2784 72.2784 36.0607 120
91900 128.449 -312154 -183.358 163158 72.2799 72.2799 36.0615 120
92000 129.992 -312154 390.035 163164 72.2808 72.2808 36.0619 120
92100 130.636 -312154 112.628 163200 72.2861 72.2861 36.0646 120
92200 130.685 -312154 64.7381 163211 72.2877 72.2877 36.0653 120
92300 130.336 -312154 -35.5839 163180 72.2831 72.2831 36.0631 120
92400 128.869 -312155 560.198 163122 72.2745 72.2745 36.0588 120
92500 128.776 -312156 269.087 163113 72.2733 72.2733 36.0582 120
92600 129.955 -312155 263.288 163159 72.28 72.28 36.0615 120
92700 130.08 -312152 -712.67 163228 72.2901 72.2901 36.0666 120
92800 130.007 -312152 -613.724 163230 72.2904 72.2904 36.0667 120
92900 129.162 -312152 -56.1452 163165 72.281 72.281 36.062 120
93000 129.634 -312155 681.884 163100 72.2713 72.2713 36.0572 120
93100 130.445 -312156 572.387 163099 72.2711 72.2711 36.0571 120
93200 128.785 -312153 148.131 163173 72.282 72.282 36.0625 120
93300 129.056 -312152 -326.023 163258 72.2947 72.2947 36.0688 120
93400 130.528 -312154 -1021.17 163263 72.2954 72.2954 36.0692 120
93500 129.968 -312154 128.581 163181 72.2833 72.2833 36.0631 120
93600 130.273 -312155 462.98 163103 72.2717 72.2717 36.0574 120
93700 131.135 -312158 992.974 163092 72.2701 72.2701 36.0566 120
93800 129.382 -312155 573.406 163152 72.279 72.279 36.061 120
93900 130.849 -312157 -927.862 163243 72.2924 72.2924 36.0677 120
94000 130.354 -312152 -504.173 163268 72.2961 72.2961 36.0696 120
94100 131.063 -312153 -325.876 163219 72.2889 72.2889 36.066 120
94200 130.94 -312155 327.667 163113 72.2733 72.2733 36.0581 120
94300 128.996 -312156 952.089 163049 72.2638 72.2638 36.0534 120
94400 128.478 -312155 568.455 163090 72.2698 72.2698 36.0564 120
94500 130.694 -312156 222.177 163191 72.2847 72.2847 36.0638 120
94600 130.957 -312153 -1238.62 163275 72.2972 72.2972 36.0701 120
94700 130.824 -312154 -924.687 163265 72.2957 72.2957 36.0693 120
94800 129.879 -312157 127.838 163170 72.2817 72.2817 36.0623 120
94900 128.832 -312158 670.295 163081 72.2685 72.2685 36.0557 120
95000 129.228 -312156 294.152 163079 72.2682 72.2682 36.0556 120
95100 130.05 -312154 102.324 163146 72.2782 72.2782 36.0606 120
95200 130.373 -312154 -1308.07 163255 72.2942 72.2942 36.0686 120
95300 129.323 -312152 -854.099 163265 72.2957 72.2957 36.0693 120
95400 129.353 -312154 -46.0242 163185 72.2838 72.2838 36.0634 120
95500 128.871 -312158 292.355 163104 72.2719 72.2719 36.0575 120
95600 129.737 -312159 952.386 163075 72.2677 72.2677 36.0553 120
95700 130.18 -312156 503.203 163140 72.2772 72.2772 36.0601 120
95800 130.736 -312155 -709.85 163229 72.2904 72.2904 36.0667 120
95900 130.237 -312154 -252.312 163248 72.2931 72.2931 36.068 120
96000 130.298 -312155 -1089.53 163209 72.2874 72.2874 36.0652 120
96100 129.818 -312157 482.319 163119 72.2741 72.2741 36.0586 120
96200 129.712 -312159 497.656 163102 72.2716 72.2716 36.0573 120
96300 130.787 -312159 137.198 163144 72.2779 72.2779 36.0604 120
96400 131.194 -312155 -279.173 163189 72.2844 72.2844 36.0637 120
96500 129.829 -312152 -448.91 163217 72.2886 72.2886 36.0658 120
96600 130.296 -312155 -144.32 163199 72.2859 72.2859 36.0644 120
96700 129.072 -312155 462.023 163144 72.2778 72.2778 36.0604 120
96800 128.968 -312157 153.366 163125 72.275 72.275 36.059 120
96900 128.84 -312156 374.19 163140 72.2772 72.2772 36.0601 120
97000 130.012 -312154 -607.067 163173 72.2821 72.2821 36.0625 120
97100 130.282 -312152 -389.174 163193 72.2851 72.2851 36.064 120
97200 129.789 -312153 -228.467 163204 72.2867 72.2867 36.0648 120
97300 129.484 -312156 -699.504 163194 72.2852 72.2852 36.0641 120
97400 128.711 -312155 -250.516 163155 72.2794 72.2794 36.0612 120
97500 128.3 -312152 924.659 163127 72.2753 72.2753 36.0592 120
97600 130.709 -312152 -238.271 163163 72.2807 72.2807 36.0618 120
97700 130.729 -312153 -379.346 163212 72.2878 72.2878 36.0654 120
97800 129.556 -312154 -58.4186 163220 72.2891 72.2891 36.066 120
97900 129.342 -312155 -436.382 163190 72.2846 72.2846 36.0638 120
98000 129.698 -312156 257.209 163141 72.2773 72.2773 36.0602 120
98100 131.072 -312155 524.945 163112 72.273 72.273 36.058 120
98200 130.744 -312152 153.321 163146 72.2781 72.2781 36.0605 120
98300 130.653 -312153 -631.735 163226 72.2899 72.2899 36.0664 120
98400 130.133 -312154 -933.568 163255 72.2943 72.2943 36.0686 120
98500 129.491 -312154 -207.932 163203 72.2865 72.2865 36.0648 120
98600 129.265 -312154 178.03 163130 72.2758 72.2758 36.0594 120
98700 129.753 -312154 720.693 163102 72.2716 72.2716 36.0573 120
98800 130.317 -312153 468.48 163155 72.2795 72.2795 36.0613 120
98900 131.357 -312151 -983.753 163232 72.2908 72.2908 36.0669 120
99000 129.955 -312151 -697.638 163252 72.2937 72.2937 36.0683 120
99100 130.552 -312155 -1047.35 163201 72.2862 72.2862 36.0646 120
99200 128.826 -312153 763.411 163099 72.2712 72.2712 36.0571 120
99300 130.522 -312157 927.333 163081 72.2685 72.2685 36.0558 120
99400 130.15 -312155 408.728 163133 72.2762 72.2762 36.0596 120
99500 131.215 -312153 -514.09 163219 72.2888 72.2888 36.0659 120
99600 130.258 -312150 -926.275 163260 72.2949 72.2949 36.069 120
99700 130.098 -312155 -874.891 163227 72.29 72.29 36.0665 120
99800 128.298 -312153 -25.6615 163143 72.2776 72.2776 36.0603 120
99900 129.937 -312155 1137.1 163090 72.2698 72.2698 36.0564 120
100000 130.237 -312154 241.344 163141 72.2773 72.2773 36.0602 120
