# Time-averaged data for fix 2
# TimeStep c_thermo_temp c_thermo_pe c_thermo_press v_myVol v_myCella v_myCellb v_myCellc v_myCellgamma
0 273.853 -311847 -331.413 163206 72.287 72.287 36.065 120
100 268.588 -311862 -915.687 163340 72.3067 72.3067 36.0748 120
200 275.172 -311860 -462.651 163391 72.3142 72.3142 36.0786 120
300 281.703 -311839 -1103.28 163399 72.3155 72.3155 36.0792 120
400 290.542 -311834 -135.101 163374 72.3118 72.3118 36.0774 120
500 286.332 -311834 -274.678 163341 72.3069 72.3069 36.0749 120
600 280.147 -311853 453.925 163315 72.303 72.303 36.073 120
700 275.679 -311872 -138.148 163327 72.3048 72.3048 36.0739 120
800 275.116 -311874 94.5402 163338 72.3065 72.3065 36.0747 120
900 281.19 -311866 944.516 163332 72.3056 72.3056 36.0743 120
1000 285.277 -311851 1403.61 163341 72.3069 72.3069 36.0749 120
1100 284.76 -311845 481.79 163383 72.3131 72.3131 36.078 120
1200 283.095 -311861 -98.0417 163431 72.3202 72.3202 36.0816 120
1300 277.975 -311875 373.875 163462 72.3247 72.3247 36.0838 120
1400 273.614 -311876 -487.988 163491 72.3289 72.3289 36.0859 120
1500 277.998 -311874 -197.734 163491 72.3289 72.3289 36.0859 120
1600 282.712 -311861 196.467 163467 72.3255 72.3255 36.0842 120
1700 284.411 -311854 127.015 163463 72.3249 72.3249 36.0839 120
1800 282.043 -311857 -169.286 163471 72.326 72.326 36.0845 120
1900 279.749 -311873 -585.89 163488 72.3286 72.3286 36.0857 120
2000 275.639 -311879 725.214 163499 72.3302 72.3302 36.0866 120
2100 276.299 -311877 584.254 163524 72.3338 72.3338 36.0883 120
2200 280.502 -311868 44.784 163549 72.3376 72.3376 36.0902 120
2300 288.318 -311867 -712.256 163563 72.3396 72.3396 36.0912 120
2400 287.145 -311867 -496.572 163552 72.3379 72.3379 36.0904 120
2500 277.642 -311867 -355.902 163545 72.337 72.337 36.0899 120
2600 276.722 -311881 -123.414 163539 72.3361 72.3361 36.0895 120
2700 277.177 -311886 726.779 163532 72.3351 72.3351 36.089 120
2800 280.657 -311879 350.902 163535 72.3356 72.3356 36.0892 120
2900 284.608 -311870 33.0949 163553 72.3382 72.3382 36.0905 120
3000 283.537 -311862 -562.147 163572 72.3409 72.3409 36.0919 120
3100 281.742 -311871 204.451 163579 72.3421 72.3421 36.0925 120
3200 278.501 -311883 -662.717 163579 72.342 72.342 36.0925 120
3300 275.953 -311886 419.42 163578 72.3418 72.3418 36.0923 120
3400 277.163 -311881 380.294 163585 72.3429 72.3429 36.0929 120
3500 280.868 -311872 -169.828 163601 72.3452 72.3452 36.094 120
3600 284.36 -311868 125.308 163604 72.3456 72.3456 36.0942 120
3700 284 -311872 37.2648 163603 72.3455 72.3455 36.0942 120
3800 279.183 -311880 -199.848 163608 72.3463 72.3463 36.0946 120
3900 276.994 -311889 73.0718 163606 72.346 72.346 36.0944 120
4000 273.248 -311881 -796.878 163602 72.3453 72.3453 36.0941 120
4100 280.25 -311879 -184.096 163587 72.3431 72.3431 36.093 120
4200 281.351 -311868 552.526 163569 72.3405 72.3405 36.0917 120
4300 283.41 -311872 465.054 163588 72.3433 72.3433 36.0931 120
4400 280.739 -311881 -618.934 163621 72.3481 72.3481 36.0955 120
4500 273.612 -311883 275.586 163650 72.3524 72.3524 36.0976 120
4600 274.898 -311888 -851.91 163670 72.3554 72.3554 36.0991 120
4700 279.214 -311884 203.446 163658 72.3536 72.3536 36.0982 120
4800 284.7 -311879 -294.589 163636 72.3504 72.3504 36.0966 120
4900 283.925 -311873 1723.41 163604 72.3457 72.3457 36.0943 120
5000 281.859 -311879 271.859 163601 72.3452 72.3452 36.094 120
5100 277.556 -311885 -57.8158 163616 72.3474 72.3474 36.0951 120
5200 273.79 -311884 576.36 163639 72.3509 72.3509 36.0969 120
5300 277.516 -311884 -766.517 163669 72.3552 72.3552 36.099 120
5400 281.422 -311878 -609.805 163661 72.3541 72.3541 36.0984 120
5500 281.851 -311871 33.8747 163631 72.3496 72.3496 36.0962 120
5600 282.214 -311876 182.316 163604 72.3457 72.3457 36.0943 120
5700 278.301 -311882 754.832 163581 72.3423 72.3423 36.0926 120
5800 273.37 -311882 333.269 163590 72.3437 72.3437 36.0933 120
5900 277.352 -311888 -798.004 163614 72.3471 72.3471 36.095 120
6000 279.534 -311880 -156.596 163626 72.3489 72.3489 36.0959 120
6100 285.836 -311882 31.7534 163648 72.3522 72.3522 36.0975 120
6200 278.989 -311869 -804.959 163672 72.3556 72.3556 36.0992 120
6300 280.714 -311883 -739.696 163673 72.3559 72.3559 36.0994 120
6400 279.227 -311891 178.572 163651 72.3525 72.3525 36.0977 120
6500 278.841 -311893 505.17 163624 72.3487 72.3487 36.0958 120
6600 278.817 -311886 -830.281 163631 72.3496 72.3496 36.0962 120
6700 282.408 -311881 -379.885 163653 72.3529 72.3529 36.0979 120
6800 283.501 -311878 -126.105 163667 72.3549 72.3549 36.0989 120
6900 279.853 -311879 -684.419 163667 72.355 72.355 36.0989 120
7000 277.104 -311887 350.307 163649 72.3524 72.3524 36.0976 120
7100 275.132 -311889 -89.3092 163622 72.3483 72.3483 36.0956 120
7200 277.96 -311890 806.092 163606 72.3459 72.3459 36.0944 120
7300 281.087 -311885 1342.44 163613 72.3469 72.3469 36.0949 120
7400 282.08 -311878 -107.262 163663 72.3544 72.3544 36.0986 120
7500 282.874 -311881 -59.2206 163720 72.3628 72.3628 36.1028 120
7600 281.798 -311890 -980.074 163757 72.3682 72.3682 36.1055 120
7700 275.58 -311888 -446.78 163739 72.3655 72.3655 36.1042 120
7800 277.363 -311893 407.002 163699 72.3596 72.3596 36.1012 120
7900 281.787 -311892 -1131.92 163665 72.3547 72.3547 36.0988 120
8000 281.965 -311882 595.297 163617 72.3476 72.3476 36.0952 120
8100 284.036 -311883 1502.62 163584 72.3428 72.3428 36.0928 120
8200 279.005 -311883 454.519 163618 72.3478 72.3478 36.0953 120
8300 278.724 -311894 232.299 163686 72.3578 72.3578 36.1003 120
8400 273.838 -311888 -389.168 163745 72.3664 72.3664 36.1046 120
8500 280.632 -311893 -1073.66 163758 72.3684 72.3684 36.1056 120
8600 281.708 -311884 -452.305 163729 72.3641 72.3641 36.1034 120
8700 283.166 -311881 236.685 163681 72.357 72.357 36.0999 120
8800 280.292 -311883 -4.7619 163660 72.3539 72.3539 36.0983 120
8900 274.541 -311883 -74.6428 163653 72.3529 72.3529 36.0979 120
9000 275.778 -311893 -1078.7 163651 72.3526 72.3526 36.0977 120
9100 276.469 -311889 -189.434 163647 72.352 72.352 36.0974 120
9200 280.62 -311886 -51.2558 163652 72.3528 72.3528 36.0978 120
9300 284.305 -311887 -605.545 163668 72.3552 72.3552 36.099 120
9400 281.259 -311884 655.856 163675 72.3561 72.3561 36.0995 120
9500 279.313 -311890 532.851 163686 72.3578 72.3578 36.1003 120
9600 277.356 -311894 -387.777 163704 72.3604 72.3604 36.1016 120
9700 278.123 -311895 461.772 163708 72.361 72.361 36.1019 120
9800 280.064 -311889 -1048.18 163708 72.361 72.361 36.1019 120
9900 280.723 -311882 -33.9981 163683 72.3574 72.3574 36.1001 120
10000 283.164 -311885 285.367 163654 72.353 72.353 36.0979 120
10100 281.203 -311890 547.12 163653 72.3529 72.3529 36.0979 120
10200 280.543 -311898 148.801 163656 72.3533 72.3533 36.0981 120
10300 277.238 -311895 -1163.84 163664 72.3545 72.3545 36.0987 120
10400 276.335 -311887 -508.186 163669 72.3553 72.3553 36.0991 120
10500 283.421 -311890 1189.13 163686 72.3578 72.3578 36.1003 120
10600 284.163 -311887 120.898 163731 72.3643 72.3643 36.1036 120
10700 280.75 -311886 -278.018 163746 72.3666 72.3666 36.1047 120
10800 277.673 -311891 274.695 163739 72.3655 72.3655 36.1042 120
10900 275.607 -311893 -163.882 163723 72.3632 72.3632 36.103 120
11000 279.608 -311896 133.156 163696 72.3592 72.3592 36.101 120
11100 278.158 -311884 153.41 163677 72.3564 72.3564 36.0996 120
11200 283.496 -311888 686.169 163684 72.3574 72.3574 36.1001 120
11300 281.21 -311886 -593.709 163718 72.3624 72.3624 36.1026 120
11400 280.091 -311892 -323.584 163743 72.3662 72.3662 36.1045 120
11500 279.226 -311898 376.128 163742 72.366 72.366 36.1044 120
11600 280.765 -311900 -898.492 163730 72.3642 72.3642 36.1035 120
11700 280.14 -311891 -120.223 163699 72.3597 72.3597 36.1013 120
11800 281.809 -311886 -216.472 163666 72.3548 72.3548 36.0988 120
11900 282.52 -311888 116.515 163645 72.3517 72.3517 36.0973 120
12000 279.329 -311889 -213.466 163658 72.3537 72.3537 36.0983 120
12100 278.524 -311895 730.298 163681 72.357 72.357 36.0999 120
12200 281.185 -311902 109.15 163724 72.3634 72.3634 36.1031 120
12300 278.902 -311891 -707.818 163767 72.3696 72.3696 36.1062 120
12400 279.527 -311883 -926.05 163783 72.3721 72.3721 36.1075 120
12500 282.151 -311885 0.514148 163757 72.3682 72.3682 36.1055 120
12600 279.182 -311885 -335.963 163732 72.3645 72.3645 36.1037 120
12700 281.598 -311899 210.886 163709 72.3612 72.3612 36.102 120
12800 276.849 -311896 -202.831 163699 72.3597 72.3597 36.1013 120
12900 280.176 -311898 -837.104 163685 72.3576 72.3576 36.1002 120
13000 282.419 -311893 483.87 163659 72.3538 72.3538 36.0983 120
13100 284.529 -311891 1028.66 163653 72.353 72.353 36.0979 120
13200 282.421 -311891 177.965 163677 72.3564 72.3564 36.0996 120
13300 280.022 -311894 412.318 163727 72.3637 72.3637 36.1033 120
13400 278.805 -311899 -142.44 163771 72.3703 72.3703 36.1066 120
13500 279.839 -311898 -1159.86 163786 72.3725 72.3725 36.1077 120
13600 280.732 -311893 -434.525 163764 72.3692 72.3692 36.106 120
13700 279.526 -311884 -104.737 163721 72.3629 72.3629 36.1029 120
13800 281.346 -311887 1813.32 163671 72.3556 72.3556 36.0992 120
13900 277.171 -311886 2.90974 163678 72.3566 72.3566 36.0997 120
14000 278.021 -311896 725.736 163702 72.3602 72.3602 36.1015 120
14100 279.681 -311900 167.587 163744 72.3663 72.3663 36.1046 120
14200 281.395 -311897 -840.401 163784 72.3722 72.3722 36.1075 120
14300 280.316 -311887 -1597.68 163791 72.3733 72.3733 36.108 120
14400 282.62 -311888 -365.159 163765 72.3693 72.3693 36.1061 120
14500 281.242 -311892 23.4035 163727 72.3638 72.3638 36.1033 120
14600 279.923 -311897 305.417 163685 72.3576 72.3576 36.1002 120
14700 278.775 -311900 539.72 163661 72.3541 72.3541 36.0985 120
14800 279.65 -311898 404.877 163669 72.3552 72.3552 36.099 120
14900 282.753 -311895 384.202 163699 72.3597 72.3597 36.1013 120
15000 283.846 -311892 454.922 163749 72.367 72.367 36.1049 120
15100 280.666 -311888 -1193.77 163799 72.3745 72.3745 36.1086 120
15200 279.293 -311892 -489.124 163812 72.3763 72.3763 36.1096 120
15300 277.847 -311896 -536.277 163784 72.3722 72.3722 36.1075 120
15400 277.41 -311894 650.412 163726 72.3637 72.3637 36.1032 120
15500 280.241 -311894 311.614 163687 72.358 72.358 36.1004 120
15600 282.014 -311890 542.512 163680 72.3569 72.3569 36.0999 120
15700 285.319 -311895 177.707 163688 72.358 72.358 36.1004 120
15800 280.478 -311892 -392.14 163699 72.3597 72.3597 36.1013 120
15900 276.768 -311893 -38.006 163714 72.3619 72.3619 36.1024 120
16000 277.104 -311897 -921.636 163732 72.3645 72.3645 36.1037 120
16100 280.142 -311898 70.1339 163729 72.3641 72.3641 36.1035 120
16200 279.195 -311889 53.1375 163736 72.3651 72.3651 36.1039 120
16300 281.602 -311890 360.171 163737 72.3652 72.3652 36.104 120
16400 283.221 -311897 -845.225 163755 72.3679 72.3679 36.1053 120
16500 278.545 -311896 -703.607 163765 72.3693 72.3693 36.1061 120
16600 277.49 -311898 -734.843 163751 72.3673 72.3673 36.1051 120
16700 277.796 -311897 246.181 163745 72.3664 72.3664 36.1046 120
16800 278.273 -311891 -227.552 163744 72.3663 72.3663 36.1045 120
16900 281.094 -311890 607.037 163732 72.3646 72.3646 36.1037 120
17000 282.705 -311894 108.838 163740 72.3658 72.3658 36.1043 120
17100 282.048 -311900 -115.792 163760 72.3686 72.3686 36.1057 120
17200 278.589 -311900 -530.562 163779 72.3715 72.3715 36.1072 120
17300 278.244 -311899 -380.496 163772 72.3704 72.3704 36.1066 120
17400 278.896 -311894 117.609 163741 72.3659 72.3659 36.1044 120
17500 282.196 -311894 1022.76 163713 72.3618 72.3618 36.1023 120
17600 282.146 -311893 385.395 163709 72.3612 72.3612 36.102 120
17700 281.955 -311898 293.071 163720 72.3628 72.3628 36.1028 120
17800 279.48 -311899 259.968 163735 72.3649 72.3649 36.1039 120
17900 277.034 -311896 -610.235 163765 72.3694 72.3694 36.1061 120
18000 279.138 -311897 -1297.47 163801 72.3747 72.3747 36.1087 120
18100 280.428 -311893 79.9603 163788 72.3728 72.3728 36.1078 120
18200 281.015 -311891 1225.16 163754 72.3677 72.3677 36.1053 120
18300 281.062 -311895 141.876 163739 72.3656 72.3656 36.1042 120
18400 279.155 -311899 -1.55129 163736 72.3651 72.3651 36.1039 120
18500 277.727 -311899 575.2 163744 72.3663 72.3663 36.1046 120
18600 277.647 -311896 -446.03 163764 72.3692 72.3692 36.106 120
18700 278.548 -311891 -63.5462 163766 72.3696 72.3696 36.1062 120
18800 280.544 -311890 -170.915 163765 72.3693 72.3693 36.1061 120
18900 278.029 -311887 -485.907 163767 72.3697 72.3697 36.1063 120
19000 278.793 -311895 -2.77746 163769 72.3699 72.3699 36.1064 120
19100 279.267 -311902 332.687 163775 72.3709 72.3709 36.1069 120
19200 279.291 -311901 99.1088 163780 72.3716 72.3716 36.1072 120
19300 279.822 -311896 -195.706 163768 72.3699 72.3699 36.1064 120
19400 281.332 -311892 182.371 163749 72.3671 72.3671 36.1049 120
19500 284.218 -311898 628.137 163742 72.366 72.366 36.1044 120
19600 280.364 -311896 395.832 163759 72.3685 72.3685 36.1057 120
19700 278.646 -311900 -56.5725 163791 72.3733 72.3733 36.108 120
19800 278.031 -311901 -841.247 163813 72.3764 72.3764 36.1096 120
19900 280.882 -311901 -176.753 163803 72.375 72.375 36.1089 120
20000 281.691 -311895 -501.154 163782 72.3719 72.3719 36.1074 120
20100 282.512 -311892 -257.545 163744 72.3663 72.3663 36.1046 120
20200 282.514 -311897 1042.12 163726 72.3637 72.3637 36.1032 120
20300 277.745 -311896 240.783 163735 72.365 72.365 36.1039 120
20400 278.119 -311903 -46.8634 163762 72.3689 72.3689 36.1058 120
20500 280.461 -311904 -754.657 163782 72.3719 72.3719 36.1073 120
20600 280.927 -311896 142.199 163785 72.3723 72.3723 36.1076 120
20700 283.676 -311895 327.482 163780 72.3716 72.3716 36.1072 120
20800 282.717 -311896 -571.028 163783 72.372 72.372 36.1074 120
20900 280.991 -311900 64.3442 163773 72.3705 72.3705 36.1067 120
21000 279.854 -311905 199.223 163762 72.3689 72.3689 36.1058 120
21100 279.456 -311903 710.162 163744 72.3663 72.3663 36.1046 120
21200 278.042 -311893 720.101 163735 72.3649 72.3649 36.1039 120
21300 282.617 -311894 807.846 163751 72.3673 72.3673 36.105 120
21400 281.941 -311893 -21.3331 163789 72.3729 72.3729 36.1079 120
21500 280.228 -311897 -898.437 163813 72.3765 72.3765 36.1096 120
21600 278.234 -311899 98.5573 163803 72.3749 72.3749 36.1089 120
21700 277.954 -311900 -497.236 163771 72.3702 72.3702 36.1065 120
21800 280.474 -311900 731.896 163744 72.3663 72.3663 36.1045 120
21900 280.06 -311892 483.139 163739 72.3656 72.3656 36.1042 120
22000 281.809 -311894 4.54194 163758 72.3684 72.3684 36.1056 120
22100 280.249 -311895 -94.2645 163787 72.3726 72.3726 36.1077 120
22200 277.808 -311897 -527.278 163817 72.3771 72.3771 36.1099 120
22300 277.321 -311898 -1197.53 163822 72.3778 72.3778 36.1103 120
22400 281.473 -311902 -977.679 163800 72.3745 72.3745 36.1087 120
22500 280.81 -311894 -67.053 163760 72.3686 72.3686 36.1057 120
22600 282.004 -311893 674.852 163744 72.3663 72.3663 36.1046 120
22700 281.133 -311896 754.829 163759 72.3684 72.3684 36.1056 120
22800 278.998 -311898 98.1183 163783 72.3721 72.3721 36.1074 120
22900 277.882 -311899 -708.538 163798 72.3742 72.3742 36.1085 120
23000 280.663 -311902 139.37 163783 72.3721 72.3721 36.1074 120
23100 283.069 -311901 -20.0898 163759 72.3685 72.3686 36.1057 120
23200 279.633 -311889 991.322 163735 72.365 72.365 36.1039 120
23300 281.516 -311896 530.697 163756 72.3681 72.3681 36.1055 120
23400 280.223 -311899 -567.889 163794 72.3736 72.3736 36.1082 120
23500 277.963 -311901 -343.099 163807 72.3756 72.3756 36.1092 120
23600 277.416 -311899 -1197.24 163789 72.373 72.373 36.1079 120
23700 280.99 -311899 403.819 163744 72.3663 72.3663 36.1045 120
23800 282.253 -311897 -305.816 163702 72.3602 72.3602 36.1015 120
23900 281.785 -311896 342.816 163670 72.3553 72.3553 36.0991 120
24000 280.199 -311899 196.545 163678 72.3566 72.3566 36.0997 120
24100 279.083 -311902 500.407 163727 72.3638 72.3638 36.1033 120
24200 280.002 -311905 -417.562 163794 72.3737 72.3737 36.1083 120
24300 279.167 -311898 -478.156 163845 72.3811 72.3811 36.112 120
24400 282.41 -311897 -888.18 163859 72.3833 72.3833 36.113 120
24500 283.12 -311897 -1447.48 163821 72.3776 72.3776 36.1102 120
24600 282.115 -311900 -68.7113 163741 72.3658 72.3658 36.1043 120
24700 275.788 -311895 318.864 163675 72.3561 72.3561 36.0995 120
24800 278.289 -311902 1607.12 163654 72.3531 72.3531 36.098 120
24900 280.594 -311904 -35.0638 163706 72.3607 72.3607 36.1018 120
25000 279.652 -311896 557.308 163782 72.3718 72.3718 36.1073 120
25100 282.486 -311897 -971.101 163856 72.3828 72.3828 36.1128 120
25200 278.748 -311890 -807.511 163877 72.3859 72.3859 36.1143 120
25300 280.287 -311899 -1046.87 163837 72.38 72.38 36.1114 120
25400 279.748 -311903 518.738 163757 72.3682 72.3682 36.1055 120
25500 280.494 -311904 923.276 163688 72.3581 72.3581 36.1005 120
25600 278.652 -311898 -141.432 163666 72.3548 72.3548 36.0988 120
25700 282.124 -311901 1166.7 163670 72.3553 72.3553 36.0991 120
25800 282.669 -311900 384.046 163717 72.3623 72.3623 36.1026 120
25900 278.975 -311896 -1419.69 163793 72.3735 72.3735 36.1081 120
26000 279.544 -311900 -244.407 163851 72.3821 72.3821 36.1125 120
26100 278.208 -311899 -1409.93 163870 72.3848 72.3848 36.1138 120
26200 281.428 -311902 -1365.98 163839 72.3803 72.3803 36.1115 120
26300 280.659 -311896 791.391 163760 72.3687 72.3687 36.1058 120
26400 281.033 -311897 1082.57 163710 72.3612 72.3612 36.102 120
26500 281.511 -311901 721.957 163704 72.3604 72.3604 36.1016 120
26600 276.41 -311897 302.63 163729 72.3641 72.3641 36.1035 120
26700 277.008 -311899 468.512 163758 72.3683 72.3683 36.1056 120
26800 280.826 -311902 511.8 163792 72.3733 72.3733 36.1081 120
26900 281.644 -311898 -1131.26 163831 72.3791 72.3791 36.1109 120
27000 281.729 -311896 -633.788 163837 72.3801 72.3801 36.1114 120
27100 283.536 -311904 255.324 163797 72.3741 72.3741 36.1084 120
27200 278.974 -311900 -4.5832 163768 72.3698 72.3698 36.1063 120
27300 277.564 -311901 663.414 163750 72.3671 72.3671 36.105 120
27400 280.436 -311904 150.806 163749 72.367 72.367 36.1049 120
27500 281.896 -311900 -540.058 163758 72.3684 72.3684 36.1056 120
27600 281.367 -311897 33.2958 163775 72.3709 72.3709 36.1068 120
27700 282.839 -311901 -480.223 163790 72.3731 72.3731 36.108 120
27800 279.769 -311902 -231.955 163795 72.3738 72.3738 36.1083 120
27900 277.062 -311901 -778.569 163802 72.3748 72.3748 36.1088 120
28000 278.464 -311900 -523.572 163804 72.3751 72.3751 36.1089 120
28100 280.614 -311899 431.517 163784 72.3722 72.3722 36.1075 120
28200 280.479 -311900 214.737 163771 72.3702 72.3702 36.1065 120
28300 281.136 -311902 -485.692 163772 72.3704 72.3704 36.1066 120
28400 279.558 -311901 809.709 163773 72.3706 72.3706 36.1067 120
28500 280.258 -311904 -486.27 163789 72.3729 72.3729 36.1079 120
28600 280.462 -311905 301.911 163788 72.3728 72.3728 36.1078 120
28700 282.159 -311903 216.975 163795 72.3738 72.3738 36.1083 120
28800 280.233 -311895 -238.707 163801 72.3747 72.3747 36.1087 120
28900 281.429 -311897 -978.712 163802 72.3749 72.3749 36.1089 120
29000 278.986 -311903 -179.261 163796 72.3739 72.3739 36.1083 120
29100 278.093 -311903 187.819 163804 72.3752 72.3752 36.109 120
29200 280.364 -311903 -712.427 163823 72.3779 72.3779 36.1103 120
29300 280.508 -311899 -50.5662 163824 72.3781 72.3781 36.1105 120
29400 280.671 -311897 522.916 163819 72.3774 72.3774 36.1101 120
29500 280.681 -311903 -96.7567 163821 72.3776 72.3776 36.1102 120
29600 280.518 -311910 -426.778 163817 72.3771 72.3771 36.1099 120
29700 279.182 -311905 -685.885 163815 72.3768 72.3768 36.1098 120
29800 282.888 -311905 -7.60304 163802 72.3749 72.3749 36.1088 120
29900 280.684 -311899 498.957 163792 72.3734 72.3734 36.1081 120
30000 281.318 -311901 571.19 163786 72.3725 72.3725 36.1077 120
30100 278.163 -311902 298.582 163799 72.3744 72.3744 36.1086 120
30200 278.611 -311911 -711.94 163819 72.3773 72.3773 36.11 120
30300 279.789 -311909 -121.898 163823 72.3779 72.3779 36.1103 120
30400 280.914 -311905 -147.439 163818 72.3772 72.3772 36.11 120
30500 279.388 -311899 -936.231 163817 72.377 72.377 36.1099 120
30600 281.874 -311900 1008.1 163798 72.3743 72.3743 36.1085 120
30700 277.685 -311894 803.514 163787 72.3726 72.3726 36.1077 120
30800 278.493 -311905 747.796 163780 72.3717 72.3717 36.1072 120
30900 277.361 -311905 260.739 163791 72.3733 72.3733 36.108 120
31000 281.541 -311907 -381.733 163827 72.3785 72.3785 36.1106 120
31100 279.714 -311899 -776.312 163863 72.3838 72.3838 36.1133 120
31200 282.717 -311904 -947.427 163870 72.3848 72.3848 36.1138 120
31300 281.151 -311902 252.904 163842 72.3807 72.3807 36.1118 120
31400 277.625 -311900 -58.5671 163821 72.3776 72.3776 36.1102 120
31500 277.299 -311907 114.692 163804 72.3752 72.3752 36.109 120
31600 276.78 -311907 750.052 163776 72.371 72.371 36.1069 120
31700 278.55 -311901 863.522 163774 72.3708 72.3708 36.1068 120
31800 281.135 -311903 -666.503 163807 72.3756 72.3756 36.1092 120
31900 282.026 -311902 254 163840 72.3805 72.3805 36.1116 120
32000 282.596 -311905 -512.211 163879 72.3862 72.3862 36.1145 120
32100 278.514 -311902 -826.97 163899 72.3892 72.3892 36.116 120
32200 275.648 -311902 -287.201 163883 72.3867 72.3867 36.1148 120
32300 278.627 -311905 144.691 163849 72.3818 72.3818 36.1123 120
32400 282.526 -311903 981.517 163809 72.3758 72.3758 36.1093 120
32500 281.16 -311900 680.227 163796 72.374 72.374 36.1084 120
32600 280.693 -311903 145.405 163811 72.3762 72.3762 36.1095 120
32700 280.359 -311908 692.57 163832 72.3792 72.3792 36.111 120
32800 278.871 -311905 74.4193 163858 72.3831 72.3831 36.1129 120
32900 277.796 -311892 -294.162 163880 72.3863 72.3863 36.1145 120
33000 281.424 -311896 -710.087 163889 72.3876 72.3876 36.1152 120
33100 280.948 -311901 -496.905 163874 72.3855 72.3855 36.1141 120
33200 277.99 -311901 -523.591 163839 72.3803 72.3803 36.1116 120
33300 281.852 -311909 404.484 163790 72.3731 72.3731 36.1079 120
33400 280.285 -311903 533.535 163780 72.3716 72.3716 36.1072 120
33500 282.334 -311896 352.718 163805 72.3753 72.3753 36.1091 120
33600 283.47 -311898 60.2134 163847 72.3815 72.3815 36.1122 120
33700 280.136 -311899 -927.581 163880 72.3863 72.3863 36.1145 120
33800 278.955 -311900 523.028 163879 72.3862 72.3862 36.1145 120
33900 280.609 -311905 -268.195 163876 72.3858 72.3858 36.1143 120
34000 279.093 -311901 -844.818 163866 72.3843 72.3843 36.1135 120
34100 284.335 -311903 696.092 163832 72.3793 72.3793 36.111 120
34200 282.182 -311896 -416.553 163810 72.376 72.376 36.1094 120
34300 280.646 -311900 758.214 163809 72.3759 72.3759 36.1094 120
34400 279.762 -311905 -502.878 163844 72.381 72.381 36.1119 120
34500 279.808 -311904 -686.769 163872 72.3852 72.3852 36.114 120
34600 281.263 -311904 -115.032 163869 72.3848 72.3848 36.1138 120
34700 281.494 -311899 -211.069 163851 72.3821 72.3821 36.1124 120
34800 282.115 -311895 254.015 163829 72.3788 72.3788 36.1108 120
34900 282.814 -311899 -73.1876 163811 72.3762 72.3762 36.1095 120
35000 280.754 -311905 280.24 163795 72.3738 72.3738 36.1083 120
35100 281.619 -311908 845.89 163797 72.3742 72.3742 36.1085 120
35200 280.847 -311905 -553.407 163836 72.3798 72.3798 36.1113 120
35300 280.319 -311899 -1086.42 163867 72.3845 72.3845 36.1136 120
35400 281.722 -311896 -843.035 163867 72.3844 72.3844 36.1136 120
35500 284.327 -311901 -183.206 163836 72.3799 72.3799 36.1113 120
35600 281.537 -311907 712.186 163802 72.3748 72.3748 36.1088 120
35700 278.402 -311904 457.146 163783 72.372 72.372 36.1074 120
35800 279.842 -311905 399.332 163783 72.3721 72.3721 36.1075 120
35900 278.944 -311898 226.301 163808 72.3757 72.3757 36.1092 120
36000 282.3 -311900 -60.7871 163851 72.3821 72.3821 36.1124 120
36100 278.879 -311894 -945.665 163890 72.3878 72.3878 36.1153 120
36200 279.693 -311906 -122.079 163887 72.3873 72.3873 36.1151 120
36300 279.635 -311908 -650.003 163854 72.3825 72.3825 36.1126 120
36400 278.797 -311903 174.722 163813 72.3765 72.3765 36.1096 120
36500 281.403 -311902 838.955 163806 72.3754 72.3754 36.1091 120
36600 283.464 -311905 -86.5025 163815 72.3768 72.3768 36.1098 120
36700 282.598 -311905 97.9124 163819 72.3773 72.3773 36.1101 120
36800 280.994 -311904 -355.9 163831 72.3791 72.3791 36.111 120
36900 281.649 -311906 188.715 163838 72.3802 72.3802 36.1115 120
37000 277.581 -311900 189.003 163847 72.3815 72.3815 36.1122 120
37100 280.587 -311908 -332.551 163860 72.3834 72.3834 36.1131 120
37200 279.078 -311907 -739.953 163863 72.3839 72.3839 36.1133 120
37300 279.278 -311903 907.733 163843 72.381 72.381 36.1119 120
37400 282.87 -311903 184.814 163836 72.3799 72.3799 36.1113 120
37500 280.275 -311898 -343.746 163823 72.3779 72.3779 36.1103 120
37600 281.969 -311907 350.296 163827 72.3785 72.3785 36.1106 120
37700 277.934 -311908 -571.877 163853 72.3823 72.3823 36.1126 120
37800 280.369 -311910 352.827 163850 72.3819 72.3819 36.1124 120
37900 279.279 -311904 -71.793 163842 72.3807 72.3807 36.1117 120
38000 281.598 -311903 48.8932 163837 72.38 72.38 36.1114 120
38100 280.214 -311899 545.556 163836 72.3798 72.3798 36.1113 120
38200 279.085 -311902 850.315 163834 72.3796 72.3796 36.1112 120
38300 279.014 -311911 -283.553 163837 72.38 72.38 36.1114 120
38400 278.804 -311908 -239.867 163824 72.3781 72.3781 36.1105 120
38500 280.693 -311905 885.319 163820 72.3774 72.3774 36.1101 120
38600 281.552 -311903 272.596 163826 72.3783 72.3783 36.1106 120
38700 281.936 -311905 -531.955 163828 72.3787 72.3787 36.1107 120
38800 282.191 -311907 419.973 163813 72.3765 72.3765 36.1096 120
38900 278.57 -311907 273.746 163814 72.3766 72.3766 36.1097 120
39000 275.499 -311908 -593.577 163838 72.3801 72.3801 36.1114 120
39100 278.281 -311909 -1110.12 163860 72.3834 72.3834 36.1131 120
39200 278.242 -311903 -321.228 163857 72.3829 72.3829 36.1128 120
39300 281.287 -311905 273.729 163842 72.3808 72.3808 36.1118 120
39400 280.054 -311900 -285.364 163836 72.3799 72.3799 36.1114 120
39500 280.649 -311900 -75.8412 163829 72.3789 72.3789 36.1108 120
39600 279.778 -311903 -390.208 163827 72.3786 72.3786 36.1107 120
39700 277.9 -311906 -123.856 163829 72.3787 72.3787 36.1108 120
39800 277.993 -311906 -82.0941 163842 72.3807 72.3807 36.1118 120
39900 279.658 -311901 442.912 163856 72.3829 72.3829 36.1128 120
40000 281.088 -311899 16.5884 163859 72.3833 72.3833 36.113 120
40100 280.263 -311900 -140.166 163840 72.3804 72.3804 36.1116 120
40200 280.22 -311904 -9.00401 163808 72.3757 72.3757 36.1092 120
40300 281.341 -311910 441.784 163782 72.372 72.372 36.1074 120
40400 277.324 -311906 -381.161 163780 72.3716 72.3716 36.1072 120
40500 280.69 -311911 780.027 163789 72.3729 72.3729 36.1079 120
40600 282.373 -311908 -15.4075 163829 72.3788 72.3788 36.1108 120
40700 278.586 -311896 163.439 163874 72.3854 72.3854 36.1141 120
40800 280.023 -311897 -508.032 163882 72.3866 72.3866 36.1147 120
40900 278.877 -311902 -280.817 163857 72.383 72.383 36.1129 120
41000 277.973 -311906 268.831 163826 72.3784 72.3784 36.1106 120
41100 277.03 -311903 1201.75 163806 72.3755 72.3755 36.1091 120
41200 281.613 -311908 -739.691 163807 72.3756 72.3756 36.1092 120
41300 281.041 -311905 -171.401 163807 72.3755 72.3755 36.1092 120
41400 282.239 -311906 -103.729 163826 72.3784 72.3784 36.1106 120
41500 281.594 -311906 -218.791 163839 72.3803 72.3803 36.1116 120
41600 280.027 -311910 177.066 163837 72.38 72.38 36.1114 120
41700 275.874 -311909 415.603 163845 72.3812 72.3812 36.112 120
41800 278.83 -311909 -987.826 163842 72.3808 72.3808 36.1118 120
41900 279.992 -311905 -928.045 163813 72.3764 72.3764 36.1096 120
42000 280.538 -311903 693.362 163776 72.371 72.371 36.1069 120
42100 280.784 -311902 968.429 163768 72.3698 72.3698 36.1063 120
42200 280.675 -311905 618.906 163783 72.372 72.372 36.1074 120
42300 279.02 -311910 468.263 163824 72.3781 72.3781 36.1105 120
42400 277.605 -311907 -911.083 163874 72.3855 72.3855 36.1141 120
42500 278.901 -311902 -355.739 163884 72.3869 72.3869 36.1148 120
42600 277.922 -311897 189.816 163868 72.3846 72.3846 36.1137 120
42700 279.437 -311901 150.226 163842 72.3807 72.3807 36.1117 120
42800 280.089 -311905 -318.906 163815 72.3767 72.3767 36.1098 120
42900 279.37 -311908 610.135 163788 72.3728 72.3728 36.1078 120
43000 277.276 -311909 688.942 163778 72.3713 72.3713 36.1071 120
43100 277.707 -311907 499.054 163797 72.374 72.374 36.1084 120
43200 278.858 -311900 307.296 163822 72.3777 72.3777 36.1103 120
43300 280.312 -311900 119.88 163842 72.3807 72.3807 36.1118 120
43400 280.772 -311904 -220.635 163851 72.382 72.382 36.1124 120
43500 278.528 -311907 -14.7925 163851 72.3821 72.3821 36.1124 120
43600 277.542 -311909 -95.3254 163846 72.3813 72.3813 36.112 120
43700 282.659 -311910 -592.327 163818 72.3773 72.3773 36.11 120
43800 280.593 -311899 -138.146 163788 72.3727 72.3727 36.1078 120
43900 277.597 -311897 774.272 163785 72.3723 72.3723 36.1076 120
44000 279.292 -311906 528.773 163812 72.3763 72.3763 36.1095 120
44100 280.524 -311912 -140.232 163857 72.383 72.383 36.1129 120
44200 281.712 -311909 -126.413 163902 72.3895 72.3895 36.1161 120
44300 281.937 -311901 -279.964 163919 72.3921 72.3921 36.1174 120
44400 281.232 -311899 -610.55 163911 72.3909 72.3909 36.1168 120
44500 278.859 -311900 -351.348 163877 72.3859 72.3859 36.1143 120
44600 281.909 -311910 145.969 163835 72.3796 72.3796 36.1112 120
44700 279.393 -311906 733.834 163799 72.3744 72.3744 36.1086 120
44800 279.365 -311905 465.517 163787 72.3726 72.3726 36.1077 120
44900 280.649 -311905 310.296 163801 72.3747 72.3747 36.1087 120
45000 281.621 -311900 187.119 163840 72.3804 72.3804 36.1116 120
45100 280.987 -311900 -209.282 163882 72.3867 72.3867 36.1147 120
45200 279.883 -311905 -748.038 163902 72.3896 72.3896 36.1162 120
45300 279.925 -311909 -13.7863 163884 72.3869 72.3869 36.1148 120
45400 279.81 -311908 -31.8556 163856 72.3828 72.3828 36.1128 120
45500 282.23 -311909 59.0813 163822 72.3778 72.3778 36.1103 120
45600 283.948 -311903 1013.6 163791 72.3732 72.3732 36.108 120
45700 283.487 -311901 -41.3228 163794 72.3736 72.3736 36.1082 120
45800 281.296 -311903 -26.9717 163813 72.3764 72.3764 36.1096 120
45900 278.019 -311901 106.418 163846 72.3814 72.3814 36.1121 120
46000 281.411 -311911 -165.199 163871 72.385 72.385 36.1139 120
46100 278.648 -311910 -586.271 163882 72.3867 72.3867 36.1147 120
46200 278.996 -311908 -1305.85 163861 72.3835 72.3835 36.1131 120
46300 280.392 -311901 -94.9692 163816 72.377 72.377 36.1099 120
46400 282.261 -311905 407.107 163777 72.3711 72.3711 36.107 120
46500 281.459 -311909 533.295 163758 72.3684 72.3684 36.1056 120
46600 279.744 -311910 453.618 163770 72.3702 72.3702 36.1065 120
46700 279.642 -311909 72.558 163807 72.3755 72.3755 36.1092 120
46800 278.675 -311905 -229.282 163851 72.3821 72.3821 36.1125 120
46900 282.125 -311909 -803.661 163892 72.3881 72.3881 36.1154 120
47000 283.783 -311907 114.345 163905 72.39 72.3901 36.1164 120
47100 283.171 -311901 -253.974 163893 72.3882 72.3882 36.1155 120
47200 281.462 -311905 -337.352 163864 72.384 72.384 36.1134 120
47300 279.653 -311908 2.26102 163821 72.3776 72.3776 36.1102 120
47400 278.118 -311906 1104.63 163784 72.3722 72.3722 36.1075 120
47500 280.742 -311910 -164.052 163782 72.3718 72.3718 36.1073 120
47600 282.334 -311906 223.078 163805 72.3753 72.3753 36.109 120
47700 283.924 -311905 -616.923 163838 72.3801 72.3801 36.1114 120
47800 281.343 -311906 -703.975 163868 72.3846 72.3846 36.1137 120
47900 280.057 -311907 -283.031 163865 72.3842 72.3842 36.1135 120
48000 280.132 -311909 -102.051 163855 72.3826 72.3826 36.1127 120
48100 279.36 -311907 -176.798 163826 72.3784 72.3784 36.1106 120
48200 283.101 -311915 1207.48 163799 72.3744 72.3744 36.1086 120
48300 282.015 -311911 184.083 163793 72.3734 72.3734 36.1081 120
48400 281.482 -311907 135.27 163797 72.3741 72.3741 36.1084 120
48500 282.075 -311905 51.4292 163804 72.3751 72.3751 36.109 120
48600 280.378 -311907 -567.331 163823 72.378 72.378 36.1104 120
48700 277.778 -311909 -153.722 163845 72.3812 72.3812 36.112 120
48800 278.283 -311910 -36.6283 163857 72.383 72.383 36.1129 120
48900 280.173 -311908 266.084 163864 72.384 72.384 36.1134 120
49000 280.76 -311906 -643.159 163858 72.383 72.383 36.1129 120
49100 280.869 -311907 496.324 163829 72.3788 72.3788 36.1108 120
49200 281.36 -311910 -13.8145 163800 72.3746 72.3746 36.1087 120
49300 278.34 -311906 1290.76 163776 72.371 72.371 36.1069 120
49400 279.334 -311912 476.408 163776 72.3711 72.3711 36.1069 120
49500 277.201 -311913 820.618 163799 72.3744 72.3744 36.1086 120
49600 276.502 -311906 -1757.65 163844 72.381 72.381 36.1119 120
49700 279.816 -311905 -785.618 163868 72.3845 72.3845 36.1137 120
49800 279.708 -311903 -544.815 163877 72.3859 72.3859 36.1143 120
49900 281.803 -311909 -160.172 163867 72.3844 72.3845 36.1136 120
50000 281.027 -311916 45.1803 163845 72.3812 72.3812 36.112 120
50100 276.332 -311911 -818.48 163815 72.3768 72.3768 36.1098 120
50200 279.027 -311913 1542.13 163761 72.3688 72.3688 36.1058 120
50300 279.13 -311910 345.096 163746 72.3667 72.3667 36.1047 120
50400 278.17 -311904 249.714 163767 72.3697 72.3697 36.1063 120
50500 281.162 -311906 537.089 163821 72.3777 72.3777 36.1103 120
50600 283.347 -311908 -1089.05 163890 72.3879 72.3879 36.1153 120
50700 280.577 -311910 -753.061 163911 72.3908 72.3908 36.1168 120
50800 277.824 -311910 -635.075 163892 72.3881 72.3881 36.1154 120
50900 276.497 -311906 617.345 163834 72.3796 72.3796 36.1112 120
51000 278.813 -311904 446.195 163776 72.371 72.371 36.1069 120
51100 281.903 -311908 841.64 163747 72.3667 72.3667 36.1047 120
51200 279.803 -311906 440.328 163752 72.3674 72.3674 36.1051 120
51300 282.849 -311913 175.322 163781 72.3717 72.3717 36.1073 120
51400 280.231 -311910 792.328 163829 72.3788 72.3788 36.1108 120
51500 279.67 -311913 -453.948 163885 72.3871 72.3871 36.115 120
51600 277.891 -311913 -992.716 163916 72.3917 72.3917 36.1172 120
51700 279.258 -311911 -1015.48 163913 72.3911 72.3911 36.117 120
51800 282.555 -311909 -809.731 163873 72.3853 72.3853 36.114 120
51900 279.356 -311903 230.624 163814 72.3767 72.3767 36.1097 120
52000 280.223 -311908 345.466 163764 72.3692 72.3692 36.106 120
52100 277.318 -311910 473.323 163742 72.366 72.366 36.1044 120
52200 276.133 -311911 1044.68 163753 72.3676 72.3676 36.1052 120
52300 278.712 -311907 250.496 163800 72.3746 72.3746 36.1087 120
52400 281.296 -311906 -536.548 163878 72.3861 72.3861 36.1144 120
52500 283.098 -311910 -872.377 163930 72.3937 72.3937 36.1182 120
52600 278.934 -311906 -590.602 163934 72.3942 72.3942 36.1185 120
52700 278.766 -311910 -311.941 163894 72.3883 72.3883 36.1155 120
52800 278.08 -311909 -404.568 163826 72.3783 72.3783 36.1106 120
52900 281.945 -311909 1231.9 163743 72.3662 72.3662 36.1045 120
53000 283.178 -311907 1217.23 163710 72.3612 72.3612 36.102 120
53100 280.233 -311905 318.3 163758 72.3684 72.3684 36.1056 120
53200 279.249 -311908 -576.877 163847 72.3815 72.3815 36.1121 120
53300 278.072 -311907 -734.972 163935 72.3944 72.3944 36.1186 120
53400 279.64 -311908 -344.831 163985 72.4018 72.4018 36.1223 120
53500 277.507 -311902 -1285.73 163982 72.4013 72.4013 36.122 120
53600 282.027 -311907 -947.872 163916 72.3917 72.3917 36.1172 120
53700 282.539 -311905 522.373 163814 72.3767 72.3767 36.1097 120
53800 282.098 -311904 1179.92 163738 72.3654 72.3655 36.1041 120
53900 278.672 -311908 1413.55 163724 72.3633 72.3633 36.1031 120
54000 279.256 -311912 1076.74 163762 72.3689 72.3689 36.1059 120
54100 280.85 -311913 934.87 163833 72.3793 72.3793 36.1111 120
54200 281.707 -311907 -319.6 163924 72.3929 72.3929 36.1178 120
54300 280.661 -311900 -1774.56 163988 72.4022 72.4022 36.1225 120
54400 281.504 -311905 -1827.98 163985 72.4018 72.4018 36.1222 120
54500 278.009 -311901 -833.084 163928 72.3934 72.3934 36.1181 120
54600 280.91 -311910 244.868 163843 72.3809 72.3809 36.1119 120
54700 278.78 -311909 1105.75 163771 72.3703 72.3703 36.1065 120
54800 280.062 -311914 926.632 163725 72.3635 72.3635 36.1031 120
54900 279.692 -311912 1360.53 163739 72.3655 72.3655 36.1042 120
55000 280.954 -311907 82.7128 163813 72.3765 72.3765 36.1097 120
55100 282.434 -311907 -501.287 163904 72.3898 72.3898 36.1163 120
55200 277.876 -311902 -944.021 163975 72.4003 72.4003 36.1215 120
55300 277.729 -311910 -1520.82 163997 72.4035 72.4035 36.1231 120
55400 276.457 -311907 -1511.57 163953 72.3971 72.3971 36.1199 120
55500 278.839 -311908 16.2551 163851 72.3821 72.3821 36.1124 120
55600 280.036 -311907 766.05 163737 72.3653 72.3653 36.104 120
55700 284.225 -311914 1802.17 163672 72.3557 72.3557 36.0993 120
55800 280.217 -311911 1411.97 163694 72.359 72.359 36.1009 120
55900 278.359 -311914 447.026 163791 72.3732 72.3732 36.108 120
56000 276.264 -311908 -814.337 163915 72.3915 72.3915 36.1171 120
56100 278.455 -311904 -1726.51 164002 72.4042 72.4042 36.1235 120
56200 280.855 -311906 24.876 164010 72.4055 72.4055 36.1241 120
56300 279.843 -311907 -951.861 163962 72.3985 72.3985 36.1206 120
56400 281.037 -311912 110.04 163865 72.3841 72.3841 36.1135 120
56500 281.225 -311916 270.038 163772 72.3704 72.3704 36.1066 120
56600 274.606 -311914 400.507 163718 72.3625 72.3625 36.1027 120
56700 277.104 -311916 1272.7 163725 72.3634 72.3634 36.1031 120
56800 278.052 -311911 3.44244 163792 72.3734 72.3734 36.1081 120
56900 280.444 -311910 -431.994 163872 72.3851 72.3851 36.1139 120
57000 278.518 -311903 -872.576 163941 72.3953 72.3953 36.119 120
57100 279.654 -311905 -686.529 163965 72.3988 72.3988 36.1208 120
57200 278.468 -311908 -1301.76 163943 72.3956 72.3956 36.1192 120
57300 275.899 -311910 -140.485 163860 72.3833 72.3833 36.1131 120
57400 278.106 -311913 798.598 163764 72.3692 72.3692 36.106 120
57500 282.186 -311913 1543.83 163707 72.3608 72.3608 36.1018 120
57600 281.204 -311908 882.318 163715 72.3621 72.3621 36.1024 120
57700 278.255 -311905 762.212 163782 72.3719 72.3719 36.1074 120
57800 280.241 -311912 108.01 163878 72.3861 72.3861 36.1144 120
57900 279.235 -311912 -1108.18 163967 72.3991 72.3991 36.1209 120
58000 278.365 -311908 -2204.84 163987 72.4021 72.4021 36.1224 120
58100 280.323 -311904 -401.121 163931 72.3939 72.3939 36.1183 120
58200 280.447 -311903 -379.312 163849 72.3818 72.3818 36.1123 120
58300 280.178 -311909 310.655 163765 72.3694 72.3694 36.1061 120
58400 278.443 -311911 437.917 163715 72.3621 72.3621 36.1025 120
58500 282.428 -311919 1381.29 163716 72.3622 72.3622 36.1025 120
58600 282.678 -311917 1282.52 163789 72.3729 72.3729 36.1079 120
58700 282.581 -311910 -1104.12 163907 72.3903 72.3903 36.1165 120
58800 285.744 -311908 -1589.88 163975 72.4003 72.4003 36.1215 120
58900 282.695 -311906 -1717.16 163972 72.3998 72.3998 36.1213 120
59000 281.928 -311910 346.915 163904 72.3898 72.3898 36.1163 120
59100 281.127 -311913 148.198 163828 72.3786 72.3786 36.1107 120
59200 281.811 -311918 776.883 163754 72.3677 72.3677 36.1053 120
59300 277.661 -311912 568.988 163718 72.3625 72.3625 36.1027 120
59400 280.76 -311914 461.067 163742 72.366 72.366 36.1044 120
59500 281.792 -311909 -14.746 163807 72.3756 72.3756 36.1092 120
59600 283.531 -311911 -20.775 163881 72.3865 72.3865 36.1146 120
59700 279.815 -311908 -951.918 163943 72.3955 72.3955 36.1192 120
59800 275.838 -311908 -1673.73 163953 72.3971 72.3971 36.1199 120
59900 279.795 -311915 5.39913 163900 72.3893 72.3893 36.1161 120
60000 280.166 -311912 418.91 163833 72.3794 72.3794 36.1111 120
60100 282.759 -311915 973.579 163780 72.3716 72.3716 36.1072 120
60200 281.35 -311909 1595.65 163756 72.3681 72.3681 36.1055 120
60300 282.004 -311904 609.152 163783 72.372 72.372 36.1074 120
60400 283.635 -311908 -218.324 163833 72.3794 72.3794 36.1111 120
60500 279.989 -311910 -353.061 163891 72.3879 72.3879 36.1153 120
60600 280.201 -311914 -2089.72 163935 72.3944 72.3944 36.1186 120
60700 280.642 -311913 -830.852 163922 72.3925 72.3925 36.1177 120
60800 281.713 -311911 324.219 163870 72.3849 72.3849 36.1139 120
60900 280.411 -311901 754.138 163831 72.3792 72.3792 36.111 120
61000 279.001 -311901 372.491 163802 72.3748 72.3748 36.1088 120
61100 279.254 -311909 864.78 163784 72.3722 72.3722 36.1075 120
61200 279.958 -311912 727.651 163790 72.3731 72.3731 36.1079 120
61300 279.088 -311910 8.63336 163826 72.3784 72.3784 36.1106 120
61400 278.072 -311906 22.6203 163868 72.3846 72.3846 36.1137 120
61500 282.026 -311912 -40.7117 163904 72.3898 72.3898 36.1163 120
61600 280.652 -311908 -710.523 163920 72.3922 72.3922 36.1175 120
61700 278.572 -311904 -141.333 163897 72.3889 72.3889 36.1158 120
61800 277.438 -311909 245.376 163856 72.3828 72.3828 36.1128 120
61900 279.873 -311918 472.875 163801 72.3747 72.3747 36.1088 120
62000 281.023 -311917 902.488 163772 72.3704 72.3704 36.1066 120
62100 282.964 -311911 637.915 163773 72.3705 72.3705 36.1067 120
62200 281.729 -311909 551.139 163811 72.3762 72.3762 36.1095 120
62300 280.398 -311911 372.484 163865 72.3841 72.3841 36.1135 120
62400 278.124 -311911 -664.555 163926 72.3931 72.3931 36.1179 120
62500 278.801 -311913 -1510.11 163952 72.397 72.397 36.1199 120
62600 281.424 -311913 -509.565 163922 72.3925 72.3925 36.1176 120
62700 284.191 -311911 -30.0998 163866 72.3843 72.3843 36.1135 120
62800 282.598 -311910 1105.5 163815 72.3767 72.3767 36.1098 120
62900 281.216 -311915 449.979 163790 72.373 72.373 36.1079 120
63000 279.538 -311914 394.836 163788 72.3728 72.3728 36.1078 120
63100 279.906 -311913 407.682 163816 72.3769 72.3769 36.1099 120
63200 280.203 -311911 -778.468 163863 72.3839 72.3839 36.1133 120
63300 284.36 -311910 -397.911 163886 72.3872 72.3872 36.115 120
63400 282.835 -311907 67.9774 163894 72.3883 72.3883 36.1156 120
63500 280.899 -311912 -648.402 163897 72.3889 72.3889 36.1158 120
63600 279.471 -311912 -124.779 163874 72.3854 72.3854 36.1141 120
63700 280.669 -311917 -361.356 163840 72.3804 72.3804 36.1116 120
63800 279.628 -311913 294.556 163810 72.376 72.376 36.1094 120
63900 283.149 -311914 995.63 163786 72.3724 72.3724 36.1076 120
64000 283.254 -311909 436.091 163801 72.3747 72.3747 36.1087 120
64100 278.883 -311907 -589.839 163840 72.3804 72.3804 36.1116 120
64200 279.613 -311916 -463.109 163871 72.385 72.385 36.1139 120
64300 278 -311912 548.02 163888 72.3875 72.3875 36.1151 120
64400 280.248 -311913 -500.632 163914 72.3914 72.3914 36.1171 120
64500 280.338 -311907 -385.498 163915 72.3915 72.3915 36.1171 120
64600 281.206 -311904 -831.167 163890 72.3878 72.3878 36.1153 120
64700 284.051 -311913 186.322 163858 72.383 72.383 36.1129 120
64800 278.432 -311912 -456.633 163842 72.3807 72.3807 36.1117 120
64900 280.596 -311918 615.837 163828 72.3787 72.3787 36.1108 120
65000 279.749 -311915 218.541 163835 72.3797 72.3797 36.1112 120
65100 280.328 -311909 -131.918 163863 72.3839 72.3839 36.1133 120
65200 281.589 -311909 -652.653 163884 72.387 72.387 36.1149 120
65300 280.601 -311912 -738.399 163893 72.3883 72.3883 36.1155 120
65400 277.888 -311916 -207.14 163885 72.3871 72.3871 36.115 120
65500 277.504 -311913 601.992 163861 72.3836 72.3836 36.1132 120
65600 279.372 -311910 551.981 163835 72.3797 72.3797 36.1113 120
65700 280.105 -311909 314.701 163829 72.3788 72.3788 36.1108 120
65800 280.113 -311910 283.205 163829 72.3787 72.3787 36.1108 120
65900 275.903 -311913 199.449 163848 72.3816 72.3816 36.1122 120
66000 272.612 -311910 -766.179 163874 72.3854 72.3854 36.1141 120
66100 279.947 -311918 -171.809 163885 72.387 72.387 36.1149 120
66200 279.499 -311911 -146.094 163869 72.3847 72.3847 36.1138 120
66300 281.268 -311912 -16.7794 163849 72.3818 72.3818 36.1123 120
66400 280.995 -311913 621.201 163833 72.3795 72.3795 36.1111 120
66500 278.092 -311916 326.275 163848 72.3817 72.3817 36.1122 120
66600 275.436 -311914 -40.9223 163874 72.3854 72.3854 36.1141 120
66700 277.048 -311912 97.1522 163889 72.3876 72.3876 36.1152 120
66800 280.201 -311914 -744.651 163901 72.3895 72.3895 36.1161 120
66900 279.083 -311911 -276.227 163889 72.3877 72.3877 36.1152 120
67000 280.906 -311913 141.574 163863 72.3838 72.3838 36.1133 120
67100 281.804 -311912 603.013 163823 72.3779 72.3779 36.1104 120
67200 281.385 -311913 725.844 163811 72.3761 72.3761 36.1094 120
67300 278.324 -311913 -226.699 163823 72.378 72.378 36.1104 120
67400 277.138 -311914 -46.4763 163848 72.3816 72.3816 36.1122 120
67500 278.826 -311913 -1118.04 163871 72.385 72.385 36.1139 120
67600 282.639 -311911 215.303 163876 72.3857 72.3857 36.1142 120
67700 280.475 -311909 -83.0342 163886 72.3872 72.3872 36.115 120
67800 281.265 -311914 -393.779 163893 72.3882 72.3882 36.1155 120
67900 281.565 -311918 174.165 163884 72.3869 72.3869 36.1148 120
68000 276.937 -311910 -241.354 163871 72.385 72.385 36.1139 120
68100 279.184 -311914 319.824 163836 72.3798 72.3798 36.1113 120
68200 278.693 -311912 1152.09 163800 72.3746 72.3746 36.1087 120
68300 280.12 -311913 379.963 163803 72.375 72.375 36.1089 120
68400 281.656 -311914 -370.384 163843 72.3808 72.3808 36.1118 120
68500 278.89 -311905 -926.904 163888 72.3876 72.3876 36.1152 120
68600 282.294 -311912 -46.6721 163912 72.391 72.391 36.1169 120
68700 280.53 -311915 -328.598 163916 72.3917 72.3917 36.1172 120
68800 279.352 -311917 398.777 163889 72.3877 72.3877 36.1152 120
68900 278.051 -311913 -115.162 163850 72.3819 72.3819 36.1124 120
69000 280.718 -311910 1004.59 163816 72.377 72.377 36.1099 120
69100 282.061 -311909 53.5854 163815 72.3768 72.3768 36.1098 120
69200 281.543 -311911 774.522 163833 72.3794 72.3794 36.1111 120
69300 278.874 -311911 409.927 163882 72.3866 72.3866 36.1147 120
69400 279.795 -311915 -837.314 163933 72.3941 72.3941 36.1184 120
69500 281.335 -311918 -1155.55 163945 72.3959 72.3959 36.1193 120
69600 280.962 -311908 -292.826 163905 72.39 72.39 36.1164 120
69700 283.659 -311910 744.771 163850 72.3819 72.3819 36.1123 120
69800 281.56 -311913 468.749 163808 72.3757 72.3757 36.1092 120
69900 281.013 -311916 62.285 163785 72.3724 72.3724 36.1076 120
70000 278.075 -311911 1193.88 163795 72.3738 72.3738 36.1083 120
70100 280.365 -311916 -242.86 163856 72.3828 72.3828 36.1128 120
70200 283.626 -311918 -178.06 163930 72.3937 72.3937 36.1182 120
70300 282.325 -311908 -277.65 163972 72.3999 72.3999 36.1213 120
70400 282.446 -311909 -1034.39 163953 72.3971 72.3971 36.1199 120
70500 280.373 -311914 -726.484 163888 72.3875 72.3875 36.1151 120
70600 281.026 -311918 467.912 163810 72.3761 72.3761 36.1094 120
70700 278.176 -311913 817.585 163769 72.3699 72.3699 36.1064 120
70800 279.763 -311912 1016.01 163780 72.3716 72.3716 36.1072 120
70900 281.142 -311910 -318.206 163844 72.3811 72.3811 36.1119 120
71000 282.251 -311904 243.946 163914 72.3914 72.3914 36.1171 120
71100 279.61 -311904 -822.074 163963 72.3985 72.3985 36.1206 120
71200 279.822 -311912 -1287.4 163970 72.3996 72.3996 36.1211 120
71300 280.818 -311916 -1382.84 163922 72.3925 72.3925 36.1176 120
71400 278.615 -311913 504.675 163838 72.3802 72.3802 36.1115 120
71500 280.337 -311913 1308.57 163771 72.3703 72.3703 36.1065 120
71600 282.92 -311913 976.186 163762 72.3689 72.3689 36.1059 120
71700 281.845 -311908 1390.94 163807 72.3755 72.3755 36.1092 120
71800 280.982 -311916 -93.8828 163890 72.3878 72.3878 36.1153 120
71900 279.23 -311916 -1173.07 163954 72.3973 72.3973 36.12 120
72000 281.052 -311917 -1650.52 163975 72.4003 72.4003 36.1215 120
72100 279.626 -311910 -835.011 163931 72.3938 72.3938 36.1183 120
72200 282.263 -311910 533.443 163847 72.3815 72.3815 36.1121 120
72300 282.848 -311907 974.953 163782 72.3719 72.3719 36.1074 120
72400 283.099 -311910 1002.58 163755 72.3679 72.3679 36.1054 120
72500 280.952 -311915 1114.28 163784 72.3722 72.3722 36.1075 120
72600 276.041 -311909 22.334 163857 72.383 72.383 36.1129 120
72700 279.02 -311915 -499.638 163925 72.3929 72.3929 36.1178 120
72800 281.531 -311914 -631.001 163956 72.3975 72.3975 36.1201 120
72900 282.1 -311908 -504.956 163944 72.3958 72.3958 36.1193 120
73000 280.381 -311907 -803.902 163894 72.3884 72.3884 36.1156 120
73100 277.61 -311909 -279.975 163827 72.3785 72.3785 36.1107 120
73200 278.505 -311912 1637.27 163775 72.3708 72.3708 36.1068 120
73300 276.528 -311908 -219.824 163780 72.3717 72.3717 36.1072 120
73400 281.69 -311916 894.842 163805 72.3753 72.3753 36.109 120
73500 280.344 -311911 274.702 163865 72.3842 72.3842 36.1135 120
73600 280.973 -311909 -193.931 163926 72.3932 72.3932 36.118 120
73700 283.493 -311917 -769.286 163956 72.3976 72.3976 36.1202 120
73800 280.105 -311918 -427.56 163939 72.395 72.395 36.1189 120
73900 279.486 -311919 -1112.17 163891 72.388 72.388 36.1154 120
74000 280.879 -311917 315.61 163832 72.3792 72.3792 36.111 120
74100 280.156 -311908 1065.73 163794 72.3737 72.3737 36.1082 120
74200 280.986 -311910 216.157 163806 72.3755 72.3755 36.1091 120
74300 282.068 -311916 675.062 163839 72.3803 72.3803 36.1116 120
74400 277.332 -311911 -42.4542 163883 72.3868 72.3868 36.1148 120
74500 278.105 -311914 -702.617 163912 72.3911 72.3911 36.1169 120
74600 281.895 -311914 -566.922 163914 72.3913 72.3913 36.117 120
74700 284.074 -311912 729.287 163887 72.3874 72.3874 36.1151 120
74800 278.318 -311905 622.952 163855 72.3827 72.3827 36.1127 120
74900 281.338 -311917 330.091 163830 72.379 72.379 36.1109 120
75000 281.366 -311919 386.864 163823 72.378 72.378 36.1104 120
75100 280.773 -311916 675.138 163828 72.3787 72.3787 36.1107 120
75200 280.118 -311912 -713.693 163859 72.3833 72.3833 36.113 120
75300 285.469 -311912 781.261 163873 72.3853 72.3853 36.114 120
75400 283.415 -311908 -343.912 163878 72.386 72.386 36.1144 120
75500 280.153 -311909 -180.658 163873 72.3853 72.3853 36.1141 120
75600 279.898 -311913 -925.874 163861 72.3835 72.3835 36.1131 120
75700 278.389 -311912 350.761 163830 72.3789 72.3789 36.1109 120
75800 277.403 -311912 -113.619 163823 72.3779 72.3779 36.1103 120
75900 278.443 -311911 -150.498 163833 72.3794 72.3794 36.1111 120
76000 283.347 -311913 143.02 163848 72.3815 72.3816 36.1122 120
76100 283.225 -311912 267.572 163857 72.3829 72.3829 36.1129 120
76200 281.453 -311917 631.549 163868 72.3845 72.3845 36.1137 120
76300 278.89 -311916 -116.507 163884 72.3869 72.3869 36.1149 120
76400 278.385 -311913 -173.799 163889 72.3876 72.3876 36.1152 120
76500 279.098 -311910 -66.7949 163885 72.3871 72.3871 36.1149 120
76600 281.111 -311910 -20.1859 163869 72.3846 72.3846 36.1137 120
76700 284.764 -311914 -413.944 163861 72.3835 72.3835 36.1131 120
76800 281.487 -311910 19.3264 163851 72.3821 72.3821 36.1124 120
76900 276.033 -311909 487.244 163853 72.3824 72.3824 36.1126 120
77000 278.173 -311915 228.503 163859 72.3832 72.3832 36.113 120
77100 277.745 -311913 -287.157 163863 72.3838 72.3838 36.1133 120
77200 282.878 -311914 283.559 163867 72.3844 72.3844 36.1136 120
77300 282.103 -311910 -32.1141 163869 72.3847 72.3847 36.1137 120
77400 282.996 -311914 222.011 163870 72.3848 72.3848 36.1138 120
77500 281.588 -311915 -479.937 163866 72.3843 72.3843 36.1136 120
77600 281.047 -311917 278.742 163850 72.3819 72.3819 36.1124 120
77700 280.064 -311918 79.4497 163834 72.3795 72.3795 36.1112 120
77800 278.129 -311915 -598.756 163833 72.3794 72.3794 36.1111 120
77900 280.946 -311918 446.765 163840 72.3804 72.3804 36.1116 120
78000 280.341 -311912 -115.294 163852 72.3822 72.3822 36.1125 120
78100 281.561 -311911 -257.466 163874 72.3855 72.3855 36.1141 120
78200 281.341 -311911 -455.847 163885 72.3871 72.3871 36.1149 120
78300 280.194 -311918 282.79 163879 72.3862 72.3862 36.1145 120
78400 277.214 -311915 -208.06 163872 72.3852 72.3852 36.114 120
78500 278.494 -311914 6.47701 163853 72.3823 72.3823 36.1125 120
78600 283.296 -311918 1115.49 163835 72.3797 72.3797 36.1112 120
78700 282.062 -311914 -87.1222 163850 72.382 72.382 36.1124 120
78800 280.235 -311912 -242.015 163881 72.3865 72.3865 36.1146 120
78900 280.934 -311915 330.227 163906 72.3902 72.3902 36.1165 120
79000 281.601 -311917 -316.116 163917 72.3917 72.3917 36.1172 120
79100 277.464 -311912 -649.225 163897 72.3888 72.3888 36.1158 120
79200 279.048 -311919 627.182 163838 72.3802 72.3802 36.1115 120
79300 279.737 -311922 835.269 163794 72.3736 72.3736 36.1082 120
79400 280.696 -311916 553.096 163793 72.3735 72.3735 36.1081 120
79500 282.765 -311915 287.708 163818 72.3772 72.3772 36.11 120
79600 282.171 -311914 -152.299 163860 72.3833 72.3833 36.1131 120
79700 279.588 -311914 -418.459 163912 72.391 72.391 36.1169 120
79800 277.267 -311916 -743.313 163944 72.3958 72.3958 36.1193 120
79900 277.449 -311916 -968.334 163939 72.3951 72.3951 36.1189 120
80000 279.708 -311917 -1228.44 163895 72.3885 72.3885 36.1156 120
80100 280.674 -311915 159.731 163810 72.376 72.376 36.1094 120
80200 281.114 -311913 1278.95 163730 72.3642 72.3642 36.1035 120
80300 283.073 -311916 1971.73 163708 72.361 72.361 36.1019 120
80400 278.789 -311917 261.322 163766 72.3695 72.3695 36.1062 120
80500 277.782 -311918 77.0746 163861 72.3835 72.3835 36.1131 120
80600 279.104 -311915 -927.69 163956 72.3975 72.3975 36.1201 120
80700 281.288 -311914 -1271.98 164019 72.4068 72.4068 36.1248 120
80800 280.027 -311910 -1095.47 164005 72.4047 72.4047 36.1237 120
80900 279.987 -311912 -359.806 163924 72.3928 72.3928 36.1178 120
81000 278.592 -311912 873.546 163825 72.3783 72.3783 36.1105 120
81100 278.88 -311919 1090.33 163757 72.3682 72.3682 36.1055 120
81200 277.163 -311923 525.728 163735 72.365 72.365 36.1039 120
81300 276.833 -311916 1370.04 163758 72.3683 72.3683 36.1056 120
81400 280.484 -311917 -40.5346 163837 72.38 72.38 36.1114 120
81500 279.922 -311914 -743.645 163918 72.392 72.392 36.1174 120
81600 280.166 -311911 -478.512 163971 72.3997 72.3997 36.1212 120
81700 281.874 -311911 -1256.95 163977 72.4006 72.4006 36.1217 120
81800 280.398 -311912 -1264.9 163930 72.3937 72.3937 36.1183 120
81900 277.591 -311913 -213.058 163849 72.3818 72.3818 36.1123 120
82000 278.513 -311919 363.031 163769 72.37 72.37 36.1064 120
82100 281.037 -311920 689.326 163740 72.3657 72.3657 36.1043 120
82200 282.701 -311915 664.033 163769 72.37 72.37 36.1064 120
82300 280.803 -311911 1740.01 163823 72.3779 72.3779 36.1103 120
82400 279.046 -311910 -341.128 163906 72.3902 72.3902 36.1165 120
82500 277.608 -311910 -436.198 163963 72.3985 72.3985 36.1206 120
82600 278.949 -311916 -325.475 163973 72.4 72.4 36.1214 120
82700 278.338 -311918 -659.379 163941 72.3953 72.3953 36.119 120
82800 274.616 -311910 -323.715 163881 72.3865 72.3865 36.1147 120
82900 280.63 -311914 0.315519 163813 72.3765 72.3765 36.1096 120
83000 280.715 -311911 1484.04 163759 72.3686 72.3686 36.1057 120
83100 280.324 -311912 1003.72 163762 72.369 72.369 36.1059 120
83200 281.268 -311923 388.094 163819 72.3774 72.3774 36.1101 120
83300 278.38 -311919 418.647 163892 72.3882 72.3882 36.1155 120
83400 278.725 -311916 -666.72 163960 72.3981 72.3981 36.1204 120
83500 279.007 -311912 -1557.64 163985 72.4018 72.4018 36.1223 120
83600 281.382 -311914 -389.949 163951 72.3968 72.3968 36.1198 120
83700 280.872 -311913 -143.689 163889 72.3876 72.3876 36.1152 120
83800 279.402 -311919 653.945 163821 72.3777 72.3777 36.1102 120
83900 278.066 -311922 1375.71 163773 72.3705 72.3705 36.1067 120
84000 277.145 -311914 1189.38 163771 72.3703 72.3703 36.1065 120
84100 279.274 -311914 -221.241 163835 72.3797 72.3797 36.1112 120
84200 278.955 -311910 -859.017 163905 72.39 72.39 36.1164 120
84300 280.531 -311914 -638.014 163956 72.3976 72.3976 36.1202 120
84400 278.993 -311916 -678.155 163971 72.3998 72.3998 36.1213 120
84500 276.77 -311920 -853.065 163938 72.3949 72.3949 36.1188 120
84600 276.861 -311918 29.3316 163871 72.385 72.385 36.1139 120
84700 280.263 -311918 1053.3 163804 72.3751 72.3751 36.109 120
84800 279.895 -311915 973.346 163767 72.3696 72.3696 36.1062 120
84900 284.452 -311922 1423.42 163770 72.3702 72.3702 36.1065 120
85000 281.585 -311916 612.933 163832 72.3792 72.3792 36.111 120
85100 280.047 -311916 -1207.08 163913 72.3912 72.3912 36.117 120
85200 278.814 -311920 -393.183 163971 72.3997 72.3997 36.1212 120
85300 277.694 -311916 -944.571 163982 72.4014 72.4014 36.1221 120
85400 278.865 -311909 -722.473 163937 72.3947 72.3947 36.1188 120
85500 281.726 -311913 110.654 163883 72.3867 72.3867 36.1147 120
85600 279.822 -311913 -169.553 163836 72.3799 72.3799 36.1113 120
85700 277.856 -311913 275.27 163813 72.3764 72.3764 36.1096 120
85800 276.662 -311914 -250.405 163814 72.3767 72.3767 36.1097 120
85900 277.336 -311924 813.823 163837 72.3799 72.3799 36.1114 120
86000 279.639 -311926 194.475 163889 72.3876 72.3876 36.1152 120
86100 279.71 -311917 -41.9686 163929 72.3936 72.3936 36.1182 120
86200 280.355 -311913 -489.347 163949 72.3965 72.3965 36.1196 120
86300 282.556 -311915 -440.182 163929 72.3936 72.3936 36.1182 120
86400 280.882 -311911 581.164 163885 72.3871 72.3871 36.1149 120
86500 279.227 -311916 341.407 163842 72.3807 72.3807 36.1117 120
86600 277.816 -311918 1081.94 163811 72.3762 72.3762 36.1095 120
86700 276.949 -311915 668.227 163818 72.3771 72.3771 36.11 120
86800 282.604 -311919 56.1857 163846 72.3813 72.3813 36.112 120
86900 281.266 -311914 -421.303 163880 72.3863 72.3863 36.1146 120
87000 280.829 -311914 -223.599 163904 72.3899 72.3899 36.1163 120
87100 279.76 -311915 153.528 163911 72.3909 72.3909 36.1168 120
87200 279.493 -311919 -213.707 163903 72.3897 72.3897 36.1162 120
87300 277.652 -311923 -246.253 163879 72.3862 72.3862 36.1145 120
87400 279.023 -311921 -118.017 163852 72.3823 72.3823 36.1125 120
87500 278.217 -311911 461.954 163828 72.3787 72.3787 36.1108 120
87600 279.136 -311910 277.88 163816 72.3769 72.3769 36.1099 120
87700 281.49 -311915 321.055 163818 72.3771 72.3771 36.11 120
87800 280.233 -311917 628.764 163827 72.3785 72.3785 36.1107 120
87900 278.523 -311920 -232.466 163877 72.3858 72.3859 36.1143 120
88000 277.903 -311918 -514.962 163937 72.3947 72.3947 36.1187 120
88100 279.102 -311909 -958.091 163968 72.3993 72.3993 36.121 120
88200 284.066 -311917 -423.496 163949 72.3965 72.3965 36.1196 120
88300 279.425 -311912 -91.8651 163902 72.3896 72.3896 36.1162 120
88400 277.853 -311914 -298.96 163826 72.3784 72.3784 36.1106 120
88500 279.327 -311919 1202.85 163754 72.3678 72.3678 36.1053 120
88600 280.232 -311918 328.632 163751 72.3673 72.3673 36.1051 120
88700 281.402 -311912 292.18 163806 72.3755 72.3755 36.1091 120
88800 279.667 -311907 304.522 163893 72.3883 72.3883 36.1155 120
88900 281.95 -311916 -817.031 163999 72.4038 72.4038 36.1233 120
89000 278.095 -311915 -2017.47 164039 72.4097 72.4097 36.1262 120
89100 280.677 -311919 -558.611 163987 72.4021 72.4021 36.1224 120
89200 281.774 -311919 386.567 163879 72.3862 72.3862 36.1145 120
89300 279.575 -311913 1378.77 163762 72.369 72.369 36.1059 120
89400 280.162 -311914 1990.17 163694 72.3589 72.3589 36.1009 120
89500 280.883 -311918 1812.73 163716 72.3622 72.3622 36.1025 120
89600 278.129 -311914 15.8409 163831 72.3791 72.3791 36.1109 120
89700 277.739 -311911 -114.985 163973 72.4 72.4 36.1214 120
89800 278.393 -311911 -1996.5 164082 72.4161 72.4161 36.1294 120
89900 279.954 -311911 -592.921 164093 72.4177 72.4177 36.1302 120
90000 281.341 -311912 -448.264 164023 72.4073 72.4073 36.125 120
90100 281.501 -311916 -38.4454 163888 72.3874 72.3874 36.1151 120
90200 278.983 -311919 2233.93 163740 72.3657 72.3657 36.1043 120
90300 277.908 -311920 2043.46 163680 72.3568 72.3568 36.0998 120
90400 281.332 -311920 1478.77 163720 72.3628 72.3628 36.1028 120
90500 279.107 -311908 937.568 163825 72.3782 72.3782 36.1105 120
90600 281.196 -311912 -796.821 163958 72.3978 72.3978 36.1203 120
90700 281.049 -311916 -2004.45 164053 72.4117 72.4117 36.1272 120
90800 280.377 -311919 -1456.67 164061 72.4129 72.4129 36.1278 120
90900 278.629 -311917 -271.121 163997 72.4036 72.4036 36.1231 120
91000 282.88 -311915 -46.0037 163891 72.388 72.388 36.1154 120
91100 281.826 -311912 1153.93 163777 72.3712 72.3712 36.107 120
91200 280.909 -311916 2337.08 163725 72.3635 72.3635 36.1032 120
91300 280.009 -311920 1418.33 163760 72.3686 72.3686 36.1057 120
91400 279.92 -311920 603.578 163849 72.3818 72.3818 36.1123 120
91500 279.728 -311915 -841.114 163947 72.3962 72.3962 36.1195 120
91600 279.834 -311912 -640.2 164005 72.4047 72.4047 36.1237 120
91700 284.791 -311911 -1238.86 164007 72.4051 72.4051 36.1239 120
91800 285.51 -311911 321.558 163943 72.3956 72.3956 36.1192 120
91900 281.621 -311914 439.338 163858 72.3831 72.3831 36.1129 120
92000 279.546 -311914 1333.24 163793 72.3735 72.3735 36.1082 120
92100 279.746 -311919 1029.82 163769 72.3699 72.3699 36.1064 120
92200 280.071 -311921 921.973 163788 72.3728 72.3728 36.1078 120
92300 281.784 -311921 429.354 163855 72.3826 72.3826 36.1127 120
92400 282.033 -311912 -705.674 163927 72.3932 72.3932 36.118 120
92500 281.057 -311909 -557.572 163977 72.4005 72.4005 36.1216 120
92600 277.412 -311910 -1241.78 163986 72.402 72.402 36.1224 120
92700 279.849 -311917 -525.22 163953 72.397 72.397 36.1199 120
92800 279.72 -311916 405.357 163895 72.3886 72.3886 36.1157 120
92900 278.63 -311913 456.369 163832 72.3792 72.3792 36.111 120
93000 280.332 -311913 681.804 163799 72.3743 72.3743 36.1086 120
93100 284.508 -311914 460.933 163805 72.3753 72.3753 36.1091 120
93200 282.068 -311912 -80.9072 163835 72.3796 72.3797 36.1112 120
93300 280.038 -311917 524.478 163871 72.385 72.385 36.1139 120
93400 277.845 -311914 676.703 163907 72.3903 72.3903 36.1165 120
93500 282.268 -311921 -679.039 163947 72.3962 72.3962 36.1195 120
93600 282.034 -311916 -1363.74 163963 72.3985 72.3985 36.1206 120
93700 280.306 -311907 236.961 163925 72.3929 72.3929 36.1178 120
93800 282.041 -311908 -7.24505 163878 72.3861 72.3861 36.1144 120
93900 281.623 -311919 1065.67 163845 72.3812 72.3812 36.112 120
94000 277.465 -311916 -219.606 163841 72.3806 72.3806 36.1117 120
94100 276.425 -311912 550.649 163845 72.3812 72.3812 36.112 120
94200 279.647 -311913 252.938 163871 72.385 72.385 36.1139 120
94300 283.184 -311915 567.015 163903 72.3898 72.3898 36.1163 120
94400 280.637 -311911 -436.08 163936 72.3945 72.3945 36.1187 120
94500 278.098 -311917 -881.355 163948 72.3963 72.3963 36.1195 120
94600 280.123 -311922 -60.5306 163918 72.392 72.392 36.1174 120
94700 279.902 -311918 169.375 163860 72.3834 72.3834 36.1131 120
94800 279.927 -311911 310.51 163822 72.3778 72.3778 36.1103 120
94900 280.096 -311911 -106.633 163827 72.3785 72.3785 36.1106 120
95000 281.952 -311919 48.4118 163842 72.3807 72.3807 36.1117 120
95100 278.87 -311922 40.5099 163849 72.3817 72.3817 36.1123 120
95200 276.416 -311924 456.632 163861 72.3835 72.3835 36.1131 120
95300 276.496 -311918 -1036.4 163900 72.3892 72.3892 36.116 120
95400 279.957 -311916 -17.3258 163923 72.3927 72.3927 36.1177 120
95500 282.317 -311916 461.787 163915 72.3915 72.3915 36.1171 120
95600 281.61 -311914 -1081.06 163891 72.388 72.388 36.1154 120
95700 279.901 -311918 1076.1 163845 72.3812 72.3812 36.112 120
95800 278.444 -311921 -158.502 163819 72.3774 72.3774 36.1101 120
95900 279.319 -311921 140.651 163805 72.3753 72.3753 36.109 120
96000 280.222 -311919 682.734 163809 72.3759 72.3759 36.1093 120
96100 280.678 -311918 105.575 163846 72.3813 72.3813 36.112 120
96200 280.092 -311916 -1039.78 163897 72.3889 72.3889 36.1158 120
96300 281.597 -311917 -570.575 163931 72.3938 72.3938 36.1183 120
96400 281.802 -311918 -1523.86 163938 72.3949 72.3949 36.1188 120
96500 280.874 -311919 -535.536 163905 72.39 72.39 36.1164 120
96600 278.104 -311918 174.75 163843 72.3808 72.3808 36.1118 120
96700 278.955 -311919 489.488 163786 72.3724 72.3724 36.1076 120
96800 280.9 -311916 756.996 163768 72.3698 72.3698 36.1063 120
96900 281.754 -311913 583.756 163807 72.3755 72.3755 36.1092 120
97000 281.473 -311916 434.734 163889 72.3876 72.3876 36.1152 120
97100 279.036 -311917 -596.036 163974 72.4001 72.4001 36.1214 120
97200 279.517 -311919 -1046.81 164009 72.4054 72.4054 36.1241 120
97300 279.028 -311916 -91.8753 163975 72.4004 72.4004 36.1216 120
97400 281.12 -311916 -936.847 163897 72.3889 72.3889 36.1158 120
97500 281.33 -311913 561.125 163802 72.3749 72.3749 36.1088 120
97600 283.176 -311919 1367.08 163754 72.3678 72.3678 36.1053 120
97700 279.299 -311920 1224.04 163772 72.3705 72.3705 36.1066 120
97800 277.29 -311918 824.619 163842 72.3807 72.3807 36.1117 120
97900 279.26 -311916 -726.018 163933 72.3941 72.3941 36.1184 120
98000 280.646 -311912 -678.479 163992 72.4028 72.4028 36.1228 120
98100 283.16 -311917 -413.549 163991 72.4027 72.4027 36.1227 120
98200 281.336 -311916 828.246 163944 72.3957 72.3957 36.1192 120
98300 279.207 -311917 -154.29 163879 72.3861 72.3861 36.1144 120
98400 280.98 -311922 530.95 163819 72.3773 72.3773 36.1101 120
98500 279.889 -311920 955.385 163791 72.3733 72.3733 36.108 120
98600 279.364 -311917 214.119 163816 72.3769 72.3769 36.1098 120
98700 280.279 -311913 -36.1843 163871 72.385 72.385 36.1139 120
98800 282.598 -311915 -63.3747 163920 72.3922 72.3922 36.1175 120
98900 280.4 -311915 -1035.52 163965 72.3989 72.3989 36.1208 120
99000 276.52 -311915 -1071.95 163969 72.3995 72.3995 36.1211 120
99100 277.351 -311916 -149.509 163932 72.3939 72.3939 36.1183 120
99200 279.77 -311919 -310.448 163878 72.3861 72.3861 36.1144 120
99300 280.693 -311917 -208.441 163833 72.3795 72.3795 36.1111 120
99400 281.335 -311918 1475.02 163807 72.3756 72.3756 36.1092 120
99500 279.261 -311915 -185.937 163836 72.3799 72.3799 36.1113 120
99600 276.675 -311911 857.562 163871 72.385 72.385 36.1139 120
99700 279.491 -311918 -931.159 163915 72.3916 72.3916 36.1172 120
99800 278.658 -311920 -318.022 163938 72.3948 72.3948 36.1188 120
99900 280.558 -311920 -795.297 163932 72.394 72.394 36.1184 120
100000 277.629 -311908 -842.995 163900 72.3893 72.3893 36.116 120
