# Time-averaged data for fix 2
# TimeStep c_thermo_temp c_thermo_pe c_thermo_press v_myVol v_myCella v_myCellb v_myCellc v_myCellgamma
0 367.733 -311651 1936.71 163155 72.2795 72.2795 36.0612 120
100 366.575 -311662 1409.48 163317 72.3033 72.3033 36.0731 120
200 376.099 -311651 571.877 163463 72.3249 72.3249 36.0839 120
300 384.606 -311629 -899.107 163584 72.3427 72.3427 36.0928 120
400 390.834 -311630 -862.852 163655 72.3532 72.3532 36.098 120
500 380.828 -311633 -915.53 163682 72.3572 72.3572 36.1 120
600 375.786 -311660 -529.1 163675 72.3561 72.3561 36.0995 120
700 371.96 -311671 -220.934 163652 72.3527 72.3527 36.0978 120
800 375.623 -311666 -1125.64 163622 72.3484 72.3484 36.0956 120
900 383.967 -311653 859.569 163589 72.3435 72.3435 36.0932 120
1000 387.675 -311643 1201.04 163579 72.342 72.342 36.0924 120
1100 385.507 -311649 1134.63 163605 72.3458 72.3458 36.0943 120
1200 378.531 -311665 651.108 163659 72.3538 72.3538 36.0983 120
1300 376.765 -311684 -1499.59 163711 72.3615 72.3615 36.1021 120
1400 372.064 -311671 -159.459 163738 72.3654 72.3654 36.1041 120
1500 380.937 -311663 -1299.59 163738 72.3655 72.3655 36.1041 120
1600 389.643 -311658 303.165 163715 72.362 72.362 36.1024 120
1700 387.849 -311657 341.458 163684 72.3575 72.3575 36.1002 120
1800 379.006 -311665 -30.8376 163669 72.3553 72.3553 36.0991 120
1900 371.082 -311671 404.798 163658 72.3536 72.3536 36.0982 120
2000 370.969 -311673 653.753 163656 72.3534 72.3534 36.0981 120
2100 373.459 -311660 8.61062 163678 72.3566 72.3566 36.0997 120
2200 385.228 -311660 769.731 163697 72.3594 72.3594 36.1011 120
2300 386.585 -311659 240.911 163728 72.3639 72.3639 36.1034 120
2400 379.672 -311664 31.1282 163763 72.3691 72.3691 36.1059 120
2500 378.116 -311681 -476.184 163792 72.3734 72.3734 36.1081 120
2600 372.624 -311676 -775.994 163799 72.3744 72.3744 36.1086 120
2700 377.756 -311674 124.76 163777 72.3712 72.3712 36.107 120
2800 384.402 -311666 -527.591 163752 72.3675 72.3675 36.1051 120
2900 386.263 -311661 823.556 163727 72.3638 72.3638 36.1033 120
3000 381.969 -311664 -52.0487 163723 72.3632 72.3632 36.103 120
3100 378.728 -311679 1.61893 163728 72.3639 72.3639 36.1033 120
3200 372.346 -311678 580.89 163743 72.3662 72.3662 36.1045 120
3300 377.953 -311681 -774.73 163775 72.3708 72.3708 36.1068 120
3400 379.82 -311666 -338.931 163806 72.3755 72.3755 36.1091 120
3500 383.955 -311662 -408.954 163836 72.3798 72.3798 36.1113 120
3600 381.203 -311662 -97.4067 163853 72.3824 72.3824 36.1126 120
3700 379.591 -311675 -1095.62 163855 72.3826 72.3826 36.1127 120
3800 377.804 -311685 -245.786 163828 72.3786 72.3786 36.1107 120
3900 375.929 -311680 274.83 163781 72.3718 72.3718 36.1073 120
4000 381.385 -311677 735.627 163739 72.3655 72.3655 36.1042 120
4100 383.591 -311670 1036.2 163733 72.3646 72.3646 36.1037 120
4200 382.069 -311667 -281.793 163763 72.369 72.369 36.1059 120
4300 376.934 -311668 -1085.87 163791 72.3732 72.3732 36.108 120
4400 374.17 -311674 289.938 163806 72.3754 72.3754 36.1091 120
4500 382.737 -311691 -77.9825 163816 72.3769 72.3769 36.1098 120
4600 381.917 -311684 204.686 163820 72.3775 72.3775 36.1101 120
4700 380.139 -311670 -792.773 163815 72.3767 72.3767 36.1098 120
4800 384.56 -311674 776.937 163806 72.3754 72.3754 36.1091 120
4900 382.175 -311676 671.814 163801 72.3746 72.3746 36.1087 120
5000 377.873 -311678 26.6671 163811 72.3762 72.3762 36.1095 120
5100 379.556 -311688 446.056 163825 72.3782 72.3782 36.1105 120
5200 379.277 -311683 39.2402 163835 72.3797 72.3797 36.1112 120
5300 380.292 -311676 -643.603 163843 72.3809 72.3809 36.1118 120
5400 383.7 -311677 412.626 163837 72.38 72.38 36.1114 120
5500 380.808 -311674 493.759 163829 72.3788 72.3788 36.1108 120
5600 377.688 -311677 272.632 163833 72.3793 72.3793 36.1111 120
5700 378.201 -311683 -880.518 163837 72.3801 72.3801 36.1114 120
5800 381.124 -311687 14.4202 163844 72.381 72.381 36.1119 120
5900 378.741 -311677 465.348 163857 72.383 72.383 36.1129 120
6000 379.915 -311679 -1116.84 163878 72.386 72.386 36.1144 120
6100 381.474 -311683 -339.45 163888 72.3875 72.3875 36.1151 120
6200 380.454 -311685 -110.519 163899 72.3891 72.3891 36.1159 120
6300 381.508 -311690 -476.247 163913 72.3912 72.3912 36.117 120
6400 377.547 -311680 -675.915 163913 72.3912 72.3912 36.117 120
6500 378.829 -311679 154.801 163898 72.389 72.389 36.1159 120
6600 380.033 -311679 -853.048 163877 72.3858 72.3858 36.1143 120
6700 382.191 -311686 492.641 163847 72.3815 72.3815 36.1121 120
6800 379.388 -311686 1016.04 163827 72.3785 72.3785 36.1106 120
6900 377.521 -311686 1017.59 163825 72.3782 72.3782 36.1105 120
7000 373.575 -311677 888.2 163831 72.3791 72.3791 36.111 120
7100 380.262 -311685 970.996 163852 72.3822 72.3822 36.1125 120
7200 380.463 -311680 90.9438 163884 72.3869 72.3869 36.1148 120
7300 380.929 -311682 138.086 163913 72.3912 72.3912 36.117 120
7400 380.316 -311687 -382.964 163928 72.3934 72.3934 36.1181 120
7500 378.559 -311687 -407.573 163917 72.3918 72.3918 36.1173 120
7600 380.434 -311689 156.439 163877 72.3859 72.3859 36.1143 120
7700 382.387 -311689 -292.754 163839 72.3803 72.3803 36.1115 120
7800 381.327 -311683 -138.34 163821 72.3777 72.3777 36.1102 120
7900 382.123 -311686 1565.34 163821 72.3776 72.3776 36.1102 120
8000 382.154 -311692 -12.6098 163851 72.382 72.382 36.1124 120
8100 381.454 -311694 -391.378 163893 72.3883 72.3883 36.1155 120
8200 377.249 -311685 402.825 163929 72.3935 72.3935 36.1181 120
8300 376.349 -311678 -1918.06 163961 72.3982 72.3982 36.1205 120
8400 383.211 -311685 -349.75 163964 72.3987 72.3987 36.1207 120
8500 383.143 -311684 -296.326 163954 72.3972 72.3972 36.12 120
8600 380.641 -311684 480.197 163936 72.3945 72.3945 36.1186 120
8700 379.534 -311690 -643.132 163919 72.3921 72.3921 36.1174 120
8800 377.556 -311689 577.911 163887 72.3874 72.3874 36.1151 120
8900 379.766 -311688 873.699 163859 72.3832 72.3832 36.113 120
9000 381.343 -311685 969.183 163847 72.3814 72.3814 36.1121 120
9100 381.739 -311683 217.485 163851 72.382 72.382 36.1124 120
9200 380.457 -311685 1015.48 163857 72.3829 72.3829 36.1128 120
9300 379.345 -311689 470.828 163880 72.3864 72.3864 36.1146 120
9400 377.348 -311689 821.387 163912 72.391 72.391 36.1169 120
9500 377.19 -311686 -797.604 163939 72.395 72.395 36.1189 120
9600 380.408 -311686 -50.1821 163938 72.3949 72.3949 36.1188 120
9700 383.869 -311690 -559.069 163922 72.3926 72.3926 36.1177 120
9800 377.336 -311680 424.215 163900 72.3893 72.3893 36.116 120
9900 377.519 -311687 136.713 163886 72.3872 72.3872 36.115 120
10000 379.349 -311694 977.352 163869 72.3847 72.3847 36.1137 120
10100 380.817 -311696 801.096 163845 72.3812 72.3812 36.112 120
10200 380.939 -311690 610.015 163826 72.3784 72.3784 36.1106 120
10300 380.106 -311685 590.271 163840 72.3804 72.3804 36.1116 120
10400 378.557 -311682 966.365 163870 72.3848 72.3848 36.1138 120
10500 381.444 -311694 -579.594 163900 72.3893 72.3893 36.116 120
10600 375.462 -311686 -207.908 163921 72.3923 72.3923 36.1175 120
10700 378.654 -311691 -682.437 163929 72.3935 72.3935 36.1182 120
10800 380.354 -311690 597.031 163914 72.3914 72.3914 36.1171 120
10900 380.927 -311686 736.101 163897 72.3888 72.3888 36.1158 120
11000 381.063 -311686 166.216 163884 72.3869 72.3869 36.1148 120
11100 378.72 -311688 755.954 163884 72.3869 72.3869 36.1149 120
11200 376.121 -311689 -467.198 163900 72.3893 72.3893 36.116 120
11300 378.084 -311694 -726.515 163918 72.3919 72.3919 36.1173 120
11400 376.952 -311686 473.156 163926 72.393 72.393 36.1179 120
11500 384.818 -311694 532.023 163922 72.3925 72.3925 36.1176 120
11600 380.374 -311684 -352.82 163910 72.3907 72.3907 36.1167 120
11700 380.545 -311693 616.657 163905 72.39 72.39 36.1164 120
11800 380.635 -311702 138.159 163921 72.3923 72.3923 36.1176 120
11900 378.336 -311699 -958.455 163937 72.3947 72.3947 36.1187 120
12000 382.385 -311701 -418.554 163922 72.3926 72.3926 36.1177 120
12100 380.086 -311687 460.579 163906 72.3901 72.3901 36.1164 120
12200 380.096 -311683 416.436 163913 72.3912 72.3912 36.117 120
12300 378.475 -311686 -105.431 163930 72.3936 72.3936 36.1182 120
12400 377.487 -311694 -741.741 163946 72.3961 72.3961 36.1194 120
12500 374.498 -311694 -261.343 163949 72.3964 72.3964 36.1196 120
12600 377.711 -311697 -100.447 163952 72.397 72.397 36.1199 120
12700 379.306 -311689 -52.1837 163950 72.3966 72.3966 36.1197 120
12800 383.461 -311691 -1254.03 163943 72.3956 72.3956 36.1192 120
12900 378.661 -311684 1446.75 163930 72.3937 72.3937 36.1182 120
13000 380.001 -311695 -521.65 163929 72.3935 72.3935 36.1181 120
13100 375.866 -311695 1888.8 163918 72.3919 72.3919 36.1173 120
13200 376.948 -311697 208.516 163925 72.393 72.393 36.1179 120
13300 378.656 -311693 -145.353 163939 72.3951 72.3951 36.1189 120
13400 384.87 -311697 -47.6044 163949 72.3965 72.3965 36.1196 120
13500 383.732 -311695 -528.307 163952 72.3969 72.3969 36.1198 120
13600 379.501 -311695 260.805 163946 72.3961 72.3961 36.1194 120
13700 379.424 -311702 -498.342 163942 72.3955 72.3955 36.1191 120
13800 376.658 -311698 -497.082 163928 72.3933 72.3933 36.118 120
13900 380.155 -311698 1108.73 163907 72.3904 72.3904 36.1166 120
14000 382.512 -311694 259.631 163914 72.3913 72.3913 36.117 120
14100 381.282 -311691 593.584 163927 72.3933 72.3933 36.118 120
14200 381.486 -311698 -152.749 163952 72.397 72.397 36.1199 120
14300 378.223 -311699 -308.626 163986 72.4019 72.4019 36.1223 120
14400 379.071 -311702 -587.077 164001 72.4042 72.4042 36.1235 120
14500 378.806 -311696 23.9067 164002 72.4042 72.4042 36.1235 120
14600 378.286 -311688 695 163999 72.4039 72.4039 36.1233 120
14700 383.826 -311696 -70.9533 163987 72.4021 72.4021 36.1224 120
14800 381.934 -311696 472.074 163973 72.4 72.4 36.1214 120
14900 377.729 -311696 437.951 163959 72.398 72.398 36.1204 120
15000 380.53 -311707 -884.892 163960 72.3982 72.3982 36.1205 120
15100 380.313 -311704 282.681 163956 72.3975 72.3975 36.1201 120
15200 379.881 -311697 1061.09 163961 72.3983 72.3983 36.1205 120
15300 384.985 -311701 554.259 163981 72.4012 72.4012 36.122 120
15400 382.098 -311698 -301.715 164000 72.404 72.404 36.1233 120
15500 382.462 -311704 30.899 164010 72.4055 72.4055 36.1241 120
15600 378.611 -311703 -583.815 164016 72.4064 72.4064 36.1245 120
15700 377.848 -311701 300.308 164005 72.4047 72.4047 36.1237 120
15800 377.839 -311696 148.93 163985 72.4018 72.4018 36.1223 120
15900 379.664 -311694 140.028 163972 72.3999 72.3999 36.1213 120
16000 384.382 -311703 1171.43 163962 72.3983 72.3983 36.1205 120
16100 378.812 -311699 864.291 163979 72.4009 72.4009 36.1218 120
16200 381.059 -311711 -367.829 164003 72.4045 72.4045 36.1236 120
16300 378.221 -311706 -559.587 164002 72.4043 72.4043 36.1235 120
16400 382.426 -311709 466.678 163995 72.4033 72.4033 36.123 120
16500 383.441 -311704 -453.668 163993 72.403 72.403 36.1229 120
16600 382.15 -311698 506.542 163976 72.4005 72.4005 36.1216 120
16700 384.402 -311707 -508.428 163960 72.3982 72.3982 36.1205 120
16800 381.658 -311709 -120.825 163946 72.396 72.396 36.1194 120
16900 378.981 -311708 141.789 163932 72.3939 72.3939 36.1184 120
17000 379.841 -311708 931.47 163937 72.3947 72.3947 36.1187 120
17100 381.532 -311704 -287.844 163950 72.3966 72.3966 36.1197 120
17200 376.062 -311689 -89.3797 163964 72.3987 72.3987 36.1207 120
17300 378.77 -311695 -709.343 163983 72.4014 72.4014 36.1221 120
17400 383.999 -311710 -11.7066 163993 72.4029 72.4029 36.1228 120
17500 379.906 -311708 1051.88 163987 72.402 72.402 36.1224 120
17600 377.115 -311704 -168.647 163991 72.4027 72.4027 36.1227 120
17700 380.926 -311706 132.688 163986 72.4019 72.4019 36.1223 120
17800 378.454 -311697 8.30153 163983 72.4015 72.4015 36.1221 120
17900 379.148 -311696 -431.337 163982 72.4013 72.4013 36.122 120
18000 381.166 -311702 518.377 163955 72.3974 72.3974 36.1201 120
18100 379.83 -311707 -77.3626 163958 72.3978 72.3978 36.1203 120
18200 377.2 -311705 371.535 163986 72.4019 72.4019 36.1223 120
18300 381.697 -311711 -439.988 164027 72.408 72.408 36.1254 120
18400 377.586 -311697 -583.349 164059 72.4126 72.4126 36.1277 120
18500 380.689 -311699 -1265.12 164067 72.4138 72.4138 36.1282 120
18600 380.261 -311699 522.115 164039 72.4098 72.4098 36.1263 120
18700 381.157 -311707 310.562 164006 72.4049 72.4049 36.1238 120
18800 377.64 -311706 -254.415 163985 72.4017 72.4017 36.1222 120
18900 380.15 -311712 240.017 163975 72.4003 72.4003 36.1215 120
19000 380.367 -311707 1436.06 163979 72.4009 72.4009 36.1218 120
19100 381.429 -311703 307.532 164015 72.4061 72.4061 36.1244 120
19200 381.394 -311701 -91.4003 164051 72.4115 72.4115 36.1271 120
19300 378.378 -311699 -1297.82 164076 72.4152 72.4152 36.1289 120
19400 380.129 -311709 -696.723 164072 72.4145 72.4145 36.1286 120
19500 379.107 -311710 1053.98 164044 72.4105 72.4105 36.1266 120
19600 378.014 -311707 -1030.03 164025 72.4077 72.4077 36.1252 120
19700 376.601 -311696 1015.47 163990 72.4025 72.4025 36.1226 120
19800 382.555 -311703 565.928 163970 72.3996 72.3996 36.1212 120
19900 385.308 -311710 111.004 163966 72.399 72.399 36.1209 120
20000 378.673 -311705 338.769 163984 72.4016 72.4016 36.1222 120
20100 378.201 -311710 -10.3754 164018 72.4066 72.4066 36.1247 120
20200 378.134 -311708 41.5563 164045 72.4106 72.4106 36.1266 120
20300 377.93 -311700 -1156.09 164048 72.4111 72.4111 36.1269 120
20400 378.722 -311696 1404.24 164030 72.4084 72.4084 36.1256 120
20500 378.564 -311697 431.638 164025 72.4077 72.4077 36.1252 120
20600 376.019 -311703 165.013 164010 72.4055 72.4055 36.1241 120
20700 379.914 -311715 -69.7518 163998 72.4036 72.4036 36.1232 120
20800 380.713 -311713 121.777 163996 72.4034 72.4034 36.1231 120
20900 379.772 -311707 275.211 164011 72.4056 72.4056 36.1242 120
21000 377.874 -311701 -928.52 164032 72.4087 72.4087 36.1257 120
21100 378.123 -311701 1044.25 164050 72.4114 72.4114 36.127 120
21200 380.709 -311708 -591.926 164079 72.4156 72.4156 36.1292 120
21300 379.585 -311714 265.3 164087 72.4168 72.4168 36.1298 120
21400 377.4 -311717 -1307.52 164088 72.417 72.417 36.1299 120
21500 377.816 -311712 -480.577 164070 72.4143 72.4143 36.1285 120
21600 378.46 -311704 57.9444 164035 72.4091 72.4091 36.1259 120
21700 376.879 -311699 825.851 163999 72.4038 72.4038 36.1233 120
21800 380.585 -311707 955.931 163981 72.4012 72.4012 36.122 120
21900 378.729 -311710 353.139 163986 72.4019 72.4019 36.1223 120
22000 375.006 -311713 707.611 164019 72.4067 72.4067 36.1247 120
22100 379.821 -311721 539.976 164052 72.4117 72.4117 36.1272 120
22200 377.994 -311703 -206.668 164086 72.4167 72.4167 36.1297 120
22300 382.173 -311709 -594.27 164102 72.419 72.419 36.1309 120
22400 379.436 -311704 -1397.61 164091 72.4174 72.4174 36.1301 120
22500 378.987 -311708 -188.322 164054 72.412 72.412 36.1274 120
22600 375.996 -311710 222.088 164016 72.4064 72.4064 36.1245 120
22700 377.619 -311715 -147.239 163994 72.4031 72.4031 36.1229 120
22800 377.934 -311706 -89.6784 163986 72.402 72.402 36.1223 120
22900 381.949 -311705 279.798 163980 72.401 72.401 36.1219 120
23000 382.577 -311707 497.538 163981 72.4013 72.4013 36.122 120
23100 378.633 -311708 465.462 163995 72.4032 72.4032 36.123 120
23200 378.453 -311712 -390.43 164017 72.4065 72.4065 36.1246 120
23300 379.744 -311714 362.126 164034 72.4089 72.4089 36.1258 120
23400 380.567 -311713 686.492 164047 72.4109 72.4109 36.1268 120
23500 376.523 -311702 -1114.51 164051 72.4115 72.4115 36.1271 120
23600 382.351 -311708 -1009.27 164037 72.4094 72.4094 36.126 120
23700 385.143 -311705 457.365 164015 72.4062 72.4062 36.1245 120
23800 383.37 -311698 40.0748 163995 72.4033 72.4033 36.123 120
23900 379.743 -311702 919.223 163963 72.3986 72.3986 36.1207 120
24000 382.017 -311714 1502.33 163951 72.3967 72.3967 36.1197 120
24100 381.164 -311715 675.131 163968 72.3992 72.3992 36.121 120
24200 379.994 -311713 992.152 164013 72.4059 72.4059 36.1243 120
24300 380.649 -311706 2.09672 164070 72.4143 72.4143 36.1285 120
24400 382.76 -311701 202.02 164110 72.4201 72.4201 36.1314 120
24500 382.923 -311707 -878.437 164127 72.4227 72.4227 36.1327 120
24600 379.29 -311712 -1370.43 164120 72.4216 72.4216 36.1322 120
24700 378.091 -311710 -384.999 164081 72.4158 72.4158 36.1293 120
24800 378.469 -311707 -493.717 164028 72.4081 72.4081 36.1254 120
24900 382.368 -311708 913.91 163979 72.4009 72.4009 36.1218 120
25000 384.37 -311710 1087.97 163966 72.399 72.399 36.1209 120
25100 379.222 -311709 836.784 163986 72.4019 72.4019 36.1223 120
25200 378.601 -311716 -232.566 164031 72.4085 72.4085 36.1256 120
25300 378.651 -311714 -581.655 164072 72.4145 72.4145 36.1286 120
25400 379.909 -311707 482.45 164106 72.4195 72.4195 36.1311 120
25500 381.422 -311705 -1038.6 164135 72.4239 72.4239 36.1333 120
25600 378.299 -311701 -535.743 164130 72.4231 72.4231 36.1329 120
25700 379.982 -311708 336.091 164091 72.4173 72.4173 36.13 120
25800 378.853 -311710 -13.5846 164053 72.4118 72.4118 36.1273 120
25900 379.328 -311715 653.638 164014 72.4061 72.4061 36.1244 120
26000 376.838 -311721 1147.95 163982 72.4014 72.4014 36.122 120
26100 374.026 -311712 843.617 163968 72.3993 72.3993 36.121 120
26200 378.826 -311709 -408.536 163983 72.4015 72.4015 36.1221 120
26300 378.162 -311703 1152.98 164011 72.4056 72.4056 36.1242 120
26400 381.784 -311710 -849.755 164065 72.4136 72.4136 36.1282 120
26500 380.137 -311711 -472.077 164107 72.4198 72.4198 36.1312 120
26600 374.951 -311710 -71.6868 164122 72.4219 72.4219 36.1323 120
26700 378.912 -311720 -19.9335 164107 72.4198 72.4198 36.1312 120
26800 381.625 -311713 1341.23 164094 72.4178 72.4178 36.1302 120
26900 377.831 -311700 32.9227 164090 72.4172 72.4172 36.13 120
27000 380.706 -311708 -139.069 164073 72.4147 72.4147 36.1287 120
27100 381.344 -311715 489.759 164050 72.4114 72.4114 36.1271 120
27200 375.385 -311712 -54.7349 164041 72.41 72.41 36.1263 120
27300 373.804 -311710 -146.315 164041 72.41 72.41 36.1263 120
27400 383.131 -311713 -378.4 164040 72.4099 72.4099 36.1263 120
27500 379.854 -311702 1259.27 164052 72.4117 72.4117 36.1272 120
27600 380.498 -311707 298.788 164088 72.4169 72.4169 36.1298 120
27700 377.603 -311711 -876.854 164121 72.4218 72.4218 36.1323 120
27800 377.175 -311713 -1001.95 164120 72.4217 72.4217 36.1322 120
27900 378.15 -311709 -335.571 164091 72.4173 72.4173 36.13 120
28000 385.714 -311709 266.105 164055 72.4121 72.4121 36.1274 120
28100 384.169 -311707 301.463 164033 72.4089 72.4089 36.1258 120
28200 380.04 -311707 693.144 164015 72.4062 72.4062 36.1245 120
28300 382.402 -311720 753.463 164007 72.405 72.405 36.1239 120
28400 380.227 -311717 -299.44 164026 72.4078 72.4078 36.1253 120
28500 377.939 -311709 504.248 164048 72.4111 72.4111 36.1269 120
28600 380.95 -311702 -787.238 164064 72.4134 72.4134 36.1281 120
28700 384.869 -311710 1038.7 164070 72.4142 72.4142 36.1285 120
28800 381.688 -311710 -762.952 164097 72.4183 72.4183 36.1305 120
28900 380.336 -311713 -842.134 164112 72.4204 72.4204 36.1316 120
29000 377.005 -311708 -277.682 164101 72.4188 72.4188 36.1308 120
29100 377.906 -311707 462.741 164088 72.417 72.417 36.1298 120
29200 383.977 -311715 -318.598 164087 72.4168 72.4168 36.1298 120
29300 386.478 -311708 -335.08 164069 72.4142 72.4142 36.1285 120
29400 382.214 -311705 -459.032 164053 72.4118 72.4118 36.1273 120
29500 380.837 -311711 673.111 164041 72.41 72.41 36.1264 120
29600 381.804 -311717 324.725 164046 72.4108 72.4108 36.1268 120
29700 379.788 -311714 -251.331 164064 72.4134 72.4134 36.1281 120
29800 379.656 -311710 290.104 164080 72.4158 72.4158 36.1293 120
29900 385.821 -311713 -967.142 164088 72.4169 72.4169 36.1298 120
30000 382.565 -311703 -681.855 164069 72.4142 72.4142 36.1284 120
30100 380.708 -311710 -359.903 164044 72.4105 72.4105 36.1266 120
30200 376.911 -311709 -133.654 164017 72.4065 72.4065 36.1246 120
30300 379.826 -311715 427.872 164001 72.4041 72.4041 36.1234 120
30400 379.188 -311710 708.763 164014 72.4061 72.4061 36.1244 120
30500 382.098 -311708 -460.762 164048 72.4111 72.4111 36.1269 120
30600 384.638 -311707 -516.253 164080 72.4158 72.4158 36.1292 120
30700 376.967 -311703 -425.032 164097 72.4182 72.4182 36.1305 120
30800 378.167 -311713 22.4701 164086 72.4167 72.4167 36.1297 120
30900 380.761 -311719 815.834 164077 72.4153 72.4153 36.129 120
31000 377.822 -311708 -290.107 164080 72.4157 72.4157 36.1292 120
31100 383.195 -311710 110.216 164080 72.4158 72.4158 36.1293 120
31200 379.996 -311701 -201.561 164076 72.4152 72.4152 36.129 120
31300 377.709 -311710 583.57 164076 72.4152 72.4152 36.129 120
31400 378.502 -311718 -94.8028 164094 72.4178 72.4178 36.1303 120
31500 377.442 -311713 -456.309 164113 72.4206 72.4206 36.1317 120
31600 379.868 -311709 394.757 164125 72.4224 72.4224 36.1326 120
31700 382.307 -311709 -1509.52 164124 72.4222 72.4222 36.1325 120
31800 381.139 -311711 -293.222 164095 72.4179 72.4179 36.1303 120
31900 375.474 -311716 386.031 164068 72.414 72.414 36.1284 120
32000 378.671 -311722 941.844 164063 72.4132 72.4132 36.128 120
32100 381.244 -311718 -656.984 164065 72.4136 72.4136 36.1282 120
32200 381.567 -311712 47.2044 164056 72.4122 72.4122 36.1274 120
32300 379.118 -311708 -382.753 164051 72.4115 72.4115 36.1271 120
32400 379.324 -311715 9.80389 164066 72.4136 72.4136 36.1282 120
32500 381.888 -311731 -579.468 164077 72.4153 72.4153 36.129 120
32600 375.769 -311716 165.023 164068 72.414 72.414 36.1284 120
32700 376.208 -311709 458.852 164071 72.4145 72.4145 36.1286 120
32800 383.122 -311718 168 164078 72.4154 72.4154 36.1291 120
32900 378.154 -311709 -466.313 164082 72.4161 72.4161 36.1294 120
33000 377.88 -311710 -104.871 164079 72.4157 72.4157 36.1292 120
33100 380.318 -311718 556.474 164074 72.4149 72.4149 36.1288 120
33200 376.33 -311721 -177.887 164084 72.4163 72.4163 36.1295 120
33300 375.079 -311719 0.383916 164091 72.4174 72.4174 36.13 120
33400 377.635 -311712 -694.613 164083 72.4162 72.4162 36.1294 120
33500 381.001 -311714 -130.557 164069 72.4141 72.4141 36.1284 120
33600 378.554 -311709 664.229 164053 72.4118 72.4118 36.1272 120
33700 379.21 -311715 -47.7962 164056 72.4122 72.4122 36.1275 120
33800 378.799 -311724 333.572 164067 72.4139 72.4139 36.1283 120
33900 376.016 -311722 1121.23 164079 72.4156 72.4156 36.1292 120
34000 378.808 -311713 -198.233 164089 72.4171 72.4171 36.1299 120
34100 381.035 -311712 -756.121 164079 72.4157 72.4157 36.1292 120
34200 379.743 -311712 334.78 164079 72.4156 72.4156 36.1291 120
34300 378.77 -311715 478.372 164101 72.4189 72.4189 36.1308 120
34400 372.735 -311709 -116.296 164132 72.4234 72.4234 36.133 120
34500 377.762 -311718 -1227.19 164153 72.4265 72.4265 36.1346 120
34600 377.411 -311704 -1415.36 164140 72.4246 72.4246 36.1336 120
34700 380.823 -311708 290.722 164098 72.4183 72.4183 36.1305 120
34800 380.402 -311713 758.333 164061 72.413 72.413 36.1278 120
34900 378.693 -311718 1036.47 164047 72.411 72.411 36.1268 120
35000 378.173 -311718 -119.784 164057 72.4123 72.4123 36.1275 120
35100 377.552 -311714 831.443 164069 72.4141 72.4141 36.1284 120
35200 380.737 -311716 -275.109 164094 72.4178 72.4178 36.1302 120
35300 383.412 -311719 643.14 164104 72.4193 72.4193 36.131 120
35400 379.09 -311712 -613.696 164116 72.421 72.421 36.1318 120
35500 381.3 -311720 -267.758 164124 72.4222 72.4222 36.1324 120
35600 380.074 -311721 719.561 164123 72.4222 72.4222 36.1324 120
35700 378.991 -311719 515.287 164110 72.4202 72.4202 36.1314 120
35800 378.627 -311710 -133.095 164097 72.4183 72.4183 36.1305 120
35900 384.983 -311715 -142.18 164088 72.4169 72.4169 36.1298 120
36000 384.78 -311717 370.4 164072 72.4146 72.4146 36.1287 120
36100 381.769 -311726 -490.567 164072 72.4146 72.4146 36.1287 120
36200 375.28 -311714 -659.61 164073 72.4147 72.4147 36.1287 120
36300 382.065 -311722 160.136 164065 72.4135 72.4135 36.1281 120
36400 384.416 -311720 -322.682 164067 72.4138 72.4138 36.1283 120
36500 382.442 -311714 1190.96 164084 72.4164 72.4164 36.1295 120
36600 382.105 -311720 498.253 164126 72.4225 72.4225 36.1326 120
36700 372.85 -311711 -110.263 164171 72.4291 72.4291 36.1359 120
36800 378.513 -311721 -1291.74 164194 72.4325 72.4325 36.1376 120
36900 380.009 -311714 -227.255 164182 72.4308 72.4308 36.1367 120
37000 383.703 -311717 339.252 164154 72.4267 72.4267 36.1347 120
37100 381.05 -311714 -82.0668 164128 72.4228 72.4228 36.1327 120
37200 379.476 -311715 850.528 164099 72.4185 72.4185 36.1306 120
37300 378.211 -311716 331.108 164083 72.4163 72.4163 36.1295 120
37400 378.071 -311717 -382.976 164086 72.4167 72.4167 36.1297 120
37500 379.761 -311722 1220.56 164091 72.4173 72.4173 36.13 120
37600 380.014 -311722 659.571 164109 72.4201 72.4201 36.1314 120
37700 381.042 -311719 -453.104 164137 72.4241 72.4241 36.1334 120
37800 379.737 -311711 -806.244 164158 72.4272 72.4272 36.135 120
37900 379.596 -311711 -915.812 164158 72.4272 72.4272 36.135 120
38000 375.488 -311713 -307.374 164130 72.4231 72.4231 36.1329 120
38100 377.307 -311724 621.42 164087 72.4167 72.4167 36.1297 120
38200 376.387 -311718 1297 164055 72.4121 72.4121 36.1274 120
38300 381.008 -311720 926.003 164052 72.4116 72.4116 36.1272 120
38400 378.851 -311713 -344.992 164073 72.4148 72.4148 36.1287 120
38500 378.985 -311713 -703.189 164111 72.4203 72.4203 36.1315 120
38600 383.27 -311726 -600.069 164141 72.4248 72.4248 36.1337 120
38700 377.45 -311719 -653.902 164158 72.4272 72.4272 36.1349 120
38800 377.678 -311727 -127.131 164145 72.4253 72.4253 36.134 120
38900 374.52 -311723 -632.708 164134 72.4237 72.4237 36.1332 120
39000 380.743 -311724 319.745 164118 72.4213 72.4213 36.132 120
39100 382.849 -311721 204.969 164098 72.4184 72.4184 36.1306 120
39200 382.15 -311719 760.015 164081 72.4159 72.4159 36.1293 120
39300 378.893 -311719 453.999 164066 72.4137 72.4137 36.1282 120
39400 379.103 -311729 1256.91 164076 72.4152 72.4152 36.1289 120
39500 377.405 -311726 -220.011 164122 72.4219 72.4219 36.1323 120
39600 378.476 -311723 -913.12 164160 72.4275 72.4275 36.1351 120
39700 379.927 -311720 -680.7 164168 72.4287 72.4287 36.1357 120
39800 379.948 -311715 -614.165 164144 72.4252 72.4252 36.134 120
39900 384.86 -311722 981.775 164102 72.4189 72.4189 36.1308 120
40000 380.962 -311724 29.9312 164086 72.4166 72.4166 36.1297 120
40100 378.408 -311729 -522.206 164090 72.4172 72.4172 36.13 120
40200 376.741 -311722 924.085 164101 72.4189 72.4189 36.1308 120
40300 379.017 -311718 -251.178 164124 72.4223 72.4223 36.1325 120
40400 380.283 -311717 -633.018 164144 72.4251 72.4251 36.1339 120
40500 382.149 -311722 592.124 164138 72.4243 72.4243 36.1335 120
40600 379.656 -311719 -944.897 164132 72.4234 72.4234 36.133 120
40700 382.501 -311737 309.316 164108 72.4199 72.4199 36.1313 120
40800 377.266 -311732 145.616 164092 72.4175 72.4175 36.1301 120
40900 379.471 -311727 535.95 164082 72.416 72.416 36.1294 120
41000 378.532 -311719 -114.551 164100 72.4187 72.4187 36.1307 120
41100 381.72 -311722 1016.84 164126 72.4225 72.4225 36.1326 120
41200 377.444 -311713 -103.438 164153 72.4266 72.4266 36.1346 120
41300 376.864 -311714 -1428.98 164160 72.4275 72.4275 36.1351 120
41400 375.635 -311719 354.094 164139 72.4245 72.4245 36.1336 120
41500 379.193 -311730 -664.088 164119 72.4215 72.4215 36.1321 120
41600 378.389 -311721 585.178 164100 72.4187 72.4187 36.1307 120
41700 382.104 -311718 -327.35 164114 72.4208 72.4208 36.1317 120
41800 380.714 -311717 810.104 164136 72.424 72.424 36.1334 120
41900 376.435 -311713 -842.536 164162 72.4279 72.4279 36.1353 120
42000 378.097 -311724 47.9719 164186 72.4314 72.4314 36.137 120
42100 377.369 -311730 -241.541 164198 72.4332 72.4332 36.1379 120
42200 374.426 -311735 -630.907 164186 72.4314 72.4314 36.137 120
42300 375.381 -311727 -88.9364 164142 72.4249 72.4249 36.1338 120
42400 379.043 -311725 994.688 164099 72.4185 72.4185 36.1306 120
42500 380.681 -311721 887.315 164075 72.415 72.415 36.1289 120
42600 382.458 -311721 1199.2 164061 72.4129 72.4129 36.1278 120
42700 380.029 -311717 -7.48348 164077 72.4153 72.4153 36.129 120
42800 380.692 -311728 -326.562 164105 72.4194 72.4194 36.1311 120
42900 372.828 -311719 291.585 164127 72.4226 72.4226 36.1327 120
43000 378.787 -311726 -115.266 164140 72.4246 72.4246 36.1337 120
43100 378.829 -311716 -263.745 164149 72.426 72.426 36.1343 120
43200 386.398 -311729 861.188 164162 72.4278 72.4278 36.1352 120
43300 382.018 -311724 0.0878853 164181 72.4306 72.4306 36.1366 120
43400 378.974 -311723 -301.834 164192 72.4322 72.4322 36.1374 120
43500 377.976 -311726 -1412.32 164172 72.4293 72.4293 36.136 120
43600 375.79 -311723 -191.862 164112 72.4205 72.4205 36.1316 120
43700 379.138 -311721 231.011 164046 72.4108 72.4108 36.1268 120
43800 380.291 -311716 269.122 164002 72.4043 72.4043 36.1235 120
43900 379.218 -311716 1416.04 164003 72.4044 72.4044 36.1236 120
44000 379.549 -311725 -514.922 164047 72.411 72.411 36.1268 120
44100 374.371 -311722 1102.97 164106 72.4196 72.4196 36.1311 120
44200 378.229 -311726 -265.674 164180 72.4305 72.4305 36.1366 120
44300 379.916 -311725 -444.816 164224 72.4369 72.4369 36.1398 120
44400 381.613 -311723 -812.184 164227 72.4374 72.4374 36.14 120
44500 379.353 -311716 -206.434 164195 72.4327 72.4327 36.1377 120
44600 378.284 -311720 -599.965 164141 72.4247 72.4247 36.1337 120
44700 378.277 -311730 492.12 164063 72.4133 72.4133 36.128 120
44800 377.347 -311729 711.427 164003 72.4044 72.4044 36.1236 120
44900 379.258 -311723 1566.42 163989 72.4024 72.4024 36.1226 120
45000 378.044 -311714 630.257 164026 72.4078 72.4078 36.1253 120
45100 378.053 -311715 289.476 164091 72.4174 72.4174 36.1301 120
45200 381.309 -311725 -89.272 164157 72.4271 72.4271 36.1349 120
45300 379.619 -311725 -826.602 164205 72.4341 72.4341 36.1384 120
45400 375.198 -311723 -1606.95 164224 72.437 72.437 36.1398 120
45500 376.087 -311734 -1417.44 164204 72.4341 72.4341 36.1384 120
45600 377.827 -311730 624.156 164153 72.4265 72.4265 36.1346 120
45700 379.689 -311724 -391.401 164108 72.4199 72.4199 36.1313 120
45800 380.472 -311723 935.488 164062 72.4132 72.4132 36.1279 120
45900 379.866 -311722 -484.709 164051 72.4115 72.4115 36.1271 120
46000 377.451 -311722 874.241 164067 72.4139 72.4139 36.1283 120
46100 380.826 -311736 -201.86 164106 72.4195 72.4195 36.1311 120
46200 379.609 -311735 -382.083 164143 72.4251 72.4251 36.1339 120
46300 376.598 -311716 131.643 164164 72.4281 72.4281 36.1354 120
46400 380.653 -311720 263.915 164165 72.4282 72.4282 36.1354 120
46500 379.04 -311720 -212.861 164163 72.428 72.428 36.1353 120
46600 379.4 -311727 -184.478 164147 72.4255 72.4255 36.1341 120
46700 378.59 -311731 -302.294 164121 72.4217 72.4217 36.1322 120
46800 376.003 -311730 614.35 164107 72.4197 72.4197 36.1312 120
46900 377.668 -311729 -433.19 164119 72.4215 72.4215 36.1321 120
47000 381.22 -311724 -747.47 164133 72.4235 72.4235 36.1331 120
47100 381.988 -311723 912.446 164134 72.4237 72.4237 36.1332 120
47200 382.176 -311727 -523.433 164138 72.4243 72.4243 36.1335 120
47300 380.408 -311734 86.9893 164141 72.4247 72.4247 36.1337 120
47400 378.025 -311732 -1083.02 164154 72.4267 72.4267 36.1347 120
47500 376.755 -311726 -541.348 164182 72.4307 72.4307 36.1367 120
47600 379.924 -311727 -695.785 164202 72.4337 72.4337 36.1382 120
47700 377.02 -311717 -270.514 164190 72.4319 72.4319 36.1373 120
47800 382.24 -311723 1257.29 164154 72.4266 72.4266 36.1347 120
47900 381.217 -311720 116.109 164124 72.4222 72.4222 36.1324 120
48000 381.737 -311728 -762.887 164100 72.4188 72.4188 36.1307 120
48100 378.535 -311730 -183.961 164078 72.4155 72.4155 36.1291 120
48200 381.132 -311737 569.322 164069 72.4142 72.4142 36.1284 120
48300 376.899 -311721 872.685 164087 72.4167 72.4167 36.1297 120
48400 380.664 -311718 120.994 164136 72.424 72.424 36.1334 120
48500 381.756 -311722 -931.103 164196 72.4328 72.4328 36.1377 120
48600 380.985 -311726 -1319.73 164240 72.4392 72.4392 36.141 120
48700 378.1 -311725 -657.076 164243 72.4397 72.4397 36.1412 120
48800 379.786 -311729 35.1234 164195 72.4327 72.4327 36.1377 120
48900 380.567 -311725 683.993 164132 72.4234 72.4234 36.133 120
49000 380.314 -311713 600.419 164089 72.4172 72.4172 36.1299 120
49100 382.735 -311722 1609.82 164075 72.4151 72.4151 36.1289 120
49200 378.32 -311724 796.066 164094 72.4178 72.4178 36.1302 120
49300 379.373 -311730 -1248.27 164128 72.4228 72.4228 36.1327 120
49400 379.361 -311729 -819.801 164145 72.4253 72.4253 36.134 120
49500 378.858 -311721 167.202 164145 72.4254 72.4254 36.134 120
49600 381.659 -311716 -188.198 164157 72.4271 72.4271 36.1349 120
49700 383.114 -311722 -586.203 164164 72.4281 72.4281 36.1354 120
49800 382.821 -311728 -68.5793 164155 72.4268 72.4268 36.1347 120
49900 381.532 -311730 -49.6154 164135 72.4239 72.4239 36.1333 120
50000 382.329 -311734 -389.938 164109 72.42 72.42 36.1313 120
50100 377.856 -311726 9.25063 164082 72.416 72.416 36.1294 120
50200 380.162 -311733 378.315 164070 72.4142 72.4142 36.1285 120
50300 378.015 -311729 383.953 164080 72.4157 72.4157 36.1292 120
50400 380.195 -311728 425.755 164093 72.4177 72.4177 36.1302 120
50500 382.709 -311726 -354.088 164115 72.4209 72.4209 36.1318 120
50600 384.282 -311728 562.892 164142 72.4249 72.4249 36.1338 120
50700 376.908 -311726 -734.846 164176 72.4299 72.4299 36.1363 120
50800 376.327 -311730 -1335.1 164189 72.4318 72.4318 36.1372 120
50900 379.849 -311732 255.205 164173 72.4295 72.4295 36.1361 120
51000 379.843 -311724 -654.827 164148 72.4257 72.4257 36.1342 120
51100 381.871 -311727 226.968 164107 72.4197 72.4197 36.1312 120
51200 380.126 -311725 -390.928 164079 72.4156 72.4156 36.1291 120
51300 377.691 -311724 755.91 164072 72.4146 72.4146 36.1287 120
51400 378.27 -311727 -213.513 164091 72.4173 72.4173 36.13 120
51500 380.355 -311731 -545.43 164116 72.421 72.421 36.1319 120
51600 380.714 -311725 -162.136 164148 72.4258 72.4258 36.1343 120
51700 379.46 -311715 -999.443 164195 72.4327 72.4327 36.1377 120
51800 382.557 -311723 -353.982 164229 72.4377 72.4377 36.1402 120
51900 377.003 -311724 -660.331 164241 72.4395 72.4395 36.1411 120
52000 379.894 -311733 -1281.46 164211 72.435 72.435 36.1388 120
52100 374.324 -311721 -333.817 164129 72.423 72.423 36.1329 120
52200 378.901 -311721 240.951 164043 72.4103 72.4103 36.1265 120
52300 383.757 -311720 1840.07 163989 72.4023 72.4023 36.1225 120
52400 383.888 -311726 341.178 163998 72.4037 72.4037 36.1232 120
52500 386.535 -311736 427.975 164043 72.4104 72.4104 36.1266 120
52600 377.211 -311724 371.279 164109 72.42 72.42 36.1313 120
52700 374.335 -311723 -366.598 164172 72.4293 72.4293 36.136 120
52800 381.279 -311737 -457.401 164219 72.4361 72.4361 36.1394 120
52900 382.804 -311734 157.462 164236 72.4388 72.4388 36.1407 120
53000 384.914 -311730 -564.497 164229 72.4376 72.4376 36.1401 120
53100 383.433 -311728 -85.0414 164199 72.4333 72.4333 36.138 120
53200 379.456 -311733 -100.456 164156 72.4269 72.4269 36.1348 120
53300 382.349 -311743 661.041 164113 72.4206 72.4206 36.1316 120
53400 380.268 -311736 -159.065 164095 72.4179 72.4179 36.1303 120
53500 382.632 -311736 619.845 164091 72.4173 72.4173 36.13 120
53600 380.434 -311725 -167.032 164107 72.4197 72.4197 36.1312 120
53700 387.208 -311726 763.858 164128 72.4229 72.4229 36.1328 120
53800 383.002 -311723 1140.68 164165 72.4282 72.4282 36.1355 120
53900 382.212 -311734 -12.2216 164220 72.4363 72.4363 36.1395 120
54000 378.163 -311730 -541.092 164265 72.443 72.443 36.1428 120
54100 380.715 -311736 -941.031 164278 72.4449 72.4449 36.1438 120
54200 377.264 -311729 -960.376 164247 72.4403 72.4403 36.1415 120
54300 381.172 -311729 403.258 164165 72.4283 72.4283 36.1355 120
54400 383.276 -311726 810.38 164083 72.4162 72.4162 36.1294 120
54500 383.54 -311734 290.235 164032 72.4087 72.4087 36.1257 120
54600 381.14 -311741 1627.47 164022 72.4072 72.4072 36.125 120
54700 378.091 -311735 1314.88 164084 72.4164 72.4164 36.1296 120
54800 379.939 -311733 -293.98 164187 72.4315 72.4315 36.1371 120
54900 381.159 -311727 -803.563 164293 72.4471 72.4471 36.1449 120
55000 382.491 -311726 -1578.72 164362 72.4572 72.4572 36.1499 120
55100 379.535 -311733 -1563.88 164355 72.4563 72.4563 36.1494 120
55200 379.966 -311742 -1155.38 164284 72.4458 72.4458 36.1442 120
55300 378.129 -311735 -267.428 164184 72.4311 72.4311 36.1369 120
55400 379.078 -311728 835.11 164068 72.4141 72.4141 36.1284 120
55500 380.167 -311727 2066.84 163985 72.4018 72.4018 36.1223 120
55600 379.065 -311729 2462.82 163976 72.4005 72.4005 36.1216 120
55700 377.893 -311729 362.991 164059 72.4126 72.4126 36.1277 120
55800 383.228 -311740 260.028 164183 72.431 72.431 36.1368 120
55900 381.976 -311737 -2058.3 164295 72.4474 72.4474 36.145 120
56000 380.843 -311734 -723.27 164348 72.4552 72.4552 36.1489 120
56100 378.586 -311728 -773.515 164336 72.4534 72.4534 36.148 120
56200 379.687 -311730 85.7449 164262 72.4425 72.4425 36.1426 120
56300 381.109 -311736 604.685 164162 72.4278 72.4278 36.1352 120
56400 377.517 -311736 662.873 164082 72.4161 72.4161 36.1294 120
56500 376.769 -311741 1743.49 164027 72.4079 72.4079 36.1253 120
56600 379.782 -311740 1635.8 164015 72.4061 72.4062 36.1244 120
56700 379.88 -311727 655.712 164070 72.4143 72.4143 36.1285 120
56800 382.516 -311733 421.178 164169 72.4289 72.4289 36.1358 120
56900 377.407 -311729 -1953.82 164278 72.4448 72.4448 36.1437 120
57000 381.048 -311741 -381.96 164330 72.4526 72.4526 36.1476 120
57100 377.982 -311736 -1861.55 164343 72.4544 72.4544 36.1485 120
57200 384.772 -311734 -1850.78 164312 72.4499 72.4499 36.1463 120
57300 379.095 -311720 -620.023 164232 72.4381 72.4381 36.1404 120
57400 377.576 -311727 -176.843 164138 72.4243 72.4243 36.1335 120
57500 382.188 -311744 1330.36 164048 72.4111 72.4111 36.1269 120
57600 378.689 -311739 1514.47 164005 72.4048 72.4048 36.1238 120
57700 377.466 -311733 1969.83 164028 72.408 72.408 36.1254 120
57800 381.785 -311730 1174.38 164104 72.4193 72.4193 36.131 120
57900 383.064 -311727 -435.463 164220 72.4363 72.4363 36.1395 120
58000 383.671 -311734 -1664.19 164343 72.4544 72.4544 36.1485 120
58100 383.8 -311740 -1888.8 164414 72.4649 72.4649 36.1537 120
58200 380.788 -311736 -2693.23 164415 72.465 72.465 36.1538 120
58300 382.157 -311742 -913.213 164325 72.4518 72.4518 36.1472 120
58400 380.005 -311741 -18.0719 164199 72.4333 72.4333 36.138 120
58500 384.948 -311750 1146.79 164069 72.4141 72.4141 36.1284 120
58600 382.259 -311740 2246.36 163980 72.401 72.401 36.1219 120
58700 382.007 -311734 2381.88 163968 72.3993 72.3993 36.121 120
58800 381.235 -311734 1323 164035 72.4091 72.4091 36.1259 120
58900 378.68 -311741 278.389 164154 72.4266 72.4266 36.1346 120
59000 377.554 -311740 295.979 164286 72.4461 72.4461 36.1444 120
59100 377.437 -311734 -2239.51 164391 72.4614 72.4615 36.152 120
59200 381.299 -311736 -1310.02 164421 72.4659 72.4659 36.1543 120
59300 382.6 -311738 -2677.31 164378 72.4596 72.4596 36.1511 120
59400 378.945 -311733 -799.859 164259 72.442 72.442 36.1423 120
59500 381.167 -311740 151.757 164123 72.422 72.422 36.1324 120
59600 380.492 -311741 2468.76 164030 72.4084 72.4084 36.1256 120
59700 379.103 -311747 -105.181 164025 72.4077 72.4077 36.1252 120
59800 375.181 -311747 958.515 164074 72.4149 72.4149 36.1288 120
59900 377.511 -311742 1240.54 164157 72.427 72.427 36.1349 120
60000 378.252 -311735 -280.287 164255 72.4415 72.4415 36.1421 120
60100 377.919 -311730 -1403.71 164337 72.4535 72.4535 36.1481 120
60200 380.541 -311733 -346.417 164381 72.4601 72.4601 36.1513 120
60300 377.807 -311733 -2151.97 164380 72.4598 72.4598 36.1512 120
60400 376.569 -311741 -87.6497 164307 72.4492 72.4492 36.1459 120
60500 377.762 -311744 -468.155 164202 72.4338 72.4338 36.1382 120
60600 382.585 -311743 1309.19 164089 72.4171 72.4171 36.1299 120
60700 384.37 -311741 1491.49 164034 72.4091 72.4091 36.1259 120
60800 379.613 -311736 614.855 164052 72.4117 72.4117 36.1272 120
60900 376.384 -311733 1345.94 164110 72.4202 72.4202 36.1314 120
61000 377.119 -311740 193.146 164200 72.4334 72.4334 36.1381 120
61100 377.96 -311749 -1088.6 164287 72.4462 72.4462 36.1444 120
61200 380.141 -311749 -977.294 164339 72.4538 72.4538 36.1482 120
61300 378.094 -311732 -1642.21 164350 72.4554 72.4554 36.149 120
61400 378.16 -311729 -1378.59 164307 72.4492 72.4492 36.1459 120
61500 381.982 -311739 382.379 164219 72.4361 72.4361 36.1394 120
61600 380.336 -311744 409.789 164139 72.4244 72.4244 36.1335 120
61700 378.593 -311749 373.038 164083 72.4162 72.4162 36.1295 120
61800 379.596 -311747 1735.86 164058 72.4125 72.4125 36.1276 120
61900 379.172 -311740 1058.21 164083 72.4162 72.4162 36.1295 120
62000 381.667 -311743 591.263 164157 72.4271 72.4271 36.1349 120
62100 379.92 -311737 131.917 164244 72.4399 72.4399 36.1413 120
62200 385.875 -311743 -561.837 164306 72.449 72.449 36.1458 120
62300 384.929 -311737 -1496.68 164336 72.4534 72.4534 36.148 120
62400 380.557 -311733 -1019.96 164333 72.4529 72.4529 36.1478 120
62500 378.986 -311741 -1603.41 164298 72.4478 72.4478 36.1452 120
62600 378.338 -311742 -924.078 164223 72.4368 72.4368 36.1397 120
62700 380.746 -311742 842.878 164141 72.4247 72.4247 36.1337 120
62800 382.495 -311734 363.613 164096 72.4182 72.4182 36.1304 120
62900 384.324 -311737 877.848 164093 72.4177 72.4177 36.1302 120
63000 380.736 -311734 911.417 164117 72.4212 72.4212 36.1319 120
63100 383.396 -311745 194.008 164156 72.427 72.427 36.1348 120
63200 379.122 -311741 404.984 164209 72.4347 72.4347 36.1387 120
63300 379.368 -311745 -423.3 164268 72.4434 72.4434 36.143 120
63400 379.808 -311741 526.214 164299 72.4479 72.4479 36.1453 120
63500 380.067 -311730 -1421.86 164298 72.4478 72.4478 36.1452 120
63600 380.656 -311731 84.0559 164263 72.4426 72.4426 36.1426 120
63700 379.303 -311738 -1087.54 164211 72.4351 72.4351 36.1389 120
63800 377.42 -311740 79.298 164146 72.4255 72.4255 36.1341 120
63900 377.316 -311738 -94.552 164097 72.4182 72.4182 36.1305 120
64000 379.265 -311740 696.522 164086 72.4166 72.4166 36.1297 120
64100 379.524 -311737 685.007 164126 72.4225 72.4225 36.1326 120
64200 382.109 -311738 292.361 164199 72.4333 72.4333 36.138 120
64300 383.796 -311735 -857.119 164285 72.4459 72.4459 36.1443 120
64400 379.681 -311729 -1440.39 164342 72.4543 72.4543 36.1485 120
64500 378.909 -311738 -1850.96 164353 72.456 72.456 36.1493 120
64600 377.494 -311740 -1336.75 164310 72.4496 72.4496 36.1461 120
64700 380.002 -311744 -830.957 164231 72.4379 72.4379 36.1403 120
64800 380.072 -311733 137.072 164149 72.426 72.426 36.1343 120
64900 383.488 -311733 1052.77 164102 72.4191 72.4191 36.1309 120
65000 380.748 -311735 303.411 164098 72.4183 72.4184 36.1305 120
65100 379.655 -311739 324.288 164121 72.4218 72.4218 36.1322 120
65200 377.651 -311739 161.217 164159 72.4273 72.4273 36.135 120
65300 378.311 -311739 404.446 164209 72.4348 72.4348 36.1387 120
65400 383.37 -311740 157.705 164265 72.4429 72.4429 36.1428 120
65500 383.495 -311731 -318.616 164305 72.4488 72.4488 36.1457 120
65600 380.391 -311732 -1256.37 164331 72.4526 72.4526 36.1476 120
65700 380.103 -311739 -1796.29 164322 72.4513 72.4513 36.147 120
65800 378.263 -311739 -1247.47 164264 72.4429 72.4429 36.1428 120
65900 379.31 -311740 -654.669 164182 72.4308 72.4308 36.1368 120
66000 380.634 -311739 1136.06 164103 72.4192 72.4192 36.1309 120
66100 382.663 -311732 1208.18 164060 72.4128 72.4128 36.1277 120
66200 383.33 -311735 1082.22 164071 72.4145 72.4145 36.1286 120
66300 381.136 -311743 941.357 164120 72.4216 72.4216 36.1321 120
66400 379.255 -311743 -160.022 164197 72.4329 72.4329 36.1378 120
66500 378.591 -311739 -1856.56 164271 72.4439 72.4439 36.1433 120
66600 380.927 -311738 -1083.44 164301 72.4483 72.4483 36.1455 120
66700 382.096 -311733 -1400.72 164296 72.4475 72.4475 36.145 120
66800 383.484 -311734 -594.215 164258 72.442 72.442 36.1423 120
66900 380.012 -311740 138.584 164207 72.4345 72.4345 36.1386 120
67000 378.663 -311744 341.018 164157 72.4272 72.4272 36.1349 120
67100 376.722 -311739 236.452 164118 72.4214 72.4214 36.132 120
67200 381.254 -311741 1081.55 164101 72.4188 72.4188 36.1308 120
67300 382.492 -311735 379.648 164129 72.423 72.423 36.1328 120
67400 382.433 -311738 -712.567 164178 72.4301 72.4301 36.1364 120
67500 375.106 -311731 -1086.55 164226 72.4372 72.4372 36.1399 120
67600 379.528 -311740 379.716 164245 72.4401 72.4401 36.1414 120
67700 380.439 -311741 -747.116 164253 72.4412 72.4412 36.1419 120
67800 382.333 -311744 -788.893 164223 72.4368 72.4368 36.1397 120
67900 384.088 -311742 575.3 164151 72.4263 72.4263 36.1345 120
68000 382.233 -311737 -338.407 164097 72.4183 72.4183 36.1305 120
68100 379.322 -311741 356.577 164076 72.4152 72.4152 36.129 120
68200 376.756 -311743 354.777 164096 72.4181 72.4181 36.1304 120
68300 373.306 -311734 240.218 164163 72.428 72.428 36.1353 120
68400 378.053 -311735 -1072.61 164250 72.4407 72.4407 36.1417 120
68500 384.663 -311739 -744.319 164298 72.4478 72.4478 36.1452 120
68600 378.198 -311728 -1047.36 164313 72.45 72.45 36.1463 120
68700 380.241 -311735 -1534.68 164287 72.4462 72.4462 36.1444 120
68800 379.297 -311740 -445.425 164222 72.4366 72.4366 36.1396 120
68900 377.783 -311743 212.564 164151 72.4261 72.4261 36.1344 120
69000 378.881 -311746 245.904 164098 72.4184 72.4184 36.1306 120
69100 378.559 -311736 1882.96 164084 72.4164 72.4164 36.1296 120
69200 380.767 -311731 1585.37 164131 72.4233 72.4233 36.133 120
69300 382.001 -311739 22.8755 164213 72.4353 72.4353 36.139 120
69400 381.466 -311745 -855.047 164274 72.4443 72.4443 36.1435 120
69500 380.617 -311745 70.9511 164293 72.4471 72.4471 36.1448 120
69600 379.366 -311741 -75.4895 164286 72.446 72.446 36.1443 120
69700 378.679 -311738 -442.256 164266 72.4432 72.4432 36.1429 120
69800 381.838 -311743 366.214 164241 72.4395 72.4395 36.1411 120
69900 378.705 -311731 327.508 164206 72.4343 72.4343 36.1385 120
70000 383.218 -311731 -702.354 164165 72.4283 72.4283 36.1355 120
70100 382.385 -311737 912.208 164127 72.4227 72.4227 36.1327 120
70200 378.286 -311738 1155.41 164112 72.4205 72.4205 36.1316 120
70300 378.878 -311742 39.4363 164136 72.424 72.424 36.1333 120
70400 380.995 -311745 -200.028 164169 72.4289 72.4289 36.1358 120
70500 379.733 -311735 -73.8853 164208 72.4346 72.4346 36.1386 120
70600 385.314 -311738 -936.945 164242 72.4396 72.4396 36.1411 120
70700 382.429 -311736 624.107 164260 72.4422 72.4422 36.1424 120
70800 379.338 -311741 -155.136 164275 72.4444 72.4444 36.1435 120
70900 377.996 -311739 -1226.39 164266 72.4431 72.4431 36.1429 120
71000 376.468 -311734 -766.779 164219 72.4362 72.4362 36.1394 120
71100 380.652 -311738 1219.28 164161 72.4276 72.4276 36.1352 120
71200 383.016 -311737 507.842 164138 72.4243 72.4243 36.1335 120
71300 385.2 -311737 1078.92 164146 72.4255 72.4255 36.1341 120
71400 380.011 -311737 -608.287 164180 72.4305 72.4305 36.1366 120
71500 377.554 -311740 9.09848 164208 72.4345 72.4345 36.1386 120
71600 381.961 -311749 -320.857 164232 72.4381 72.4381 36.1404 120
71700 380.14 -311740 -745.132 164254 72.4414 72.4414 36.142 120
71800 380.253 -311730 -1130.25 164273 72.4441 72.4441 36.1434 120
71900 383.563 -311731 -643.174 164277 72.4448 72.4448 36.1437 120
72000 382.37 -311743 -71.2773 164259 72.4421 72.4421 36.1424 120
72100 378.466 -311744 -832.423 164220 72.4364 72.4364 36.1395 120
72200 378.777 -311742 261.126 164167 72.4285 72.4285 36.1356 120
72300 380.083 -311739 907.237 164126 72.4225 72.4225 36.1326 120
72400 379.562 -311732 -117.049 164107 72.4198 72.4198 36.1312 120
72500 383.049 -311740 593.882 164121 72.4217 72.4217 36.1322 120
72600 375.133 -311739 703.764 164175 72.4298 72.4298 36.1362 120
72700 376.812 -311744 93.4595 164242 72.4396 72.4396 36.1411 120
72800 379.605 -311743 -1129.4 164301 72.4482 72.4482 36.1454 120
72900 384.701 -311743 -1602.63 164327 72.4521 72.4521 36.1474 120
73000 379.346 -311733 -1460.56 164302 72.4485 72.4485 36.1455 120
73100 381.481 -311741 -317.369 164241 72.4395 72.4395 36.1411 120
73200 383.171 -311749 1442.11 164175 72.4297 72.4297 36.1362 120
73300 376.083 -311743 300.606 164141 72.4248 72.4248 36.1337 120
73400 375.225 -311755 -325.06 164122 72.4219 72.4219 36.1323 120
73500 375.322 -311749 942.802 164103 72.4191 72.4191 36.1309 120
73600 378.101 -311744 1220.58 164128 72.4229 72.4229 36.1328 120
73700 377.871 -311738 -301.671 164182 72.4307 72.4307 36.1367 120
73800 378.284 -311733 -1113.15 164232 72.4381 72.4381 36.1404 120
73900 384.358 -311742 -1120.63 164263 72.4427 72.4427 36.1427 120
74000 378.75 -311738 -137.584 164283 72.4456 72.4456 36.1441 120
74100 376.906 -311744 -249.704 164275 72.4444 72.4444 36.1435 120
74200 377.804 -311744 -1347.02 164242 72.4396 72.4396 36.1411 120
74300 379.983 -311740 110.622 164193 72.4324 72.4324 36.1375 120
74400 381.305 -311739 836.199 164151 72.4262 72.4262 36.1345 120
74500 381.391 -311741 124.922 164124 72.4223 72.4223 36.1325 120
74600 379.948 -311742 -417.813 164123 72.422 72.422 36.1324 120
74700 380.947 -311748 895.733 164142 72.4248 72.4248 36.1338 120
74800 379.976 -311751 -440.711 164177 72.43 72.43 36.1364 120
74900 373.67 -311748 352.653 164220 72.4363 72.4363 36.1395 120
75000 381.017 -311752 -718.841 164253 72.4412 72.4412 36.1419 120
75100 383.654 -311748 -316.302 164270 72.4437 72.4437 36.1432 120
75200 380.325 -311739 -520.704 164268 72.4434 72.4434 36.143 120
75300 380.621 -311739 158.977 164235 72.4386 72.4386 36.1406 120
75400 377.724 -311737 -557.368 164198 72.4331 72.4331 36.1379 120
75500 376.087 -311744 -158.08 164162 72.4278 72.4278 36.1352 120
75600 376.974 -311747 -153.917 164137 72.4241 72.4241 36.1334 120
75700 376.027 -311734 816.515 164134 72.4237 72.4237 36.1332 120
75800 384.271 -311744 117.653 164166 72.4284 72.4284 36.1356 120
75900 378.661 -311735 -649.129 164222 72.4366 72.4366 36.1396 120
76000 376.47 -311736 -422.416 164270 72.4438 72.4438 36.1432 120
76100 380.533 -311749 -1935.22 164299 72.448 72.448 36.1453 120
76200 378.061 -311749 -641.797 164303 72.4485 72.4485 36.1456 120
76300 373.618 -311739 -1011.44 164277 72.4447 72.4447 36.1437 120
76400 384.026 -311749 -1511.6 164236 72.4386 72.4386 36.1406 120
76500 381.495 -311738 1417 164172 72.4292 72.4292 36.136 120
76600 380.452 -311738 1171.49 164121 72.4218 72.4218 36.1323 120
76700 381.235 -311750 1929.74 164104 72.4193 72.4193 36.131 120
76800 375.803 -311744 706.494 164132 72.4234 72.4234 36.133 120
76900 377.03 -311743 87.8951 164192 72.4322 72.4322 36.1374 120
77000 381.892 -311737 -618.96 164248 72.4405 72.4405 36.1416 120
77100 381.293 -311736 -309.185 164280 72.4452 72.4452 36.1439 120
77200 376.847 -311735 -1762.24 164280 72.4452 72.4452 36.1439 120
77300 377.638 -311743 -114.453 164249 72.4406 72.4406 36.1416 120
77400 377.374 -311744 1145.88 164202 72.4338 72.4338 36.1382 120
77500 380.993 -311744 -136.757 164179 72.4303 72.4303 36.1365 120
77600 385.27 -311744 420.838 164176 72.4298 72.4298 36.1363 120
77700 383.175 -311740 304.421 164194 72.4326 72.4326 36.1376 120
77800 379.088 -311738 -334.44 164234 72.4384 72.4384 36.1405 120
77900 379.56 -311741 -496.354 164270 72.4438 72.4438 36.1432 120
78000 380.605 -311744 -372.048 164279 72.445 72.445 36.1438 120
78100 377.744 -311739 672.476 164266 72.4432 72.4432 36.1429 120
78200 382.943 -311742 667.482 164240 72.4393 72.4393 36.141 120
78300 385.827 -311741 -180.73 164218 72.436 72.436 36.1394 120
78400 379.169 -311732 252.434 164213 72.4353 72.4353 36.139 120
78500 380.314 -311745 -325.207 164212 72.4351 72.4351 36.1389 120
78600 380.066 -311747 401.331 164212 72.4352 72.4352 36.139 120
78700 380.068 -311745 -471.604 164229 72.4376 72.4376 36.1401 120
78800 382.428 -311744 249.431 164237 72.4388 72.4388 36.1407 120
78900 384.296 -311735 658.718 164236 72.4388 72.4388 36.1407 120
79000 384.059 -311733 668.352 164248 72.4404 72.4404 36.1415 120
79100 381.598 -311746 -519.998 164260 72.4422 72.4422 36.1424 120
79200 377.548 -311742 -525.323 164260 72.4423 72.4423 36.1425 120
79300 378.486 -311742 -3.15416 164247 72.4403 72.4403 36.1415 120
79400 380.448 -311741 -51.436 164230 72.4378 72.4378 36.1402 120
79500 380.88 -311736 459.374 164208 72.4346 72.4346 36.1386 120
79600 380.526 -311736 367.932 164202 72.4337 72.4337 36.1382 120
79700 377.951 -311744 -755.595 164227 72.4373 72.4373 36.14 120
79800 376.793 -311745 124.867 164256 72.4417 72.4417 36.1422 120
79900 380.524 -311747 -1195.79 164279 72.445 72.445 36.1438 120
80000 382.998 -311743 -104.404 164273 72.4442 72.4442 36.1434 120
80100 381.867 -311740 239.661 164249 72.4406 72.4406 36.1416 120
80200 383.741 -311746 21.8197 164215 72.4357 72.4357 36.1392 120
80300 381.671 -311745 605.062 164178 72.4301 72.4301 36.1364 120
80400 379.597 -311744 369.704 164168 72.4288 72.4288 36.1357 120
80500 379.585 -311748 295.591 164175 72.4298 72.4298 36.1362 120
80600 380.297 -311752 -674.661 164197 72.433 72.433 36.1378 120
80700 379.489 -311747 594.905 164225 72.437 72.437 36.1398 120
80800 379.939 -311739 -907.867 164255 72.4416 72.4416 36.1421 120
80900 381.561 -311738 93.4131 164260 72.4423 72.4423 36.1425 120
81000 379.398 -311739 -320.63 164260 72.4423 72.4423 36.1425 120
81100 378.044 -311748 -171.621 164245 72.44 72.44 36.1413 120
81200 379.067 -311750 55.2315 164207 72.4345 72.4345 36.1386 120
81300 378.063 -311742 1571.89 164167 72.4285 72.4285 36.1356 120
81400 382.063 -311744 281.876 164158 72.4273 72.4273 36.135 120
81500 381.137 -311743 305.009 164160 72.4275 72.4275 36.1351 120
81600 379.14 -311740 552.778 164179 72.4304 72.4304 36.1365 120
81700 380.646 -311745 345.847 164217 72.4359 72.4359 36.1393 120
81800 378.16 -311750 -818.21 164261 72.4424 72.4424 36.1425 120
81900 375.793 -311753 -536.343 164282 72.4455 72.4455 36.1441 120
82000 377.258 -311746 -870.77 164287 72.4462 72.4462 36.1444 120
82100 379.22 -311741 78.0108 164267 72.4432 72.4432 36.1429 120
82200 379.975 -311739 -388.304 164244 72.4399 72.4399 36.1413 120
82300 382.517 -311745 659.431 164215 72.4356 72.4356 36.1391 120
82400 377.856 -311744 -324.67 164191 72.4321 72.4321 36.1374 120
82500 375.37 -311747 197.693 164185 72.4313 72.4313 36.137 120
82600 380.371 -311752 955.322 164209 72.4348 72.4348 36.1387 120
82700 383.584 -311747 -726.908 164250 72.4408 72.4408 36.1417 120
82800 381.135 -311741 -277.123 164256 72.4417 72.4417 36.1422 120
82900 384.086 -311749 -341.603 164238 72.439 72.439 36.1408 120
83000 376.523 -311741 -502.272 164220 72.4364 72.4364 36.1395 120
83100 376.195 -311745 190.259 164211 72.435 72.435 36.1388 120
83200 377.769 -311750 188.884 164204 72.4341 72.4341 36.1384 120
83300 378.913 -311741 -410.896 164198 72.4331 72.4331 36.1379 120
83400 381.744 -311740 -564.981 164201 72.4335 72.4335 36.1381 120
83500 379.441 -311737 1054.15 164200 72.4334 72.4334 36.138 120
83600 377.667 -311744 -93.3515 164211 72.4351 72.4351 36.1389 120
83700 376.066 -311748 -1057.84 164229 72.4377 72.4377 36.1402 120
83800 377.13 -311745 -394.709 164229 72.4377 72.4377 36.1402 120
83900 378.976 -311743 706.496 164222 72.4366 72.4366 36.1396 120
84000 380.236 -311742 184.581 164220 72.4364 72.4364 36.1395 120
84100 380.626 -311742 282.453 164208 72.4346 72.4346 36.1386 120
84200 374.783 -311741 -501.651 164189 72.4318 72.4318 36.1372 120
84300 375.763 -311752 1124.9 164184 72.431 72.431 36.1368 120
84400 376.106 -311745 -128.99 164204 72.434 72.434 36.1384 120
84500 378.917 -311742 -196.894 164228 72.4375 72.4375 36.1401 120
84600 378.351 -311738 298.928 164244 72.4398 72.4398 36.1412 120
84700 381.475 -311744 480.085 164253 72.4412 72.4412 36.1419 120
84800 378.067 -311747 181.175 164257 72.4418 72.4418 36.1422 120
84900 373.515 -311746 -911.318 164266 72.4431 72.4431 36.1429 120
85000 381.1 -311756 -1106.76 164250 72.4408 72.4408 36.1417 120
85100 375.619 -311739 -81.6062 164208 72.4346 72.4346 36.1386 120
85200 381.239 -311747 -29.2522 164158 72.4273 72.4273 36.135 120
85300 381.077 -311745 1333.57 164144 72.4251 72.4251 36.1339 120
85400 378.829 -311740 1575.57 164160 72.4275 72.4275 36.1351 120
85500 380.562 -311748 -544.852 164200 72.4335 72.4335 36.1381 120
85600 377.709 -311747 -1096.6 164237 72.4389 72.4389 36.1408 120
85700 376.366 -311746 -519.447 164254 72.4413 72.4413 36.142 120
85800 381.532 -311746 -762.544 164272 72.444 72.444 36.1433 120
85900 380.236 -311736 -597.204 164264 72.4428 72.4428 36.1427 120
86000 383.28 -311744 -659.302 164239 72.4391 72.4391 36.1409 120
86100 380.845 -311746 671.671 164205 72.4342 72.4342 36.1384 120
86200 377.089 -311743 -985.364 164177 72.43 72.43 36.1363 120
86300 379.376 -311747 309.493 164151 72.4262 72.4262 36.1345 120
86400 379.768 -311744 1827.83 164137 72.4242 72.4242 36.1334 120
86500 380.577 -311743 97.4074 164162 72.4278 72.4278 36.1353 120
86600 378.971 -311736 643.985 164205 72.4341 72.4341 36.1384 120
86700 377.807 -311734 -763.569 164247 72.4403 72.4403 36.1415 120
86800 378.791 -311744 229.971 164262 72.4425 72.4425 36.1426 120
86900 379.576 -311751 68.5627 164258 72.442 72.442 36.1423 120
87000 376.554 -311743 -686.896 164237 72.4388 72.4388 36.1407 120
87100 381.635 -311740 -406.78 164215 72.4356 72.4356 36.1392 120
87200 379.27 -311733 -1432.18 164190 72.4319 72.4319 36.1373 120
87300 380.358 -311741 936.624 164149 72.426 72.426 36.1343 120
87400 379.005 -311745 1113.73 164136 72.424 72.424 36.1333 120
87500 380.268 -311750 -552.936 164146 72.4254 72.4254 36.1341 120
87600 378.998 -311745 120.024 164163 72.4279 72.4279 36.1353 120
87700 385.705 -311743 952.422 164194 72.4326 72.4326 36.1376 120
87800 381.056 -311732 -24.5056 164226 72.4372 72.4372 36.1399 120
87900 383.139 -311745 333.762 164252 72.4411 72.4411 36.1419 120
88000 381.282 -311747 -580.501 164277 72.4447 72.4447 36.1437 120
88100 377.707 -311743 -117.067 164288 72.4464 72.4464 36.1445 120
88200 378.095 -311742 -1201.14 164286 72.446 72.446 36.1443 120
88300 376.925 -311732 337.265 164257 72.4418 72.4418 36.1422 120
88400 382.155 -311735 -984.641 164213 72.4354 72.4354 36.139 120
88500 376.7 -311731 616.085 164150 72.4261 72.4261 36.1344 120
88600 383.119 -311752 369.772 164107 72.4197 72.4197 36.1312 120
88700 376.081 -311740 565.152 164106 72.4195 72.4195 36.1311 120
88800 383.434 -311754 1208.6 164149 72.4259 72.4259 36.1343 120
88900 381.503 -311745 -1268.02 164240 72.4393 72.4393 36.141 120
89000 381.457 -311736 -893.197 164325 72.4518 72.4518 36.1472 120
89100 384.488 -311740 -31.1387 164376 72.4592 72.4592 36.1509 120
89200 378.919 -311742 -1430.56 164376 72.4593 72.4593 36.151 120
89300 380.177 -311750 -1817.09 164322 72.4513 72.4513 36.147 120
89400 381.77 -311753 688.506 164224 72.437 72.437 36.1398 120
89500 383.033 -311748 1167.5 164128 72.4229 72.4229 36.1328 120
89600 382.952 -311741 505.105 164067 72.4138 72.4138 36.1282 120
89700 383.184 -311743 1776.3 164063 72.4133 72.4133 36.128 120
89800 375.948 -311744 437.925 164126 72.4225 72.4225 36.1326 120
89900 379.142 -311752 7.02485 164210 72.4348 72.4348 36.1388 120
90000 380.648 -311749 -1034.09 164291 72.4467 72.4467 36.1447 120
90100 380.958 -311740 -1299.04 164333 72.453 72.453 36.1478 120
90200 382.122 -311740 -1352.46 164337 72.4536 72.4536 36.1481 120
90300 381.373 -311747 -1255.35 164305 72.4489 72.4489 36.1457 120
90400 377.389 -311751 -128.156 164252 72.4411 72.4411 36.1419 120
90500 378.267 -311752 -953.483 164186 72.4313 72.4313 36.137 120
90600 378.968 -311747 116.342 164111 72.4203 72.4203 36.1315 120
90700 379.884 -311742 1362.78 164059 72.4126 72.4126 36.1277 120
90800 382.929 -311745 1081.38 164060 72.4128 72.4128 36.1277 120
90900 380.851 -311750 1868.87 164118 72.4213 72.4213 36.132 120
91000 377.431 -311753 314.86 164216 72.4358 72.4358 36.1392 120
91100 377.31 -311748 -1233.94 164314 72.4502 72.4502 36.1464 120
91200 379.224 -311745 -1802.26 164380 72.4598 72.4598 36.1512 120
91300 379.365 -311741 -579.597 164388 72.4611 72.4611 36.1519 120
91400 380.874 -311743 -1193.74 164335 72.4532 72.4532 36.1479 120
91500 382.038 -311749 -938.12 164258 72.4419 72.4419 36.1423 120
91600 376.37 -311754 200.541 164172 72.4293 72.4293 36.136 120
91700 374.87 -311752 1369.54 164092 72.4176 72.4176 36.1302 120
91800 375.9 -311746 513.631 164057 72.4124 72.4124 36.1276 120
91900 378.689 -311745 291.226 164067 72.4139 72.4139 36.1283 120
92000 382.79 -311750 1816.08 164126 72.4225 72.4225 36.1326 120
92100 380.441 -311743 -556.448 164212 72.4352 72.4352 36.1389 120
92200 380.605 -311745 -366.26 164290 72.4466 72.4466 36.1446 120
92300 380.272 -311750 -703.713 164351 72.4556 72.4556 36.1491 120
92400 377.858 -311750 -1678.61 164367 72.4579 72.4579 36.1503 120
92500 378.61 -311746 -1514.09 164325 72.4517 72.4517 36.1472 120
92600 382.263 -311743 298.76 164240 72.4394 72.4394 36.141 120
92700 383.032 -311744 1515.32 164141 72.4247 72.4248 36.1337 120
92800 382.402 -311747 2026.75 164065 72.4136 72.4136 36.1282 120
92900 384.127 -311755 1438.55 164049 72.4112 72.4112 36.1269 120
93000 380.453 -311749 1520.15 164092 72.4175 72.4175 36.1301 120
93100 379.229 -311746 718.444 164186 72.4313 72.4313 36.137 120
93200 382.446 -311751 -563.333 164289 72.4465 72.4465 36.1446 120
93300 380.655 -311744 -1717.94 164363 72.4573 72.4573 36.15 120
93400 382.141 -311740 -2175 164375 72.4591 72.4591 36.1509 120
93500 383.528 -311742 -937.742 164327 72.4521 72.4521 36.1473 120
93600 377.771 -311742 -195.101 164233 72.4382 72.4382 36.1405 120
93700 377.893 -311749 799.498 164137 72.4242 72.4242 36.1334 120
93800 380.808 -311752 2067.82 164079 72.4156 72.4156 36.1291 120
93900 379.571 -311746 794.374 164087 72.4167 72.4167 36.1297 120
94000 380.868 -311743 1695.26 164143 72.4251 72.4251 36.1339 120
94100 380.635 -311735 -71.4964 164231 72.4379 72.4379 36.1403 120
94200 384.594 -311734 -451.567 164305 72.4489 72.4489 36.1458 120
94300 383.063 -311739 -1770.97 164358 72.4566 72.4566 36.1496 120
94400 379.837 -311743 -1069.7 164364 72.4576 72.4576 36.1501 120
94500 380.115 -311749 -1325.48 164332 72.4529 72.4529 36.1478 120
94600 376.087 -311743 -982.557 164262 72.4426 72.4426 36.1426 120
94700 382.087 -311749 1876.59 164171 72.4291 72.4291 36.1359 120
94800 384.69 -311745 635.153 164117 72.4211 72.4211 36.1319 120
94900 382.299 -311742 185.875 164110 72.4202 72.4202 36.1314 120
95000 378.203 -311746 312.045 164133 72.4236 72.4236 36.1331 120
95100 378.586 -311748 1025.69 164176 72.4299 72.4299 36.1363 120
95200 378.164 -311745 -512.346 164244 72.4399 72.4399 36.1413 120
95300 381.566 -311745 -409.18 164295 72.4474 72.4474 36.145 120
95400 380.794 -311738 -542.74 164314 72.4502 72.4502 36.1464 120
95500 383.969 -311742 -917.866 164305 72.4488 72.4488 36.1457 120
95600 378.532 -311742 -560.358 164261 72.4424 72.4424 36.1425 120
95700 376.531 -311747 716.422 164200 72.4334 72.4334 36.138 120
95800 378.968 -311751 -179.666 164140 72.4245 72.4245 36.1336 120
95900 380.896 -311747 1276.07 164100 72.4187 72.4187 36.1307 120
96000 380.947 -311739 334.131 164114 72.4207 72.4207 36.1317 120
96100 382.014 -311745 562.456 164172 72.4293 72.4293 36.136 120
96200 376.836 -311752 -32.7688 164243 72.4397 72.4397 36.1412 120
96300 376.548 -311749 -520.04 164295 72.4473 72.4473 36.145 120
96400 380.003 -311745 -1485.96 164313 72.45 72.45 36.1463 120
96500 381.661 -311742 -499.043 164300 72.4481 72.4481 36.1454 120
96600 379.924 -311739 -968.568 164269 72.4435 72.4435 36.1431 120
96700 379.661 -311750 -38.6879 164223 72.4368 72.4368 36.1397 120
96800 376.547 -311750 262.039 164194 72.4325 72.4325 36.1376 120
96900 377.978 -311750 266.297 164174 72.4295 72.4295 36.1361 120
97000 382.063 -311752 1609.93 164162 72.4279 72.4279 36.1353 120
97100 376.905 -311739 320.897 164175 72.4298 72.4298 36.1362 120
97200 381.508 -311748 1197.9 164205 72.4341 72.4341 36.1384 120
97300 381.291 -311750 -373.994 164258 72.4419 72.4419 36.1423 120
97400 374.706 -311750 -914.907 164314 72.4501 72.4501 36.1464 120
97500 375.208 -311753 -1602 164337 72.4536 72.4536 36.1481 120
97600 379.279 -311750 -1017.22 164311 72.4498 72.4498 36.1462 120
97700 380.541 -311746 901.654 164259 72.442 72.442 36.1423 120
97800 380.15 -311743 1262.64 164202 72.4337 72.4337 36.1382 120
97900 380.441 -311746 2115.7 164157 72.4271 72.4271 36.1349 120
98000 375.599 -311747 824.669 164140 72.4245 72.4245 36.1336 120
98100 375.79 -311752 -504.922 164157 72.4271 72.4271 36.1349 120
98200 379.786 -311752 408.866 164187 72.4315 72.4315 36.1371 120
98300 380.017 -311745 -696.864 164232 72.4381 72.4381 36.1404 120
98400 378.387 -311742 90.6651 164268 72.4434 72.4434 36.143 120
98500 382.141 -311750 -529.929 164290 72.4467 72.4467 36.1447 120
98600 378.464 -311748 -1090.8 164287 72.4462 72.4462 36.1444 120
98700 378.539 -311754 -346.166 164265 72.4429 72.4429 36.1428 120
98800 378.72 -311756 280.443 164229 72.4376 72.4376 36.1402 120
98900 381.867 -311750 -158.482 164205 72.4341 72.4341 36.1384 120
99000 381.04 -311744 -1.20755 164201 72.4335 72.4335 36.1381 120
99100 381.271 -311745 -497.482 164200 72.4334 72.4334 36.138 120
99200 379.41 -311749 848.714 164193 72.4324 72.4324 36.1376 120
99300 378.492 -311759 715.562 164203 72.4338 72.4338 36.1382 120
99400 379.961 -311759 343.942 164211 72.435 72.435 36.1388 120
99500 381.123 -311755 -457.042 164227 72.4374 72.4374 36.14 120
99600 377.626 -311743 -29.2964 164246 72.4401 72.4401 36.1414 120
99700 381.525 -311745 -926.357 164274 72.4443 72.4443 36.1435 120
99800 379.507 -311740 -722.199 164288 72.4463 72.4463 36.1445 120
99900 379.339 -311747 -256.913 164263 72.4427 72.4427 36.1427 120
100000 378.97 -311756 -624.679 164220 72.4363 72.4363 36.1395 120
