# Time-averaged data for fix 2
# TimeStep c_thermo_temp c_thermo_pe c_thermo_press v_myVol v_myCella v_myCellb v_myCellc v_myCellgamma
0 28.5328 -312247 -41.5333 162305 72.1537 72.1537 35.9985 120
100 27.6101 -312250 36.393 162263 72.1475 72.1475 35.9954 120
200 28.7175 -312248 431.116 162281 72.1501 72.1501 35.9967 120
300 31.5254 -312247 -113.909 162364 72.1625 72.1625 36.0029 120
400 32.107 -312246 8.35972 162368 72.163 72.163 36.0032 120
500 30.9654 -312250 153.531 162369 72.1632 72.1632 36.0032 120
600 29.146 -312257 194.386 162350 72.1603 72.1603 36.0018 120
700 28.513 -312261 131.718 162384 72.1654 72.1654 36.0043 120
800 28.6736 -312261 -41.6405 162407 72.1688 72.1688 36.006 120
900 30.5269 -312259 175.052 162359 72.1617 72.1617 36.0025 120
1000 31.6512 -312258 152.707 162394 72.1669 72.1669 36.0051 120
1100 30.9302 -312259 -160.874 162419 72.1706 72.1706 36.0069 120
1200 29.8216 -312263 401.971 162380 72.1648 72.1648 36.004 120
1300 29.3911 -312266 -546.003 162471 72.1782 72.1782 36.0107 120
1400 28.9017 -312266 437.704 162429 72.1721 72.1721 36.0077 120
1500 29.7784 -312264 -8.5565 162494 72.1818 72.1818 36.0125 120
1600 31.2784 -312263 -111.225 162458 72.1764 72.1764 36.0098 120
1700 31.3428 -312263 579.481 162377 72.1643 72.1643 36.0038 120
1800 30.4162 -312264 -34.2224 162477 72.1792 72.1792 36.0112 120
1900 29.0245 -312266 -381.727 162497 72.1821 72.1821 36.0127 120
2000 28.8588 -312269 409.862 162400 72.1677 72.1677 36.0055 120
2100 28.9977 -312267 -80.3148 162436 72.1731 72.1731 36.0082 120
2200 30.4259 -312266 29.9572 162489 72.1809 72.1809 36.0121 120
2300 31.2319 -312265 -61.136 162502 72.1829 72.1829 36.013 120
2400 31.1391 -312268 -273.572 162503 72.1831 72.1831 36.0131 120
2500 29.4179 -312270 6.93657 162459 72.1766 72.1766 36.0099 120
2600 28.7807 -312272 324.923 162469 72.178 72.178 36.0106 120
2700 29.1112 -312271 -547.155 162527 72.1866 72.1866 36.0149 120
2800 30.303 -312270 173.675 162468 72.1778 72.1778 36.0105 120
2900 31.2013 -312268 277.268 162490 72.1811 72.1811 36.0121 120
3000 30.7236 -312268 -223.545 162548 72.1897 72.1897 36.0165 120
3100 30.0297 -312272 56.112 162498 72.1822 72.1822 36.0127 120
3200 28.9299 -312273 215.006 162525 72.1862 72.1862 36.0147 120
3300 28.8236 -312272 -389.962 162570 72.1929 72.1929 36.0181 120
3400 30.0427 -312271 429.114 162480 72.1796 72.1796 36.0114 120
3500 30.684 -312269 -33.0124 162502 72.1828 72.1828 36.013 120
3600 31.1199 -312269 186.978 162559 72.1912 72.1912 36.0172 120
3700 30.0328 -312270 -248.519 162581 72.1945 72.1945 36.0188 120
3800 29.2964 -312273 155.508 162508 72.1838 72.1838 36.0135 120
3900 28.9293 -312273 128.787 162534 72.1877 72.1877 36.0154 120
4000 29.7341 -312272 -165.828 162557 72.1911 72.1911 36.0171 120
4100 30.6933 -312271 83.8079 162518 72.1853 72.1853 36.0143 120
4200 31.1189 -312270 97.5904 162520 72.1855 72.1855 36.0144 120
4300 30.0167 -312269 -528.076 162528 72.1868 72.1868 36.015 120
4400 29.6863 -312273 375.811 162514 72.1847 72.1847 36.0139 120
4500 29.0431 -312273 -368.66 162580 72.1944 72.1944 36.0188 120
4600 29.3927 -312273 251.29 162475 72.1789 72.1789 36.0111 120
4700 30.6286 -312272 469.556 162505 72.1832 72.1832 36.0132 120
4800 30.5705 -312268 -532.664 162610 72.1988 72.1988 36.021 120
4900 30.7787 -312271 -83.78 162532 72.1873 72.1873 36.0153 120
5000 29.6774 -312272 206.256 162498 72.1823 72.1823 36.0128 120
5100 29.1707 -312273 -300.479 162554 72.1905 72.1905 36.0169 120
5200 29.4368 -312273 -374.475 162544 72.1891 72.1891 36.0161 120
5300 30.055 -312271 255.5 162544 72.1891 72.1891 36.0162 120
5400 30.7662 -312270 199.811 162539 72.1883 72.1883 36.0158 120
5500 30.8972 -312271 131.881 162535 72.1877 72.1877 36.0155 120
5600 30.219 -312271 -195.114 162575 72.1937 72.1937 36.0184 120
5700 29.6339 -312273 -574.236 162556 72.1909 72.1909 36.017 120
5800 29.3038 -312274 111 162497 72.1822 72.1822 36.0127 120
5900 29.8711 -312273 101.041 162538 72.1882 72.1882 36.0157 120
6000 30.3628 -312271 -260.501 162580 72.1944 72.1944 36.0188 120
6100 30.7256 -312271 218.46 162558 72.1911 72.1911 36.0171 120
6200 30.6447 -312272 246.793 162530 72.187 72.187 36.0151 120
6300 29.6206 -312272 -206.645 162560 72.1915 72.1915 36.0173 120
6400 29.0489 -312272 65.4139 162569 72.1928 72.1928 36.018 120
6500 29.374 -312273 -313.04 162580 72.1945 72.1945 36.0188 120
6600 30.3316 -312273 -242.969 162527 72.1866 72.1866 36.0149 120
6700 30.721 -312272 237.31 162531 72.1872 72.1872 36.0152 120
6800 30.297 -312272 -496.892 162615 72.1995 72.1995 36.0214 120
6900 29.85 -312274 746.367 162511 72.1842 72.1842 36.0137 120
7000 29.3218 -312275 -412.046 162579 72.1943 72.1943 36.0187 120
7100 29.2376 -312274 577.913 162529 72.1869 72.1869 36.0151 120
7200 30.253 -312274 -64.159 162552 72.1902 72.1902 36.0167 120
7300 30.4488 -312272 -454.489 162567 72.1925 72.1925 36.0179 120
7400 30.4861 -312273 509.043 162551 72.1902 72.1902 36.0167 120
7500 30.1069 -312274 -286.384 162602 72.1976 72.1976 36.0204 120
7600 29.365 -312274 272.772 162541 72.1887 72.1887 36.0159 120
7700 29.5467 -312275 368.779 162528 72.1867 72.1867 36.0149 120
7800 29.763 -312274 -15.2787 162555 72.1907 72.1907 36.0169 120
7900 30.3762 -312273 -193.464 162592 72.1962 72.1962 36.0197 120
8000 30.2664 -312272 -47.3897 162566 72.1924 72.1924 36.0178 120
8100 30.3687 -312273 -117.391 162561 72.1917 72.1917 36.0174 120
8200 29.8977 -312274 195.186 162567 72.1924 72.1924 36.0178 120
8300 29.843 -312275 75.7959 162570 72.1929 72.1929 36.018 120
8400 29.9107 -312275 -73.9138 162587 72.1955 72.1955 36.0193 120
8500 30.2768 -312274 -293.784 162557 72.1911 72.1911 36.0171 120
8600 30.3388 -312273 668.771 162510 72.184 72.184 36.0136 120
8700 30.009 -312273 -513.203 162583 72.1949 72.1949 36.019 120
8800 29.8982 -312274 163.657 162542 72.1888 72.1888 36.016 120
8900 29.9047 -312275 -7.66946 162561 72.1916 72.1916 36.0174 120
9000 29.6527 -312274 -71.5569 162576 72.1938 72.1938 36.0185 120
9100 29.9822 -312274 331.578 162556 72.1909 72.1909 36.017 120
9200 30.2887 -312273 -256.52 162605 72.1982 72.1982 36.0207 120
9300 30.562 -312274 255.027 162545 72.1892 72.1892 36.0162 120
9400 30.2597 -312274 255.387 162529 72.1868 72.1868 36.015 120
9500 29.9903 -312274 -670.303 162620 72.2003 72.2003 36.0217 120
9600 29.9018 -312274 246.184 162542 72.1888 72.1888 36.016 120
9700 29.6357 -312274 -104.124 162562 72.1918 72.1918 36.0175 120
9800 30.0342 -312274 -141.173 162592 72.1961 72.1961 36.0197 120
9900 30.182 -312273 471.928 162547 72.1895 72.1895 36.0164 120
10000 30.5066 -312274 -115.984 162574 72.1935 72.1935 36.0184 120
10100 30.0249 -312273 -318.485 162598 72.1971 72.1971 36.0201 120
10200 29.5717 -312274 -2.35237 162543 72.1889 72.1889 36.016 120
10300 29.8251 -312275 477.186 162520 72.1856 72.1856 36.0144 120
10400 30.1185 -312275 -341.024 162575 72.1937 72.1937 36.0185 120
10500 30.2826 -312273 146.312 162544 72.189 72.189 36.0161 120
10600 29.9287 -312273 212.497 162566 72.1923 72.1923 36.0178 120
10700 30.0029 -312273 -163.815 162596 72.1968 72.1968 36.02 120
10800 29.7733 -312274 172.793 162547 72.1895 72.1895 36.0163 120
10900 29.7387 -312274 123.282 162557 72.191 72.191 36.0171 120
11000 29.6069 -312274 -466.394 162601 72.1976 72.1976 36.0204 120
11100 29.8152 -312273 9.88651 162550 72.19 72.19 36.0166 120
11200 30.0932 -312273 -34.6989 162564 72.192 72.192 36.0176 120
11300 30.4854 -312274 296.463 162569 72.1929 72.1929 36.018 120
11400 30.083 -312273 -239.057 162589 72.1958 72.1958 36.0195 120
11500 30.1315 -312275 272.643 162566 72.1924 72.1924 36.0178 120
11600 29.9067 -312275 -216.642 162572 72.1932 72.1932 36.0182 120
11700 30.0352 -312274 -77.5535 162576 72.1938 72.1938 36.0185 120
11800 29.9915 -312273 -297.771 162575 72.1937 72.1937 36.0185 120
11900 30.0754 -312273 419.186 162536 72.1879 72.1879 36.0156 120
12000 30.206 -312273 -294.124 162587 72.1955 72.1955 36.0193 120
12100 29.9006 -312274 612.564 162525 72.1863 72.1863 36.0148 120
12200 29.6772 -312274 -98.4123 162599 72.1972 72.1972 36.0202 120
12300 30.0323 -312275 -118.897 162600 72.1974 72.1974 36.0203 120
12400 30.0805 -312274 318.86 162537 72.1881 72.1881 36.0157 120
12500 30.1559 -312274 249.208 162557 72.1911 72.1911 36.0171 120
12600 30.4632 -312274 -233.142 162610 72.1989 72.1989 36.021 120
12700 30.2155 -312274 -117.512 162575 72.1937 72.1937 36.0185 120
12800 29.4746 -312273 248.904 162532 72.1873 72.1873 36.0153 120
12900 29.916 -312274 206.873 162584 72.195 72.195 36.0191 120
13000 29.9756 -312274 -212.447 162597 72.197 72.197 36.0201 120
13100 30.2143 -312274 155.486 162531 72.1872 72.1872 36.0152 120
13200 30.316 -312274 9.43454 162583 72.1949 72.1949 36.0191 120
13300 30.1958 -312274 -249.463 162576 72.1938 72.1938 36.0185 120
13400 30.1672 -312275 482.561 162535 72.1878 72.1878 36.0155 120
13500 29.7649 -312274 5.00521 162580 72.1945 72.1945 36.0188 120
13600 29.9173 -312274 138.275 162578 72.1941 72.1941 36.0186 120
13700 29.7702 -312273 -227.732 162582 72.1948 72.1948 36.019 120
13800 30.18 -312274 110.827 162554 72.1905 72.1905 36.0169 120
13900 30.305 -312274 63.6517 162540 72.1884 72.1884 36.0158 120
14000 29.7614 -312273 1.96732 162588 72.1955 72.1955 36.0194 120
14100 30.0218 -312274 -145.52 162618 72.2 72.2 36.0216 120
14200 29.8802 -312274 92.0535 162557 72.191 72.191 36.0171 120
14300 29.855 -312274 -166.146 162575 72.1937 72.1937 36.0184 120
14400 30.0502 -312274 -126.724 162561 72.1916 72.1916 36.0174 120
14500 29.9638 -312273 -191.793 162584 72.1949 72.1949 36.0191 120
14600 30.192 -312273 62.8266 162575 72.1936 72.1936 36.0184 120
14700 29.964 -312274 288.336 162565 72.1922 72.1922 36.0177 120
14800 29.7464 -312274 83.1264 162581 72.1945 72.1945 36.0188 120
14900 29.5492 -312274 178.307 162577 72.1939 72.1939 36.0186 120
15000 29.9153 -312274 -827.737 162603 72.1978 72.1978 36.0205 120
15100 30.398 -312274 454.079 162514 72.1846 72.1846 36.0139 120
15200 30.1226 -312273 -244.45 162592 72.1962 72.1962 36.0197 120
15300 30.2154 -312274 -506.496 162627 72.2014 72.2014 36.0223 120
15400 29.9044 -312275 662.575 162505 72.1833 72.1833 36.0133 120
15500 29.8891 -312275 126.959 162565 72.1922 72.1922 36.0177 120
15600 29.844 -312273 -139.427 162611 72.199 72.199 36.0211 120
15700 29.7704 -312273 70.939 162569 72.1928 72.1928 36.018 120
15800 30.377 -312273 7.46131 162571 72.193 72.193 36.0181 120
15900 30.2236 -312274 -84.3189 162576 72.1939 72.1939 36.0185 120
16000 29.8765 -312274 109.129 162571 72.193 72.193 36.0181 120
16100 29.7268 -312274 238.328 162564 72.1921 72.1921 36.0176 120
16200 29.6497 -312274 30.2214 162587 72.1955 72.1955 36.0193 120
16300 29.7186 -312273 357.311 162542 72.1888 72.1888 36.016 120
16400 30.2807 -312274 -312.083 162591 72.196 72.196 36.0196 120
16500 30.3569 -312274 198.352 162569 72.1928 72.1928 36.018 120
16600 30.2397 -312274 12.6705 162564 72.192 72.192 36.0176 120
16700 29.9865 -312275 -59.3797 162586 72.1954 72.1954 36.0193 120
16800 29.6039 -312274 219.555 162567 72.1925 72.1925 36.0179 120
16900 29.7884 -312274 45.8738 162566 72.1923 72.1923 36.0178 120
17000 30.2287 -312273 274.74 162590 72.1959 72.1959 36.0195 120
17100 30.2507 -312273 -79.2949 162589 72.1957 72.1957 36.0195 120
17200 30.2181 -312274 1.59572 162540 72.1884 72.1884 36.0158 120
17300 29.986 -312274 -228.08 162589 72.1957 72.1957 36.0195 120
17400 29.6902 -312274 -258.531 162598 72.197 72.197 36.0201 120
17500 29.8372 -312275 110.68 162558 72.1911 72.1911 36.0172 120
17600 30.0868 -312273 152.639 162584 72.1951 72.1951 36.0191 120
17700 30.2982 -312273 180.426 162564 72.1921 72.1921 36.0177 120
17800 30.5252 -312273 134.268 162565 72.1922 72.1922 36.0177 120
17900 30.0861 -312274 59.8297 162558 72.1911 72.1911 36.0171 120
18000 29.4394 -312274 -406.915 162597 72.1969 72.1969 36.02 120
18100 29.7626 -312275 516.123 162548 72.1896 72.1896 36.0164 120
18200 29.7934 -312274 -309.621 162599 72.1973 72.1973 36.0202 120
18300 30.4196 -312273 -213.958 162579 72.1943 72.1943 36.0188 120
18400 30.1466 -312272 -96.7443 162576 72.1939 72.1939 36.0185 120
18500 30.2377 -312273 -311.081 162584 72.195 72.195 36.0191 120
18600 29.6344 -312274 443.432 162551 72.1901 72.1901 36.0167 120
18700 29.6115 -312275 -266.535 162592 72.1962 72.1962 36.0197 120
18800 29.7212 -312274 54.4446 162566 72.1924 72.1924 36.0178 120
18900 30.2961 -312274 -145.754 162573 72.1934 72.1934 36.0183 120
19000 30.2069 -312272 -299.315 162587 72.1955 72.1955 36.0193 120
19100 30.3796 -312273 -170.134 162590 72.1958 72.1958 36.0195 120
19200 29.771 -312273 -3.43534 162579 72.1943 72.1943 36.0188 120
19300 29.5928 -312275 -55.34 162560 72.1914 72.1914 36.0173 120
19400 29.7188 -312275 -168.7 162569 72.1927 72.1927 36.018 120
19500 29.8299 -312274 407.425 162552 72.1903 72.1903 36.0167 120
19600 30.2124 -312273 13.1982 162595 72.1967 72.1967 36.0199 120
19700 30.1757 -312272 -446.812 162604 72.198 72.198 36.0206 120
19800 30.2743 -312274 488.768 162534 72.1876 72.1876 36.0154 120
19900 29.5672 -312274 -162.753 162588 72.1956 72.1956 36.0194 120
20000 29.4548 -312275 277.248 162584 72.195 72.195 36.0191 120
20100 29.7452 -312274 202.389 162558 72.1911 72.1911 36.0172 120
20200 30.1546 -312273 132.172 162587 72.1955 72.1955 36.0193 120
20300 30.6688 -312273 3.37126 162575 72.1937 72.1937 36.0184 120
20400 30.315 -312273 7.86245 162543 72.1889 72.1889 36.016 120
20500 29.8113 -312274 -112.26 162598 72.1971 72.1971 36.0202 120
20600 29.624 -312275 -438.645 162600 72.1973 72.1973 36.0203 120
20700 29.4198 -312274 173.674 162539 72.1883 72.1883 36.0157 120
20800 30.076 -312274 26.3701 162570 72.193 72.193 36.0181 120
20900 30.5531 -312273 -154.988 162613 72.1993 72.1993 36.0212 120
21000 30.1852 -312272 141.122 162568 72.1927 72.1927 36.018 120
21100 30.0473 -312274 164.141 162558 72.1911 72.1911 36.0172 120
21200 29.4661 -312274 195.418 162567 72.1924 72.1924 36.0178 120
21300 29.6481 -312275 -97.1989 162595 72.1967 72.1967 36.0199 120
21400 30.0803 -312274 319.318 162576 72.1938 72.1938 36.0185 120
21500 30.6097 -312273 -7.33734 162580 72.1945 72.1945 36.0188 120
21600 30.7822 -312273 -331.22 162580 72.1944 72.1944 36.0188 120
21700 30.1796 -312274 -253.903 162560 72.1915 72.1915 36.0173 120
21800 29.5467 -312275 -69.3435 162587 72.1954 72.1954 36.0193 120
21900 28.9974 -312274 319.509 162588 72.1956 72.1956 36.0194 120
22000 29.6473 -312274 2.80108 162580 72.1944 72.1944 36.0188 120
22100 30.3604 -312273 213.424 162553 72.1904 72.1904 36.0168 120
22200 30.7425 -312273 -262.919 162583 72.1949 72.1949 36.0191 120
22300 30.1514 -312273 196.315 162557 72.191 72.191 36.0171 120
22400 30.0932 -312275 -215.875 162586 72.1953 72.1953 36.0193 120
22500 29.3033 -312275 315.373 162580 72.1945 72.1945 36.0188 120
22600 29.6719 -312275 -39.2736 162583 72.1948 72.1948 36.019 120
22700 30.0338 -312273 19.7992 162575 72.1937 72.1937 36.0185 120
22800 30.6175 -312272 -93.8982 162599 72.1973 72.1973 36.0202 120
22900 30.4491 -312273 -100.165 162565 72.1922 72.1922 36.0177 120
23000 30.049 -312274 394.584 162564 72.192 72.192 36.0176 120
23100 29.2628 -312274 -23.7055 162600 72.1974 72.1974 36.0203 120
23200 29.7316 -312276 -146.19 162572 72.1933 72.1933 36.0182 120
23300 29.7166 -312273 22.633 162582 72.1947 72.1947 36.0189 120
23400 30.5033 -312273 83.6941 162588 72.1956 72.1956 36.0194 120
23500 30.7754 -312273 314.827 162554 72.1906 72.1906 36.0169 120
23600 30.2564 -312273 280.864 162576 72.1939 72.1939 36.0185 120
23700 29.6649 -312275 -389.286 162607 72.1984 72.1984 36.0208 120
23800 29.2677 -312275 -350.061 162558 72.1912 72.1912 36.0172 120
23900 29.8616 -312275 465.536 162539 72.1884 72.1884 36.0158 120
24000 30.1746 -312272 -230.194 162612 72.1991 72.1991 36.0211 120
24100 30.6978 -312273 -44.0322 162560 72.1915 72.1915 36.0173 120
24200 30.2376 -312273 254.95 162559 72.1913 72.1913 36.0172 120
24300 29.5932 -312274 -340.348 162622 72.2007 72.2007 36.0219 120
24400 29.3132 -312274 186.606 162568 72.1927 72.1927 36.0179 120
24500 29.2232 -312274 159.971 162567 72.1924 72.1924 36.0178 120
24600 29.8412 -312272 -219.56 162602 72.1977 72.1977 36.0204 120
24700 30.6822 -312272 249.465 162577 72.1939 72.1939 36.0185 120
24800 30.4382 -312273 -76.2984 162585 72.1951 72.1951 36.0192 120
24900 30.1046 -312275 177.301 162550 72.19 72.19 36.0166 120
25000 29.425 -312275 -91.0087 162587 72.1954 72.1954 36.0193 120
25100 29.4036 -312275 -379.999 162609 72.1987 72.1987 36.0209 120
25200 29.8844 -312274 173.475 162561 72.1916 72.1916 36.0174 120
25300 30.6591 -312273 -143.853 162587 72.1955 72.1955 36.0193 120
25400 30.6281 -312273 105.656 162569 72.1928 72.1928 36.018 120
25500 30.254 -312274 243.553 162554 72.1906 72.1906 36.0169 120
25600 29.4521 -312275 -159.341 162605 72.1982 72.1982 36.0207 120
25700 29.5451 -312275 0.787214 162584 72.195 72.195 36.0191 120
25800 30.049 -312275 140.657 162566 72.1923 72.1923 36.0178 120
25900 30.4312 -312273 210.441 162576 72.1939 72.1939 36.0185 120
26000 30.75 -312273 -230.077 162599 72.1973 72.1973 36.0202 120
26100 30.299 -312273 -122.172 162579 72.1942 72.1942 36.0187 120
26200 29.1361 -312274 34.4781 162583 72.1949 72.1949 36.019 120
26300 29.4735 -312275 -181.234 162608 72.1985 72.1985 36.0209 120
26400 30.0215 -312275 696.946 162522 72.1858 72.1858 36.0145 120
26500 30.2728 -312273 56.5376 162579 72.1943 72.1943 36.0188 120
26600 30.3357 -312272 53.8008 162594 72.1964 72.1964 36.0198 120
26700 30.4173 -312273 -266.778 162583 72.1949 72.1949 36.019 120
26800 29.6168 -312274 234.817 162559 72.1913 72.1913 36.0172 120
26900 29.3671 -312275 -240.354 162592 72.1961 72.1961 36.0197 120
27000 29.4785 -312274 174.792 162578 72.1942 72.1942 36.0187 120
27100 30.1352 -312274 16.6229 162560 72.1915 72.1915 36.0173 120
27200 30.6627 -312273 -252.445 162585 72.1952 72.1952 36.0192 120
27300 30.4645 -312273 369.047 162564 72.1921 72.1921 36.0177 120
27400 30.1091 -312273 40.0331 162597 72.1969 72.1969 36.02 120
27500 29.7522 -312275 -186.527 162592 72.1962 72.1962 36.0197 120
27600 29.4968 -312275 109.949 162551 72.1902 72.1902 36.0167 120
27700 29.9752 -312274 -286.645 162606 72.1982 72.1982 36.0207 120
27800 30.3858 -312273 142.485 162565 72.1921 72.1922 36.0177 120
27900 30.3854 -312272 -88.4687 162585 72.1951 72.1951 36.0191 120
28000 30.0222 -312273 -200.71 162603 72.1979 72.1979 36.0205 120
28100 29.6688 -312275 179.864 162584 72.195 72.195 36.0191 120
28200 29.2583 -312275 -104.019 162566 72.1923 72.1923 36.0177 120
28300 29.873 -312274 235.456 162557 72.191 72.191 36.0171 120
28400 30.3352 -312273 -81.7808 162597 72.1969 72.1969 36.0201 120
28500 30.5696 -312273 278.588 162568 72.1927 72.1927 36.0179 120
28600 30.1399 -312273 -219.374 162584 72.195 72.195 36.0191 120
28700 29.729 -312274 27.709 162562 72.1917 72.1917 36.0175 120
28800 29.5703 -312275 -209.095 162597 72.1969 72.1969 36.0201 120
28900 29.7648 -312274 -43.1946 162595 72.1966 72.1966 36.0199 120
29000 30.2805 -312274 593.012 162542 72.1888 72.1888 36.016 120
29100 30.4514 -312272 -335.391 162608 72.1986 72.1986 36.0209 120
29200 30.3332 -312273 326.04 162568 72.1926 72.1926 36.0179 120
29300 29.9427 -312274 -222.995 162589 72.1957 72.1957 36.0195 120
29400 29.5582 -312275 49.6081 162572 72.1932 72.1932 36.0182 120
29500 29.6071 -312275 -76.4228 162589 72.1957 72.1957 36.0195 120
29600 30.0957 -312274 48.9097 162593 72.1963 72.1963 36.0197 120
29700 30.4982 -312273 68.0656 162560 72.1914 72.1914 36.0173 120
29800 30.3436 -312272 67.1383 162564 72.1921 72.1921 36.0176 120
29900 30.3541 -312274 -89.839 162597 72.197 72.197 36.0201 120
30000 29.4357 -312275 90.1512 162571 72.193 72.193 36.0181 120
30100 29.5118 -312275 -183.347 162566 72.1923 72.1923 36.0177 120
30200 29.7843 -312274 -168.691 162584 72.195 72.195 36.0191 120
30300 30.1459 -312273 -99.7804 162585 72.1952 72.1952 36.0192 120
30400 30.385 -312272 201.934 162583 72.1948 72.1948 36.019 120
30500 30.4583 -312274 -268.131 162603 72.1979 72.1979 36.0205 120
30600 29.8379 -312274 418.881 162545 72.1893 72.1893 36.0162 120
30700 29.3688 -312274 96.4545 162594 72.1965 72.1965 36.0198 120
30800 29.8257 -312274 126.329 162586 72.1953 72.1953 36.0192 120
30900 29.8785 -312273 -236.108 162591 72.196 72.196 36.0196 120
31000 30.4189 -312273 -148.131 162578 72.1941 72.1941 36.0186 120
31100 30.1373 -312273 55.936 162573 72.1934 72.1934 36.0183 120
31200 29.9341 -312274 -85.7616 162587 72.1954 72.1954 36.0193 120
31300 29.6707 -312274 -9.19426 162584 72.1951 72.1951 36.0191 120
31400 29.708 -312274 365.414 162586 72.1953 72.1953 36.0193 120
31500 30.0885 -312274 217.112 162578 72.1942 72.1942 36.0187 120
31600 30.1843 -312273 -261.531 162577 72.1939 72.1939 36.0186 120
31700 30.2302 -312273 -3.56095 162569 72.1928 72.1928 36.018 120
31800 29.9028 -312274 -65.8173 162582 72.1947 72.1947 36.0189 120
31900 29.5218 -312274 259.478 162582 72.1947 72.1947 36.019 120
32000 29.8913 -312275 300.062 162607 72.1984 72.1984 36.0208 120
32100 30.0698 -312274 384.621 162575 72.1937 72.1937 36.0185 120
32200 30.3183 -312273 -209.423 162572 72.1932 72.1932 36.0182 120
32300 30.2941 -312273 -56.4519 162596 72.1968 72.1968 36.02 120
32400 30.0405 -312273 -344.635 162583 72.1948 72.1948 36.019 120
32500 30.107 -312275 386.913 162539 72.1883 72.1883 36.0158 120
32600 29.6027 -312274 -310.193 162616 72.1997 72.1997 36.0215 120
32700 29.8249 -312274 -427.22 162605 72.1982 72.1982 36.0207 120
32800 30.4193 -312274 207.568 162534 72.1876 72.1876 36.0154 120
32900 30.2806 -312273 -394.019 162602 72.1977 72.1977 36.0204 120
33000 30.1179 -312273 -238.406 162598 72.197 72.197 36.0201 120
33100 29.8373 -312274 214.057 162554 72.1906 72.1906 36.0169 120
33200 29.5164 -312274 -211.108 162601 72.1975 72.1975 36.0203 120
33300 29.8957 -312274 522.229 162550 72.1899 72.1899 36.0166 120
33400 30.149 -312274 -232.547 162596 72.1967 72.1967 36.02 120
33500 30.3138 -312273 -46.891 162617 72.1999 72.1999 36.0215 120
33600 30.4371 -312273 231.445 162551 72.1902 72.1902 36.0167 120
33700 30.1677 -312274 316.744 162567 72.1925 72.1925 36.0178 120
33800 29.6815 -312274 -299.31 162633 72.2022 72.2022 36.0227 120
33900 29.6677 -312274 -109.638 162577 72.194 72.194 36.0186 120
34000 29.94 -312273 168.945 162571 72.1931 72.1931 36.0182 120
34100 30.2621 -312274 65.3265 162577 72.194 72.194 36.0186 120
34200 30.3679 -312273 -140.246 162588 72.1956 72.1956 36.0194 120
34300 30.2491 -312274 84.0152 162582 72.1947 72.1947 36.0189 120
34400 29.8697 -312274 31.5343 162589 72.1958 72.1958 36.0195 120
34500 29.9345 -312275 -47.0749 162580 72.1943 72.1943 36.0188 120
34600 29.7523 -312274 -73.0081 162570 72.1929 72.1929 36.0181 120
34700 30.0602 -312274 399.9 162566 72.1924 72.1924 36.0178 120
34800 30.1666 -312273 -260.612 162607 72.1984 72.1984 36.0208 120
34900 30.3162 -312274 303.272 162571 72.1931 72.1931 36.0181 120
35000 30.0131 -312274 -207.791 162591 72.196 72.196 36.0196 120
35100 29.7253 -312275 -96.2318 162559 72.1913 72.1913 36.0172 120
35200 29.9212 -312274 4.45432 162592 72.1962 72.1962 36.0197 120
35300 30.4487 -312274 -114.636 162599 72.1972 72.1972 36.0202 120
35400 30.4706 -312274 93.4994 162566 72.1923 72.1923 36.0178 120
35500 30.1407 -312274 -218.527 162601 72.1975 72.1975 36.0203 120
35600 29.8835 -312274 -3.66565 162580 72.1943 72.1943 36.0188 120
35700 29.9211 -312274 341.05 162574 72.1935 72.1935 36.0184 120
35800 29.9484 -312274 -10.818 162584 72.195 72.195 36.0191 120
35900 29.7985 -312274 125.406 162573 72.1934 72.1934 36.0183 120
36000 30.2016 -312274 231.792 162572 72.1932 72.1932 36.0182 120
36100 30.0954 -312273 -20.5101 162592 72.1962 72.1962 36.0197 120
36200 30.0571 -312274 205.696 162569 72.1928 72.1928 36.018 120
36300 29.6928 -312274 322.265 162555 72.1907 72.1907 36.0169 120
36400 29.7594 -312274 -668.432 162628 72.2015 72.2015 36.0224 120
36500 30.278 -312275 -207.414 162570 72.1929 72.1929 36.0181 120
36600 29.8544 -312273 729.002 162545 72.1893 72.1893 36.0162 120
36700 30.29 -312273 -27.1278 162623 72.2007 72.2007 36.022 120
36800 30.2048 -312274 133.729 162578 72.1941 72.1941 36.0186 120
36900 29.9319 -312274 85.6708 162558 72.1911 72.1911 36.0171 120
37000 29.8191 -312274 89.1372 162576 72.1938 72.1938 36.0185 120
37100 30.0243 -312274 -86.0175 162591 72.1961 72.1961 36.0196 120
37200 30.0305 -312273 194.512 162571 72.193 72.193 36.0181 120
37300 30.1739 -312273 -164.893 162598 72.1971 72.1971 36.0201 120
37400 30.1092 -312274 -201.952 162585 72.1951 72.1951 36.0192 120
37500 29.9634 -312274 -155.758 162572 72.1932 72.1932 36.0182 120
37600 29.8983 -312274 114.173 162565 72.1922 72.1922 36.0177 120
37700 29.9211 -312274 -492.086 162608 72.1986 72.1986 36.0209 120
37800 29.8754 -312274 219.421 162591 72.1961 72.1961 36.0196 120
37900 30.1742 -312274 4.58329 162558 72.1911 72.1911 36.0172 120
38000 30.1927 -312274 97.4863 162574 72.1935 72.1935 36.0184 120
38100 29.9084 -312273 -227.054 162609 72.1987 72.1987 36.0209 120
38200 29.7249 -312274 61.7387 162570 72.1929 72.1929 36.018 120
38300 29.9187 -312274 -30.4336 162566 72.1924 72.1924 36.0178 120
38400 30.053 -312274 -134.592 162591 72.1961 72.1961 36.0196 120
38500 29.8885 -312274 -190.206 162594 72.1965 72.1965 36.0198 120
38600 30.183 -312273 -19.4035 162584 72.195 72.195 36.0191 120
38700 29.9532 -312273 -111.097 162574 72.1935 72.1935 36.0184 120
38800 29.9698 -312274 -135.541 162578 72.1942 72.1942 36.0187 120
38900 29.9555 -312274 339.397 162592 72.1961 72.1961 36.0197 120
39000 29.7519 -312274 164.571 162559 72.1914 72.1914 36.0173 120
39100 29.9908 -312274 254.429 162555 72.1907 72.1907 36.017 120
39200 30.113 -312273 -693.265 162659 72.2062 72.2062 36.0247 120
39300 30.0052 -312273 546.623 162549 72.1898 72.1898 36.0165 120
39400 29.9997 -312274 206.606 162571 72.1931 72.1931 36.0181 120
39500 29.7495 -312274 -383.82 162601 72.1976 72.1976 36.0204 120
39600 29.524 -312273 533.355 162556 72.1909 72.1909 36.0171 120
39700 29.768 -312274 -1.57024 162591 72.1961 72.1961 36.0196 120
39800 30.1875 -312274 165.837 162593 72.1964 72.1964 36.0198 120
39900 30.1944 -312273 59.8125 162595 72.1966 72.1966 36.0199 120
40000 30.1358 -312274 42.3785 162557 72.191 72.191 36.0171 120
40100 30.0209 -312274 503.377 162554 72.1906 72.1906 36.0169 120
40200 29.8014 -312274 -416.071 162638 72.2029 72.2029 36.0231 120
40300 29.7853 -312274 230.588 162565 72.1923 72.1923 36.0177 120
40400 29.9302 -312274 -70.0281 162564 72.192 72.192 36.0176 120
40500 30.0831 -312273 -1.09909 162595 72.1966 72.1966 36.0199 120
40600 30.2194 -312274 -51.1703 162584 72.195 72.195 36.0191 120
40700 29.9642 -312274 -152.801 162577 72.194 72.194 36.0186 120
40800 30.0214 -312274 133.97 162577 72.194 72.194 36.0186 120
40900 29.6302 -312274 124.565 162585 72.1952 72.1952 36.0192 120
41000 29.8831 -312274 107.668 162576 72.1939 72.1939 36.0185 120
41100 30.0871 -312273 -290.798 162596 72.1967 72.1967 36.02 120
41200 30.1136 -312273 231.61 162562 72.1918 72.1918 36.0175 120
41300 30.0741 -312273 -140.588 162600 72.1974 72.1974 36.0203 120
41400 29.7185 -312274 123.916 162585 72.1952 72.1952 36.0192 120
41500 29.8806 -312274 -35.8357 162574 72.1935 72.1935 36.0183 120
41600 29.6922 -312273 -46.9629 162581 72.1946 72.1946 36.0189 120
41700 29.9063 -312274 233.184 162563 72.1919 72.1919 36.0175 120
41800 30.2498 -312273 -122.609 162591 72.1961 72.1961 36.0196 120
41900 30.1413 -312273 -61.2571 162593 72.1963 72.1963 36.0198 120
42000 29.8507 -312273 61.8825 162582 72.1947 72.1947 36.0189 120
42100 29.9 -312275 229.524 162566 72.1923 72.1923 36.0177 120
42200 29.9033 -312274 -416.586 162616 72.1998 72.1998 36.0215 120
42300 30.0432 -312274 188.223 162574 72.1935 72.1935 36.0183 120
42400 30.1271 -312273 -125.837 162577 72.194 72.194 36.0186 120
42500 30.4452 -312274 171.389 162558 72.1911 72.1911 36.0172 120
42600 29.9989 -312273 -305.14 162604 72.1979 72.1979 36.0206 120
42700 29.646 -312274 -26.2063 162600 72.1974 72.1974 36.0203 120
42800 29.6986 -312274 101.04 162573 72.1934 72.1934 36.0183 120
42900 29.8528 -312274 154.958 162575 72.1937 72.1937 36.0184 120
43000 29.9913 -312273 198.226 162581 72.1946 72.1946 36.0189 120
43100 30.3568 -312274 -556.561 162587 72.1954 72.1954 36.0193 120
43200 29.9947 -312273 123.917 162563 72.192 72.192 36.0176 120
43300 29.723 -312274 294.274 162580 72.1945 72.1945 36.0188 120
43400 29.9441 -312275 -375.822 162594 72.1965 72.1965 36.0198 120
43500 29.798 -312274 -19.3322 162576 72.1938 72.1938 36.0185 120
43600 30.104 -312274 250.11 162565 72.1922 72.1922 36.0177 120
43700 30.1119 -312273 -373.923 162606 72.1982 72.1982 36.0207 120
43800 29.9739 -312273 -0.118737 162566 72.1924 72.1924 36.0178 120
43900 29.8888 -312273 129.753 162579 72.1942 72.1942 36.0187 120
44000 29.8234 -312274 -101.726 162615 72.1996 72.1996 36.0214 120
44100 29.679 -312274 311.302 162563 72.1919 72.1919 36.0176 120
44200 30.1428 -312274 3.52751 162582 72.1947 72.1947 36.0189 120
44300 30.3423 -312273 -249.98 162595 72.1967 72.1967 36.0199 120
44400 30.1512 -312274 199.418 162566 72.1923 72.1923 36.0177 120
44500 30.2846 -312274 -239.78 162597 72.197 72.197 36.0201 120
44600 29.5963 -312274 268.225 162560 72.1914 72.1914 36.0173 120
44700 29.8516 -312274 -48.8299 162589 72.1957 72.1957 36.0195 120
44800 29.969 -312274 57.106 162589 72.1957 72.1957 36.0194 120
44900 30.2405 -312273 -403.161 162594 72.1965 72.1965 36.0199 120
45000 30.1655 -312273 223.614 162554 72.1905 72.1905 36.0169 120
45100 29.9735 -312273 326.567 162580 72.1944 72.1944 36.0188 120
45200 30.0235 -312274 -83.9672 162595 72.1967 72.1967 36.0199 120
45300 29.6582 -312274 382.491 162570 72.193 72.193 36.0181 120
45400 29.8061 -312273 -387.492 162608 72.1986 72.1986 36.0209 120
45500 30.0565 -312274 365.492 162565 72.1921 72.1921 36.0177 120
45600 30.0288 -312273 -135.588 162599 72.1972 72.1972 36.0202 120
45700 30.1917 -312274 -359.293 162606 72.1983 72.1983 36.0207 120
45800 29.8741 -312274 602.299 162547 72.1895 72.1895 36.0163 120
45900 29.7342 -312274 -124.615 162594 72.1965 72.1965 36.0198 120
46000 29.8754 -312274 159.716 162583 72.1949 72.1949 36.019 120
46100 30.1217 -312274 -130.088 162573 72.1934 72.1934 36.0183 120
46200 30.3612 -312273 21.5255 162574 72.1936 72.1936 36.0184 120
46300 30.1037 -312273 -156.481 162590 72.1959 72.1959 36.0195 120
46400 29.8412 -312274 343.254 162563 72.1919 72.1919 36.0175 120
46500 30.0783 -312275 296.778 162588 72.1956 72.1956 36.0194 120
46600 29.9897 -312274 -441.083 162613 72.1993 72.1993 36.0213 120
46700 30.0038 -312274 246.019 162546 72.1894 72.1894 36.0163 120
46800 30.3626 -312274 15.5882 162574 72.1936 72.1936 36.0184 120
46900 30.3078 -312273 -294.23 162621 72.2005 72.2005 36.0218 120
47000 29.8611 -312274 524.277 162542 72.1887 72.1887 36.016 120
47100 29.9053 -312274 233.408 162569 72.1928 72.1928 36.018 120
47200 29.8402 -312274 -483.485 162637 72.2029 72.2029 36.023 120
47300 30.1337 -312274 313.041 162560 72.1915 72.1915 36.0173 120
47400 30.0095 -312274 -91.4663 162573 72.1934 72.1934 36.0183 120
47500 30.3262 -312274 -323.158 162609 72.1986 72.1986 36.0209 120
47600 30.104 -312274 62.0543 162569 72.1927 72.1927 36.018 120
47700 29.7445 -312273 232.587 162588 72.1956 72.1956 36.0194 120
47800 30.0633 -312274 72.7255 162590 72.1959 72.1959 36.0195 120
47900 29.8728 -312274 391.921 162547 72.1895 72.1895 36.0163 120
48000 30.0638 -312273 -53.3158 162573 72.1934 72.1934 36.0183 120
48100 30.059 -312273 -173.174 162593 72.1963 72.1963 36.0198 120
48200 30.0527 -312274 -158.104 162583 72.1949 72.1949 36.019 120
48300 29.9646 -312274 19.956 162580 72.1944 72.1944 36.0188 120
48400 29.8086 -312274 -11.9411 162574 72.1936 72.1936 36.0184 120
48500 29.9988 -312274 -216.287 162592 72.1962 72.1962 36.0197 120
48600 30.078 -312274 292.304 162572 72.1932 72.1932 36.0182 120
48700 29.9395 -312273 -294.924 162605 72.1982 72.1982 36.0207 120
48800 30.0626 -312274 -5.85743 162579 72.1943 72.1943 36.0188 120
48900 29.9737 -312274 142.426 162565 72.1921 72.1921 36.0177 120
49000 29.9801 -312274 -274.048 162613 72.1993 72.1993 36.0212 120
49100 30.0095 -312274 135.673 162578 72.1941 72.1941 36.0187 120
49200 30.2323 -312274 146.048 162555 72.1906 72.1906 36.0169 120
49300 30.2505 -312273 136.026 162587 72.1954 72.1954 36.0193 120
49400 30.077 -312273 -302.204 162613 72.1993 72.1993 36.0212 120
49500 29.8208 -312274 276.802 162553 72.1905 72.1905 36.0168 120
49600 30.0831 -312274 -122.539 162597 72.1969 72.1969 36.0201 120
49700 30.0792 -312274 -70.5908 162568 72.1926 72.1926 36.0179 120
49800 29.9995 -312274 193.912 162580 72.1944 72.1944 36.0188 120
49900 30.1134 -312274 -304.189 162591 72.196 72.196 36.0196 120
50000 29.9906 -312274 387.897 162544 72.1891 72.1891 36.0162 120
50100 30.1331 -312274 -354.305 162617 72.1999 72.1999 36.0215 120
50200 29.7855 -312274 74.3644 162593 72.1964 72.1964 36.0198 120
50300 29.6382 -312274 -444.921 162594 72.1965 72.1965 36.0198 120
50400 30.0157 -312274 406.448 162551 72.1901 72.1901 36.0167 120
50500 30.2092 -312274 -87.5925 162586 72.1953 72.1953 36.0193 120
50600 30.2405 -312274 170.061 162581 72.1946 72.1946 36.0189 120
50700 29.758 -312273 -193.762 162587 72.1954 72.1954 36.0193 120
50800 29.9122 -312274 -7.96464 162583 72.1949 72.1949 36.019 120
50900 29.9918 -312274 213.147 162572 72.1932 72.1932 36.0182 120
51000 30.0182 -312274 -106.917 162578 72.1941 72.1941 36.0186 120
51100 29.9186 -312273 73.8626 162584 72.195 72.195 36.0191 120
51200 30.1831 -312274 -12.9053 162576 72.1938 72.1938 36.0185 120
51300 30.0961 -312274 -168.815 162593 72.1963 72.1963 36.0198 120
51400 29.7909 -312273 -140.247 162602 72.1976 72.1976 36.0204 120
51500 29.7757 -312274 93.1259 162569 72.1929 72.1929 36.018 120
51600 30.2766 -312275 -100.008 162583 72.1949 72.1949 36.019 120
51700 30.3064 -312274 18.2224 162573 72.1934 72.1934 36.0183 120
51800 30.2203 -312274 40.332 162597 72.1969 72.1969 36.02 120
51900 30.1097 -312274 50.7671 162593 72.1964 72.1964 36.0198 120
52000 29.8873 -312274 269.803 162577 72.1939 72.1939 36.0186 120
52100 29.8916 -312274 -199.844 162580 72.1945 72.1945 36.0188 120
52200 30.0917 -312274 289.792 162567 72.1925 72.1925 36.0179 120
52300 30.3313 -312274 -216.812 162601 72.1976 72.1976 36.0204 120
52400 30.0614 -312274 205.633 162564 72.1921 72.1921 36.0176 120
52500 30.2446 -312274 -49.3908 162584 72.195 72.195 36.0191 120
52600 29.8247 -312273 -97.1245 162596 72.1967 72.1967 36.02 120
52700 29.7443 -312274 20.0888 162557 72.1911 72.1911 36.0171 120
52800 29.8367 -312273 -51.2071 162573 72.1934 72.1934 36.0183 120
52900 30.1617 -312274 -33.8121 162587 72.1954 72.1954 36.0193 120
53000 30.0449 -312273 70.5171 162599 72.1973 72.1973 36.0202 120
53100 29.8668 -312273 -336.407 162607 72.1984 72.1984 36.0208 120
53200 30.1927 -312275 299.157 162570 72.193 72.193 36.0181 120
53300 30.118 -312274 -75.0431 162588 72.1955 72.1955 36.0194 120
53400 29.9974 -312274 176.348 162578 72.1941 72.1941 36.0186 120
53500 30.0479 -312274 -139.074 162580 72.1945 72.1945 36.0188 120
53600 30.1825 -312274 193.264 162571 72.193 72.193 36.0181 120
53700 30.152 -312274 -185.658 162599 72.1973 72.1973 36.0202 120
53800 30.0376 -312274 -37.8544 162592 72.1962 72.1962 36.0197 120
53900 29.9957 -312274 -139.457 162571 72.1931 72.1931 36.0181 120
54000 30.0184 -312274 348.969 162561 72.1915 72.1915 36.0174 120
54100 30.2065 -312274 -287.585 162603 72.1978 72.1978 36.0205 120
54200 30.2415 -312274 149.059 162574 72.1935 72.1935 36.0184 120
54300 29.8792 -312273 15.4921 162567 72.1925 72.1925 36.0178 120
54400 29.9586 -312274 -11.1609 162599 72.1972 72.1972 36.0202 120
54500 29.9426 -312274 -66.5202 162602 72.1977 72.1977 36.0205 120
54600 29.7096 -312273 432.078 162546 72.1894 72.1894 36.0163 120
54700 30.013 -312274 -59.8637 162584 72.195 72.195 36.0191 120
54800 30.0243 -312273 -325.551 162622 72.2006 72.2006 36.0219 120
54900 30.1023 -312274 172.66 162554 72.1905 72.1905 36.0168 120
55000 29.9027 -312274 173.207 162565 72.1921 72.1921 36.0177 120
55100 29.8048 -312274 -477.106 162618 72.2001 72.2001 36.0216 120
55200 29.896 -312274 217.837 162569 72.1928 72.1928 36.018 120
55300 29.9918 -312274 286.636 162566 72.1923 72.1923 36.0178 120
55400 29.963 -312273 -248.8 162589 72.1958 72.1958 36.0195 120
55500 30.072 -312273 83.1461 162581 72.1945 72.1945 36.0188 120
55600 30.2001 -312274 -77.5495 162589 72.1957 72.1957 36.0195 120
55700 29.7389 -312274 281.015 162560 72.1914 72.1914 36.0173 120
55800 29.8623 -312274 -126.651 162596 72.1968 72.1968 36.02 120
55900 30.0341 -312274 -150.693 162601 72.1975 72.1975 36.0203 120
56000 30.3916 -312274 74.7094 162575 72.1936 72.1936 36.0184 120
56100 29.9759 -312273 -147.428 162596 72.1968 72.1968 36.02 120
56200 29.8694 -312274 340.04 162559 72.1913 72.1913 36.0173 120
56300 29.9198 -312274 -144.457 162595 72.1966 72.1966 36.0199 120
56400 29.8886 -312274 -362.512 162596 72.1967 72.1967 36.02 120
56500 29.6963 -312274 372.058 162557 72.1911 72.1911 36.0171 120
56600 30.2148 -312274 -250.287 162601 72.1975 72.1975 36.0203 120
56700 30.2179 -312274 -229.932 162584 72.195 72.195 36.0191 120
56800 29.8078 -312274 419.211 162536 72.188 72.188 36.0156 120
56900 30.205 -312275 -226.356 162597 72.197 72.197 36.0201 120
57000 29.8001 -312274 -115.553 162591 72.1961 72.1961 36.0196 120
57100 30.139 -312274 330.644 162569 72.1928 72.1928 36.018 120
57200 29.963 -312274 -193.009 162599 72.1973 72.1973 36.0202 120
57300 30.3104 -312274 149.351 162574 72.1935 72.1935 36.0183 120
57400 29.8332 -312273 147.328 162550 72.1899 72.1899 36.0166 120
57500 29.9538 -312274 48.6395 162591 72.196 72.196 36.0196 120
57600 29.8819 -312274 38.5314 162625 72.2011 72.2011 36.0221 120
57700 29.8415 -312274 319.771 162560 72.1914 72.1914 36.0173 120
57800 30.1443 -312274 -472.36 162612 72.1992 72.1992 36.0212 120
57900 30.0496 -312273 163.62 162579 72.1942 72.1942 36.0187 120
58000 29.8599 -312273 16.8358 162549 72.1899 72.1899 36.0165 120
58100 29.7949 -312273 -220.969 162601 72.1975 72.1975 36.0204 120
58200 29.6953 -312273 210.997 162586 72.1954 72.1954 36.0193 120
58300 29.9116 -312274 245.425 162571 72.1931 72.1931 36.0182 120
58400 30.0065 -312274 -141.429 162598 72.1971 72.1971 36.0202 120
58500 30.1552 -312274 356.679 162566 72.1923 72.1923 36.0177 120
58600 30.2605 -312274 -267.243 162574 72.1936 72.1936 36.0184 120
58700 29.7028 -312273 -212.459 162580 72.1943 72.1943 36.0188 120
58800 29.7242 -312274 -197.317 162599 72.1973 72.1973 36.0202 120
58900 29.8889 -312274 -174.841 162596 72.1967 72.1967 36.02 120
59000 29.9256 -312274 -12.4783 162576 72.1939 72.1939 36.0185 120
59100 29.8545 -312273 -196.683 162590 72.1959 72.1959 36.0195 120
59200 30.044 -312273 366.816 162575 72.1937 72.1937 36.0184 120
59300 29.899 -312273 -91.3137 162592 72.1962 72.1962 36.0197 120
59400 29.8967 -312274 -93.2002 162586 72.1954 72.1954 36.0193 120
59500 29.9834 -312274 -183.814 162600 72.1974 72.1974 36.0203 120
59600 29.9773 -312274 277.208 162567 72.1925 72.1925 36.0179 120
59700 30.0978 -312274 -346.822 162595 72.1967 72.1967 36.0199 120
59800 30.0138 -312273 -179.136 162590 72.1958 72.1958 36.0195 120
59900 29.978 -312274 157.898 162563 72.1918 72.1918 36.0175 120
60000 29.9154 -312274 197.436 162563 72.1919 72.1919 36.0176 120
60100 29.7896 -312274 -139.697 162613 72.1994 72.1994 36.0213 120
60200 29.8168 -312274 -294.217 162582 72.1948 72.1948 36.019 120
60300 30.2259 -312274 138.27 162561 72.1915 72.1915 36.0174 120
60400 29.7966 -312273 -296.203 162605 72.1981 72.1981 36.0206 120
60500 30.0088 -312274 -49.2783 162572 72.1932 72.1932 36.0182 120
60600 29.8131 -312273 291.271 162581 72.1945 72.1945 36.0189 120
60700 29.699 -312273 -38.303 162618 72.2001 72.2001 36.0216 120
60800 30.1065 -312275 479.469 162550 72.19 72.19 36.0166 120
60900 29.9158 -312273 -331.338 162586 72.1953 72.1953 36.0192 120
61000 30.0807 -312274 -92.0891 162592 72.1962 72.1962 36.0197 120
61100 30.2423 -312274 -20.4847 162588 72.1955 72.1955 36.0194 120
61200 29.6903 -312273 165.884 162564 72.1921 72.1921 36.0177 120
61300 30.1186 -312274 -185.545 162602 72.1977 72.1977 36.0204 120
61400 29.9409 -312274 12.5612 162589 72.1957 72.1957 36.0195 120
61500 30.0738 -312274 -176.843 162567 72.1926 72.1926 36.0179 120
61600 30.124 -312274 271.364 162559 72.1914 72.1914 36.0173 120
61700 29.9281 -312273 30.161 162606 72.1983 72.1983 36.0207 120
61800 30.1796 -312274 38.3605 162578 72.1942 72.1942 36.0187 120
61900 29.9458 -312274 296.55 162562 72.1917 72.1917 36.0174 120
62000 30.2348 -312274 -407.075 162625 72.201 72.201 36.0221 120
62100 30.0735 -312274 -47.2554 162573 72.1934 72.1934 36.0183 120
62200 30.0972 -312274 269.984 162565 72.1922 72.1922 36.0177 120
62300 29.9612 -312273 -75.6413 162625 72.201 72.201 36.0221 120
62400 30.0029 -312274 -57.1822 162592 72.1961 72.1961 36.0197 120
62500 29.8137 -312273 150.63 162552 72.1902 72.1902 36.0167 120
62600 30.031 -312274 -144.587 162578 72.1941 72.1941 36.0186 120
62700 29.8929 -312274 54.3816 162586 72.1953 72.1953 36.0193 120
62800 30.0478 -312274 100.798 162596 72.1968 72.1968 36.02 120
62900 30.0858 -312274 132.34 162593 72.1964 72.1964 36.0198 120
63000 30.0357 -312274 -66.6591 162570 72.1929 72.1929 36.0181 120
63100 30.0937 -312274 79.289 162567 72.1924 72.1924 36.0178 120
63200 29.7723 -312273 -279.754 162613 72.1993 72.1993 36.0212 120
63300 30.084 -312274 -241.048 162591 72.1961 72.1961 36.0196 120
63400 29.9839 -312274 418.728 162545 72.1893 72.1893 36.0162 120
63500 29.9326 -312274 -397.495 162605 72.1981 72.1981 36.0207 120
63600 30.2051 -312274 363.77 162563 72.1919 72.1919 36.0176 120
63700 30.1212 -312274 -201.471 162600 72.1973 72.1973 36.0202 120
63800 29.9242 -312274 -195.344 162604 72.1979 72.1979 36.0206 120
63900 29.9043 -312274 8.6232 162562 72.1917 72.1917 36.0175 120
64000 30.2669 -312274 113.763 162572 72.1933 72.1933 36.0182 120
64100 30.0259 -312274 -385.391 162631 72.202 72.202 36.0226 120
64200 30.1146 -312274 343.242 162553 72.1904 72.1904 36.0168 120
64300 29.9136 -312273 99.8319 162572 72.1932 72.1932 36.0182 120
64400 29.8724 -312273 -367.629 162611 72.199 72.199 36.0211 120
64500 29.9714 -312274 666.189 162541 72.1887 72.1887 36.016 120
64600 29.8783 -312273 -506.586 162621 72.2005 72.2005 36.0218 120
64700 30.2465 -312274 213.698 162556 72.1908 72.1908 36.017 120
64800 30.0914 -312274 -152.252 162595 72.1966 72.1966 36.0199 120
64900 30.0266 -312274 -189.713 162604 72.198 72.198 36.0206 120
65000 30.1296 -312274 167.072 162554 72.1906 72.1906 36.0169 120
65100 29.9789 -312273 72.1806 162588 72.1956 72.1956 36.0194 120
65200 29.7949 -312273 -118.439 162606 72.1983 72.1983 36.0207 120
65300 30.1498 -312274 247.102 162560 72.1915 72.1915 36.0173 120
65400 29.7298 -312273 -239.075 162604 72.1979 72.1979 36.0206 120
65500 29.9934 -312274 32.8174 162588 72.1956 72.1956 36.0194 120
65600 29.9656 -312274 28.0284 162561 72.1916 72.1916 36.0174 120
65700 30.1693 -312274 43.5267 162591 72.196 72.196 36.0196 120
65800 29.9359 -312273 143.518 162587 72.1954 72.1954 36.0193 120
65900 30.3282 -312274 160.391 162565 72.1922 72.1922 36.0177 120
66000 29.9938 -312274 -390.339 162615 72.1995 72.1995 36.0214 120
66100 29.9364 -312274 54.0352 162578 72.1942 72.1942 36.0187 120
66200 29.8944 -312274 296.255 162555 72.1907 72.1907 36.017 120
66300 29.8686 -312273 -384.907 162627 72.2013 72.2013 36.0223 120
66400 30.0936 -312274 156.136 162576 72.1938 72.1938 36.0185 120
66500 30.0369 -312274 228.56 162569 72.1927 72.1927 36.018 120
66600 30.0836 -312274 -233.941 162599 72.1972 72.1972 36.0202 120
66700 29.8438 -312274 109.45 162573 72.1933 72.1933 36.0183 120
66800 29.9466 -312274 95.3417 162553 72.1905 72.1905 36.0168 120
66900 29.9889 -312273 -463.08 162642 72.2035 72.2035 36.0234 120
67000 29.8983 -312274 234.604 162568 72.1927 72.1927 36.0179 120
67100 30.331 -312274 -108.451 162565 72.1922 72.1922 36.0177 120
67200 29.6164 -312273 -46.4038 162593 72.1963 72.1963 36.0197 120
67300 29.9753 -312274 -89.6778 162595 72.1966 72.1966 36.0199 120
67400 29.7942 -312274 480.586 162556 72.1909 72.1909 36.0171 120
67500 29.9418 -312274 13.6391 162581 72.1945 72.1945 36.0188 120
67600 30.0995 -312274 15.9231 162593 72.1964 72.1964 36.0198 120
67700 30.0478 -312273 71.1226 162585 72.1952 72.1952 36.0192 120
67800 30.1069 -312274 -74.9001 162592 72.1962 72.1962 36.0197 120
67900 29.8928 -312274 39.5348 162576 72.1938 72.1938 36.0185 120
68000 29.9218 -312274 135.942 162569 72.1928 72.1928 36.018 120
68100 29.8366 -312273 -91.4554 162607 72.1984 72.1984 36.0208 120
68200 30.045 -312274 375.252 162556 72.1908 72.1908 36.017 120
68300 30.0533 -312274 -222.995 162607 72.1984 72.1984 36.0208 120
68400 30.2174 -312274 -317.426 162606 72.1983 72.1983 36.0207 120
68500 30.2499 -312275 549.511 162554 72.1906 72.1906 36.0169 120
68600 29.8277 -312274 -294.606 162615 72.1996 72.1996 36.0214 120
68700 29.8278 -312273 38.9771 162578 72.1942 72.1942 36.0187 120
68800 30.0159 -312274 340.73 162555 72.1907 72.1907 36.0169 120
68900 30.1237 -312274 129.893 162590 72.1958 72.1958 36.0195 120
69000 30.0577 -312274 -134.932 162602 72.1976 72.1976 36.0204 120
69100 30.0172 -312274 -93.6341 162582 72.1947 72.1947 36.019 120
69200 29.9599 -312274 -56.7633 162570 72.193 72.193 36.0181 120
69300 29.8302 -312274 155.441 162584 72.195 72.195 36.0191 120
69400 29.9012 -312273 128.815 162595 72.1967 72.1967 36.0199 120
69500 29.9935 -312274 -98.7826 162589 72.1957 72.1957 36.0195 120
69600 30.07 -312273 163.141 162573 72.1934 72.1934 36.0183 120
69700 30.0714 -312274 -154.38 162590 72.1959 72.1959 36.0195 120
69800 30.0985 -312274 113.264 162564 72.192 72.192 36.0176 120
69900 29.9207 -312274 134.814 162600 72.1974 72.1974 36.0203 120
70000 29.9428 -312273 -219.723 162620 72.2003 72.2003 36.0218 120
70100 29.9883 -312274 153.151 162564 72.192 72.192 36.0176 120
70200 30.2598 -312274 265.312 162545 72.1893 72.1893 36.0162 120
70300 30.0699 -312274 78.7118 162582 72.1947 72.1947 36.0189 120
70400 30.0955 -312274 -144.984 162600 72.1974 72.1974 36.0203 120
70500 30.1061 -312274 274.882 162560 72.1914 72.1914 36.0173 120
70600 30.0006 -312274 -191.89 162595 72.1967 72.1967 36.0199 120
70700 30.0421 -312273 73.1413 162588 72.1956 72.1956 36.0194 120
70800 29.9752 -312274 47.8901 162589 72.1957 72.1957 36.0195 120
70900 30.2087 -312274 -94.1601 162582 72.1948 72.1948 36.019 120
71000 29.986 -312274 257.136 162580 72.1944 72.1944 36.0188 120
71100 29.7954 -312274 -196.204 162612 72.1991 72.1991 36.0211 120
71200 29.9859 -312274 -33.8961 162571 72.1932 72.1932 36.0182 120
71300 30.0707 -312274 153.06 162563 72.1919 72.1919 36.0176 120
71400 30.0704 -312274 26.4754 162594 72.1965 72.1965 36.0199 120
71500 30.0586 -312273 -427.932 162628 72.2016 72.2016 36.0224 120
71600 29.8934 -312274 294.305 162547 72.1895 72.1895 36.0164 120
71700 30.0694 -312274 -98.1372 162577 72.194 72.194 36.0186 120
71800 29.6637 -312273 -381.293 162617 72.1999 72.1999 36.0215 120
71900 29.9749 -312274 207.084 162550 72.19 72.19 36.0166 120
72000 30.161 -312274 -156.711 162589 72.1957 72.1957 36.0195 120
72100 30.1183 -312274 -180.392 162605 72.1981 72.1981 36.0207 120
72200 29.9002 -312274 222.644 162554 72.1906 72.1906 36.0169 120
72300 29.979 -312274 -109.75 162575 72.1937 72.1937 36.0184 120
72400 29.9474 -312274 -115.341 162597 72.1969 72.1969 36.0201 120
72500 30.0065 -312274 -248.586 162597 72.197 72.197 36.0201 120
72600 29.8781 -312274 -87.4972 162575 72.1936 72.1936 36.0184 120
72700 30.0815 -312274 77.252 162588 72.1956 72.1956 36.0194 120
72800 30.0302 -312274 78.2699 162575 72.1937 72.1937 36.0185 120
72900 29.9201 -312274 -78.7839 162600 72.1974 72.1974 36.0203 120
73000 30.0755 -312274 -119.27 162579 72.1943 72.1943 36.0188 120
73100 30.2901 -312274 64.973 162580 72.1945 72.1945 36.0188 120
73200 29.8575 -312273 -511.406 162612 72.1991 72.1991 36.0212 120
73300 30.1917 -312274 608.131 162539 72.1884 72.1884 36.0158 120
73400 29.8832 -312274 -251.157 162596 72.1969 72.1969 36.02 120
73500 30.1051 -312274 104.875 162578 72.1942 72.1942 36.0187 120
73600 29.8637 -312273 -56.3434 162573 72.1934 72.1934 36.0183 120
73700 30.0218 -312274 -420.256 162610 72.1988 72.1988 36.021 120
73800 30.1384 -312274 246.605 162569 72.1928 72.1928 36.018 120
73900 29.7309 -312273 190.22 162551 72.1901 72.1901 36.0167 120
74000 30.0233 -312274 -103.127 162592 72.1962 72.1962 36.0197 120
74100 29.9402 -312274 -150.527 162606 72.1983 72.1983 36.0207 120
74200 30.15 -312274 284.712 162576 72.1938 72.1938 36.0185 120
74300 29.8506 -312274 -182.926 162583 72.1949 72.1949 36.019 120
74400 29.9977 -312273 -454.536 162614 72.1994 72.1994 36.0213 120
74500 29.9036 -312273 80.839 162586 72.1953 72.1953 36.0193 120
74600 29.9536 -312274 -229.656 162578 72.1941 72.1941 36.0187 120
74700 29.8869 -312274 22.9742 162582 72.1946 72.1946 36.0189 120
74800 29.9053 -312274 18.5496 162579 72.1943 72.1943 36.0187 120
74900 29.9617 -312273 330.609 162575 72.1937 72.1937 36.0184 120
75000 30.0983 -312274 -476.922 162613 72.1992 72.1992 36.0212 120
75100 30.0142 -312274 456.436 162532 72.1872 72.1872 36.0152 120
75200 30.1293 -312274 -202.117 162604 72.198 72.198 36.0206 120
75300 29.8626 -312274 -13.7703 162584 72.1951 72.1951 36.0191 120
75400 29.979 -312274 57.0453 162554 72.1906 72.1906 36.0169 120
75500 29.9732 -312273 77.5629 162586 72.1953 72.1953 36.0193 120
75600 29.8602 -312273 204.422 162594 72.1965 72.1965 36.0198 120
75700 30.1112 -312274 17.4312 162588 72.1956 72.1956 36.0194 120
75800 30.117 -312274 533.063 162556 72.1908 72.1908 36.017 120
75900 30.0959 -312274 14.1837 162603 72.1978 72.1978 36.0205 120
76000 29.8818 -312273 -424.923 162622 72.2006 72.2006 36.0219 120
76100 29.7535 -312273 207.176 162544 72.189 72.189 36.0161 120
76200 30.2243 -312274 -150.264 162585 72.1952 72.1952 36.0192 120
76300 30.0681 -312274 -217.76 162607 72.1984 72.1984 36.0208 120
76400 29.9306 -312273 58.4122 162582 72.1948 72.1948 36.019 120
76500 29.8493 -312274 4.7895 162585 72.1952 72.1952 36.0192 120
76600 30.2027 -312274 149.246 162570 72.1929 72.1929 36.018 120
76700 30.1041 -312274 45.1438 162584 72.1951 72.1951 36.0191 120
76800 29.7594 -312273 159.326 162579 72.1943 72.1943 36.0187 120
76900 29.9727 -312273 -114.555 162572 72.1932 72.1932 36.0182 120
77000 29.6293 -312273 -165.403 162586 72.1953 72.1953 36.0193 120
77100 29.7316 -312274 181.371 162569 72.1928 72.1928 36.018 120
77200 30.1589 -312274 417.09 162578 72.1941 72.1941 36.0186 120
77300 29.993 -312273 -275.35 162624 72.201 72.201 36.0221 120
77400 29.9371 -312273 327.208 162556 72.1909 72.1909 36.0171 120
77500 30.0752 -312274 -198.64 162590 72.196 72.196 36.0196 120
77600 29.856 -312274 -48.8754 162579 72.1942 72.1942 36.0187 120
77700 29.8887 -312274 -202.451 162597 72.197 72.197 36.0201 120
77800 29.7779 -312274 256.914 162571 72.1931 72.1931 36.0181 120
77900 30.0169 -312273 -130.079 162578 72.1941 72.1941 36.0186 120
78000 30.2317 -312274 149.845 162590 72.1959 72.1959 36.0195 120
78100 30.1555 -312273 -319.439 162602 72.1976 72.1976 36.0204 120
78200 29.6795 -312273 166.089 162561 72.1917 72.1917 36.0174 120
78300 30.1141 -312274 -175.065 162582 72.1948 72.1948 36.019 120
78400 29.9879 -312274 -62.7499 162595 72.1966 72.1966 36.0199 120
78500 30.0296 -312274 233.298 162559 72.1912 72.1912 36.0172 120
78600 29.9961 -312273 -349.254 162598 72.1971 72.1971 36.0201 120
78700 29.9781 -312274 -86.5138 162593 72.1963 72.1963 36.0197 120
78800 29.8675 -312273 -147.912 162586 72.1953 72.1953 36.0192 120
78900 29.8714 -312274 82.5403 162588 72.1956 72.1956 36.0194 120
79000 29.9398 -312274 -207.382 162612 72.1992 72.1992 36.0212 120
79100 29.783 -312274 745.159 162538 72.1881 72.1881 36.0157 120
79200 30.2427 -312274 -318.513 162582 72.1947 72.1947 36.0189 120
79300 30.1584 -312273 -10.6827 162596 72.1968 72.1968 36.02 120
79400 29.9748 -312273 -294.497 162608 72.1985 72.1985 36.0209 120
79500 29.9681 -312274 233.787 162556 72.1908 72.1908 36.017 120
79600 29.6951 -312274 -201.692 162606 72.1983 72.1983 36.0207 120
79700 30.0552 -312274 -8.37737 162587 72.1955 72.1955 36.0194 120
79800 30.0765 -312274 205.23 162559 72.1912 72.1912 36.0172 120
79900 29.8366 -312273 -46.6681 162602 72.1977 72.1977 36.0205 120
80000 29.7867 -312273 56.0725 162574 72.1935 72.1935 36.0183 120
80100 30.0497 -312274 670.391 162555 72.1907 72.1907 36.0169 120
80200 29.9704 -312274 -85.2875 162616 72.1998 72.1998 36.0215 120
80300 29.7472 -312273 -171.986 162588 72.1956 72.1956 36.0194 120
80400 30.0149 -312274 269.549 162558 72.1911 72.1911 36.0172 120
80500 30.163 -312273 -824.833 162623 72.2008 72.2008 36.022 120
80600 30.0352 -312274 290.628 162568 72.1926 72.1926 36.0179 120
80700 30.0373 -312274 -71.1283 162587 72.1955 72.1955 36.0193 120
80800 29.6783 -312274 -273.631 162589 72.1958 72.1958 36.0195 120
80900 29.7517 -312273 32.6611 162563 72.192 72.192 36.0176 120
81000 30.0955 -312274 0.188284 162583 72.1949 72.1949 36.0191 120
81100 29.9622 -312273 -336.414 162618 72.2001 72.2001 36.0216 120
81200 30.1861 -312274 444.589 162555 72.1907 72.1907 36.017 120
81300 29.807 -312274 -84.5666 162588 72.1956 72.1956 36.0194 120
81400 30.0319 -312274 104.082 162587 72.1954 72.1954 36.0193 120
81500 29.6182 -312273 -109.871 162582 72.1947 72.1947 36.0189 120
81600 29.9701 -312274 -433.39 162600 72.1973 72.1973 36.0202 120
81700 30.0574 -312274 405.466 162559 72.1912 72.1912 36.0172 120
81800 30.2018 -312274 -209.002 162601 72.1976 72.1976 36.0204 120
81900 30.1116 -312274 -120.109 162594 72.1966 72.1966 36.0199 120
82000 29.7854 -312274 298.564 162563 72.1919 72.1919 36.0176 120
82100 29.8863 -312274 -237.67 162596 72.1968 72.1968 36.02 120
82200 30.0733 -312274 291.799 162551 72.1901 72.1901 36.0167 120
82300 30.1096 -312274 -163.212 162600 72.1974 72.1974 36.0203 120
82400 30.4035 -312274 163.196 162573 72.1934 72.1934 36.0183 120
82500 29.8593 -312274 -82.1089 162586 72.1952 72.1952 36.0192 120
82600 29.7351 -312274 -290.268 162590 72.1959 72.1959 36.0196 120
82700 29.893 -312274 399.401 162553 72.1905 72.1905 36.0168 120
82800 29.8131 -312273 -262.731 162611 72.1989 72.199 36.0211 120
82900 30.1588 -312274 302.171 162567 72.1924 72.1924 36.0178 120
83000 29.9932 -312273 308.31 162570 72.1929 72.1929 36.0181 120
83100 30.0103 -312273 -268.342 162624 72.2009 72.2009 36.022 120
83200 29.9811 -312274 202.126 162568 72.1927 72.1927 36.0179 120
83300 29.8322 -312274 -148.657 162591 72.1961 72.1961 36.0196 120
83400 29.744 -312273 -413.455 162610 72.1988 72.1988 36.021 120
83500 29.8974 -312274 246.043 162540 72.1885 72.1885 36.0158 120
83600 29.954 -312273 95.4547 162594 72.1964 72.1964 36.0198 120
83700 30.1827 -312274 -674.014 162631 72.202 72.202 36.0226 120
83800 30.1085 -312274 507.079 162540 72.1885 72.1885 36.0158 120
83900 29.9096 -312274 -29.6314 162579 72.1943 72.1943 36.0187 120
84000 30.1525 -312274 426.958 162583 72.1948 72.1948 36.019 120
84100 29.9617 -312273 22.0059 162586 72.1953 72.1953 36.0192 120
84200 30.2753 -312274 -154.724 162594 72.1965 72.1965 36.0198 120
84300 29.957 -312273 19.7907 162583 72.1948 72.1948 36.019 120
84400 30.1719 -312274 -78.3489 162550 72.19 72.19 36.0166 120
84500 29.7506 -312274 166.646 162584 72.195 72.195 36.0191 120
84600 30.0924 -312274 -51.3441 162617 72.1999 72.1999 36.0216 120
84700 30.1632 -312274 243.423 162569 72.1927 72.1927 36.018 120
84800 29.901 -312273 -21.8018 162572 72.1933 72.1933 36.0182 120
84900 30.254 -312274 -8.74387 162603 72.1978 72.1978 36.0205 120
85000 29.9375 -312273 -136.966 162600 72.1973 72.1973 36.0203 120
85100 29.8797 -312274 128.13 162566 72.1924 72.1924 36.0178 120
85200 29.9508 -312274 -197.064 162582 72.1947 72.1947 36.019 120
85300 30.1608 -312274 561.766 162537 72.188 72.188 36.0156 120
85400 30.2516 -312273 -289.897 162619 72.2001 72.2001 36.0216 120
85500 30.2201 -312274 112.278 162583 72.1949 72.1949 36.0191 120
85600 30.1341 -312274 71.0392 162563 72.1918 72.1918 36.0175 120
85700 29.8095 -312274 119.586 162598 72.1971 72.1971 36.0201 120
85800 29.9474 -312275 -0.961313 162569 72.1927 72.1927 36.018 120
85900 30.1794 -312274 -113.786 162583 72.1948 72.1948 36.019 120
86000 29.9945 -312273 21.361 162585 72.1951 72.1951 36.0191 120
86100 29.9549 -312273 -81.7479 162582 72.1948 72.1948 36.019 120
86200 30.0243 -312274 63.6484 162604 72.198 72.198 36.0206 120
86300 29.9005 -312274 -77.3902 162583 72.1948 72.1948 36.019 120
86400 29.9138 -312274 89.4207 162567 72.1924 72.1925 36.0178 120
86500 30.0683 -312274 -532.607 162621 72.2005 72.2005 36.0218 120
86600 30.1802 -312274 -65.4179 162594 72.1965 72.1966 36.0199 120
86700 30.4019 -312274 505.272 162547 72.1895 72.1895 36.0164 120
86800 29.8506 -312273 -196.016 162609 72.1987 72.1987 36.0209 120
86900 29.9843 -312274 -143.569 162582 72.1947 72.1947 36.019 120
87000 30.0213 -312275 67.5025 162573 72.1933 72.1933 36.0183 120
87100 29.9847 -312274 -346.121 162586 72.1952 72.1952 36.0192 120
87200 30.2962 -312274 212.384 162572 72.1933 72.1933 36.0182 120
87300 30.3317 -312273 271.516 162586 72.1953 72.1953 36.0193 120
87400 29.8134 -312273 -486.123 162613 72.1993 72.1993 36.0213 120
87500 29.9041 -312274 347.405 162566 72.1924 72.1924 36.0178 120
87600 29.8264 -312274 266.169 162559 72.1913 72.1913 36.0173 120
87700 29.8671 -312274 -221.502 162596 72.1968 72.1968 36.02 120
87800 30.1408 -312273 -140.588 162596 72.1967 72.1967 36.02 120
87900 30.1668 -312274 200.089 162566 72.1923 72.1923 36.0177 120
88000 30.1635 -312274 -290.729 162616 72.1998 72.1998 36.0215 120
88100 30.1904 -312274 367.866 162583 72.1949 72.1949 36.019 120
88200 29.7093 -312274 140.358 162588 72.1955 72.1955 36.0194 120
88300 29.8431 -312274 100.852 162575 72.1937 72.1937 36.0185 120
88400 30.1028 -312274 -68.1147 162576 72.1938 72.1938 36.0185 120
88500 30.1417 -312273 -355.856 162600 72.1974 72.1974 36.0203 120
88600 30.1108 -312273 260.143 162578 72.1941 72.1941 36.0186 120
88700 29.9877 -312274 -144.787 162594 72.1965 72.1965 36.0198 120
88800 29.7876 -312274 -65.7674 162577 72.194 72.194 36.0186 120
88900 30.087 -312275 -85.7685 162566 72.1923 72.1923 36.0178 120
89000 29.9252 -312273 186.409 162568 72.1926 72.1926 36.0179 120
89100 30.1199 -312273 -132.605 162599 72.1972 72.1972 36.0202 120
89200 30.3792 -312274 72.8644 162577 72.1939 72.1939 36.0186 120
89300 30.2019 -312274 -85.2421 162600 72.1973 72.1973 36.0202 120
89400 29.7868 -312274 -20.6918 162597 72.197 72.197 36.0201 120
89500 29.5318 -312274 332.402 162564 72.192 72.192 36.0176 120
89600 29.9065 -312274 -201.989 162588 72.1956 72.1956 36.0194 120
89700 30.195 -312273 68.9216 162597 72.1969 72.1969 36.0201 120
89800 30.1308 -312274 -60.458 162584 72.195 72.195 36.0191 120
89900 30.1743 -312274 -8.20567 162574 72.1935 72.1935 36.0184 120
90000 29.725 -312274 -199.602 162596 72.1969 72.1969 36.02 120
90100 29.7097 -312274 128.746 162591 72.196 72.196 36.0196 120
90200 29.951 -312274 -159.318 162594 72.1965 72.1965 36.0199 120
90300 30.2604 -312274 480.589 162536 72.1879 72.1879 36.0155 120
90400 30.1548 -312273 -141.843 162610 72.1988 72.1988 36.021 120
90500 29.936 -312273 -18.2009 162597 72.1969 72.1969 36.02 120
90600 30.0643 -312274 -86.8367 162570 72.1929 72.1929 36.018 120
90700 29.9027 -312274 140.222 162578 72.1941 72.1941 36.0187 120
90800 29.8836 -312274 -58.007 162602 72.1977 72.1977 36.0204 120
90900 30.0675 -312274 -280.696 162580 72.1945 72.1945 36.0188 120
91000 30.2218 -312274 373.655 162554 72.1905 72.1905 36.0169 120
91100 30.0491 -312273 -470.954 162613 72.1993 72.1993 36.0212 120
91200 29.9268 -312274 134.042 162583 72.1948 72.1948 36.019 120
91300 30.1385 -312275 329.026 162578 72.1941 72.1941 36.0186 120
91400 30.1116 -312275 238.173 162580 72.1944 72.1944 36.0188 120
91500 29.994 -312273 -228.069 162586 72.1953 72.1953 36.0192 120
91600 30.1239 -312273 5.66915 162582 72.1948 72.1948 36.019 120
91700 29.9347 -312273 -112.616 162591 72.196 72.196 36.0196 120
91800 30.013 -312273 -89.6226 162598 72.1971 72.1971 36.0202 120
91900 29.7859 -312274 214.361 162558 72.1912 72.1912 36.0172 120
92000 30.0766 -312274 -69.1344 162574 72.1935 72.1935 36.0183 120
92100 30.2407 -312274 -405.016 162622 72.2006 72.2006 36.0219 120
92200 30.1527 -312274 110.279 162583 72.1948 72.1948 36.019 120
92300 30.1861 -312273 24.8041 162581 72.1945 72.1945 36.0189 120
92400 30.2921 -312274 -153.553 162596 72.1968 72.1968 36.02 120
92500 29.7542 -312274 339.865 162548 72.1896 72.1896 36.0164 120
92600 30.1325 -312275 -162.336 162600 72.1974 72.1974 36.0203 120
92700 30.0758 -312274 -256.037 162611 72.1989 72.1989 36.0211 120
92800 30.1021 -312274 -216.184 162574 72.1935 72.1935 36.0183 120
92900 30.2653 -312274 -129.645 162577 72.194 72.194 36.0186 120
93000 29.9821 -312274 135.021 162566 72.1923 72.1923 36.0177 120
93100 30.0592 -312274 -283.954 162610 72.1988 72.1988 36.021 120
93200 29.7303 -312274 -99.2944 162590 72.1959 72.1959 36.0196 120
93300 29.9819 -312274 181.175 162557 72.191 72.191 36.0171 120
93400 29.935 -312273 -196.893 162604 72.1979 72.1979 36.0206 120
93500 29.7076 -312272 48.6566 162606 72.1982 72.1982 36.0207 120
93600 29.9776 -312274 182.142 162553 72.1905 72.1905 36.0168 120
93700 30.0271 -312274 156.8 162577 72.194 72.194 36.0186 120
93800 29.799 -312274 84.6827 162603 72.1978 72.1978 36.0205 120
93900 29.7154 -312273 98.7982 162587 72.1954 72.1954 36.0193 120
94000 29.9425 -312274 241.407 162570 72.193 72.193 36.0181 120
94100 30.0244 -312273 -203.992 162606 72.1983 72.1983 36.0207 120
94200 30.2823 -312274 44.5597 162595 72.1967 72.1967 36.0199 120
94300 29.9403 -312274 293.1 162546 72.1893 72.1893 36.0163 120
94400 30.0202 -312274 86.7063 162570 72.193 72.193 36.0181 120
94500 29.771 -312274 -361.857 162621 72.2005 72.2005 36.0219 120
94600 30.0458 -312274 -91.5222 162586 72.1953 72.1953 36.0193 120
94700 29.9431 -312273 -78.2831 162558 72.1911 72.1911 36.0172 120
94800 30.1218 -312274 171.383 162565 72.1922 72.1922 36.0177 120
94900 29.9207 -312273 -89.4762 162618 72.2001 72.2001 36.0216 120
95000 29.7661 -312273 -306.159 162603 72.1978 72.1978 36.0205 120
95100 29.6525 -312274 103.493 162553 72.1905 72.1905 36.0168 120
95200 29.9548 -312274 -148.909 162587 72.1954 72.1954 36.0193 120
95300 30.075 -312274 178.059 162581 72.1945 72.1945 36.0188 120
95400 30.3453 -312274 31.7851 162609 72.1987 72.1987 36.0209 120
95500 30.1404 -312274 82.4306 162591 72.1961 72.1961 36.0196 120
95600 30.0748 -312274 75.902 162547 72.1896 72.1896 36.0164 120
95700 29.9935 -312274 -14.5477 162582 72.1948 72.1948 36.019 120
95800 30.038 -312274 -273.978 162609 72.1987 72.1987 36.021 120
95900 30.069 -312274 360.114 162554 72.1906 72.1906 36.0169 120
96000 30.1847 -312274 107.937 162594 72.1965 72.1965 36.0198 120
96100 30.1898 -312273 -521.91 162615 72.1995 72.1995 36.0214 120
96200 29.9188 -312274 282.808 162542 72.1888 72.1888 36.016 120
96300 29.9735 -312274 244.99 162580 72.1944 72.1944 36.0188 120
96400 30.0202 -312274 -455.874 162624 72.2009 72.2009 36.0221 120
96500 29.9506 -312274 -303.95 162584 72.195 72.195 36.0191 120
96600 30.0127 -312274 377.315 162544 72.1891 72.1891 36.0161 120
96700 29.9788 -312273 -271.391 162602 72.1976 72.1976 36.0204 120
96800 30.0184 -312273 -89.4348 162609 72.1987 72.1987 36.0209 120
96900 29.6916 -312273 177.718 162575 72.1937 72.1937 36.0184 120
97000 29.7928 -312273 -211.911 162594 72.1965 72.1965 36.0198 120
97100 29.9118 -312274 336.786 162573 72.1933 72.1933 36.0183 120
97200 30.0946 -312274 -249.925 162605 72.1981 72.1981 36.0206 120
97300 30.1685 -312274 317.746 162554 72.1906 72.1906 36.0169 120
97400 30.1645 -312273 -422.979 162597 72.1969 72.1969 36.0201 120
97500 30.1073 -312274 -60.376 162582 72.1947 72.1947 36.0189 120
97600 30.1389 -312275 506.385 162542 72.1888 72.1888 36.016 120
97700 29.7608 -312273 -314.607 162623 72.2008 72.2008 36.022 120
97800 30.037 -312274 -104.586 162597 72.197 72.197 36.0201 120
97900 30.0797 -312274 391.113 162550 72.19 72.19 36.0166 120
98000 30.1586 -312274 -47.2983 162584 72.195 72.195 36.0191 120
98100 30.148 -312274 -202.725 162597 72.1969 72.1969 36.02 120
98200 29.9422 -312274 -145.71 162596 72.1968 72.1968 36.02 120
98300 30.0492 -312274 84.7153 162579 72.1942 72.1942 36.0187 120
98400 30.201 -312274 237.388 162569 72.1928 72.1928 36.018 120
98500 30.2388 -312274 73.5544 162608 72.1986 72.1986 36.0209 120
98600 29.9212 -312273 121.008 162575 72.1936 72.1936 36.0184 120
98700 30.1135 -312274 55.7644 162578 72.1942 72.1942 36.0187 120
98800 29.9563 -312273 -302.444 162586 72.1952 72.1952 36.0192 120
98900 29.9087 -312274 160.634 162567 72.1925 72.1925 36.0178 120
99000 30.0356 -312274 33.373 162590 72.1959 72.1959 36.0195 120
99100 30.0016 -312274 -318.957 162600 72.1973 72.1973 36.0203 120
99200 29.8227 -312273 302.819 162570 72.193 72.193 36.0181 120
99300 30.3909 -312274 -5.84142 162589 72.1957 72.1957 36.0194 120
99400 29.794 -312273 4.03093 162587 72.1955 72.1955 36.0193 120
99500 30.0111 -312274 580.019 162529 72.1869 72.1869 36.0151 120
99600 30.0265 -312274 -449.568 162624 72.2009 72.2009 36.022 120
99700 30.1373 -312274 -214.776 162610 72.1989 72.1989 36.021 120
99800 30.0094 -312274 110.418 162549 72.1898 72.1898 36.0165 120
99900 30.183 -312274 -26.7521 162603 72.1978 72.1978 36.0205 120
100000 30.0019 -312273 -129.079 162613 72.1992 72.1993 36.0212 120
