# Time-averaged data for fix 2
# TimeStep c_thermo_temp c_thermo_pe c_thermo_press v_myVol v_myCella v_myCellb v_myCellc v_myCellgamma
0 236.966 -311919 -185.37 163070 72.2669 72.2669 36.055 120
100 230.126 -311927 -1123.36 163154 72.2793 72.2793 36.0611 120
200 234.887 -311925 144.518 163148 72.2784 72.2784 36.0607 120
300 240.127 -311906 148.799 163134 72.2763 72.2763 36.0597 120
400 249.526 -311907 561.477 163135 72.2765 72.2765 36.0598 120
500 247.045 -311916 719.25 163156 72.2796 72.2796 36.0613 120
600 239.848 -311933 -277.821 163182 72.2834 72.2834 36.0632 120
700 233.462 -311944 355.34 163202 72.2864 72.2864 36.0647 120
800 235.34 -311948 -180.582 163224 72.2896 72.2896 36.0663 120
900 239.672 -311939 536.118 163228 72.2901 72.2901 36.0666 120
1000 246.185 -311934 453.216 163250 72.2935 72.2935 36.0682 120
1100 246.136 -311933 -135.179 163311 72.3024 72.3024 36.0727 120
1200 242.26 -311943 -1041.76 163350 72.3083 72.3083 36.0756 120
1300 234.5 -311947 -611.719 163344 72.3073 72.3073 36.0751 120
1400 236.226 -311957 -475.755 163305 72.3016 72.3016 36.0723 120
1500 239.528 -311952 934.085 163270 72.2964 72.2964 36.0697 120
1600 243.121 -311942 252.056 163262 72.2951 72.2952 36.0691 120
1700 245.924 -311939 653.906 163270 72.2964 72.2964 36.0697 120
1800 242.995 -311942 -505.656 163305 72.3016 72.3016 36.0723 120
1900 240.263 -311954 518.519 163341 72.3069 72.3069 36.0749 120
2000 237.475 -311959 -997.919 163382 72.313 72.313 36.078 120
2100 236.052 -311953 -1042.17 163382 72.313 72.313 36.078 120
2200 241.106 -311947 649.033 163345 72.3075 72.3075 36.0752 120
2300 244.198 -311942 769.311 163323 72.3042 72.3042 36.0736 120
2400 244.238 -311946 -642.36 163334 72.3058 72.3058 36.0744 120
2500 240.063 -311952 1370.43 163329 72.3051 72.3051 36.074 120
2600 236.522 -311957 -252.997 163352 72.3085 72.3085 36.0757 120
2700 234.837 -311953 -465.777 163364 72.3103 72.3103 36.0766 120
2800 238.332 -311948 -383.507 163370 72.3111 72.3111 36.077 120
2900 242.088 -311943 -451.574 163362 72.31 72.31 36.0765 120
3000 242.751 -311942 175.5 163344 72.3073 72.3073 36.0751 120
3100 239.491 -311947 270.812 163339 72.3066 72.3066 36.0748 120
3200 236.544 -311954 -194.308 163358 72.3094 72.3094 36.0762 120
3300 236.667 -311958 502.895 163369 72.3111 72.3111 36.077 120
3400 239.979 -311956 384.878 163360 72.3097 72.3097 36.0763 120
3500 241.409 -311945 -24.4433 163343 72.3072 72.3072 36.0751 120
3600 244.413 -311946 -303.769 163342 72.307 72.307 36.075 120
3700 240.19 -311945 -529.919 163348 72.3079 72.3079 36.0754 120
3800 237.295 -311952 417.509 163361 72.3099 72.3099 36.0764 120
3900 236.639 -311957 -431.956 163375 72.3119 72.3119 36.0774 120
4000 238.997 -311957 108.095 163383 72.313 72.313 36.078 120
4100 241.057 -311949 -629.059 163389 72.314 72.314 36.0785 120
4200 240.243 -311940 227.491 163377 72.3123 72.3123 36.0776 120
4300 242.909 -311948 -243.691 163366 72.3106 72.3106 36.0768 120
4400 239.047 -311952 897.687 163351 72.3084 72.3084 36.0757 120
4500 236.376 -311955 488.862 163350 72.3082 72.3082 36.0756 120
4600 239.396 -311960 -358.095 163365 72.3104 72.3104 36.0767 120
4700 239.6 -311951 1250.43 163369 72.3111 72.3111 36.077 120
4800 244.512 -311953 -957.703 163400 72.3156 72.3156 36.0793 120
4900 241.09 -311947 475.837 163419 72.3185 72.3185 36.0807 120
5000 239.229 -311952 -1049.35 163439 72.3213 72.3213 36.0821 120
5100 237.806 -311957 -826.463 163418 72.3183 72.3183 36.0806 120
5200 238.032 -311958 514.482 163376 72.312 72.312 36.0775 120
5300 238.37 -311953 369.075 163362 72.31 72.31 36.0765 120
5400 242.374 -311952 -292.825 163377 72.3122 72.3122 36.0776 120
5500 242.362 -311951 955.682 163388 72.3137 72.3137 36.0783 120
5600 240.285 -311955 701.75 163420 72.3185 72.3185 36.0807 120
5700 239.761 -311962 143.675 163441 72.3216 72.3216 36.0823 120
5800 240.18 -311965 -821.593 163440 72.3215 72.3215 36.0822 120
5900 238.081 -311956 308.506 163420 72.3185 72.3185 36.0807 120
6000 242.521 -311956 -217.655 163426 72.3194 72.3194 36.0812 120
6100 241.808 -311952 -376.663 163451 72.3231 72.3231 36.083 120
6200 240.365 -311953 -192.737 163471 72.3261 72.3261 36.0845 120
6300 238.28 -311958 73.6336 163455 72.3237 72.3237 36.0833 120
6400 237.843 -311962 -365.671 163438 72.3212 72.3212 36.0821 120
6500 236.517 -311957 -924.609 163423 72.319 72.319 36.0809 120
6600 241.537 -311959 952.533 163399 72.3155 72.3155 36.0792 120
6700 243.237 -311957 704.034 163408 72.3167 72.3167 36.0798 120
6800 240.096 -311952 -1381.98 163443 72.3219 72.3219 36.0824 120
6900 241.123 -311962 346.101 163470 72.3259 72.3259 36.0844 120
7000 238.986 -311965 -287.831 163484 72.328 72.328 36.0855 120
7100 237.089 -311961 -56.0583 163473 72.3264 72.3264 36.0846 120
7200 240.669 -311961 627.036 163453 72.3234 72.3234 36.0831 120
7300 240.41 -311954 156.804 163445 72.3222 72.3222 36.0826 120
7400 241.526 -311956 384.433 163450 72.323 72.323 36.083 120
7500 238.098 -311957 -259.082 163471 72.3261 72.3261 36.0845 120
7600 237.074 -311960 -377.266 163496 72.3298 72.3298 36.0863 120
7700 238.978 -311965 -610.458 163520 72.3333 72.3333 36.0881 120
7800 241.067 -311963 348.159 163507 72.3313 72.3313 36.0871 120
7900 239.806 -311955 501.032 163473 72.3264 72.3264 36.0846 120
8000 241.318 -311956 17.3571 163453 72.3235 72.3235 36.0832 120
8100 240.384 -311958 -126.287 163449 72.3229 72.3229 36.0829 120
8200 240.138 -311965 742.258 163451 72.3231 72.3231 36.083 120
8300 240.311 -311968 1072.98 163460 72.3245 72.3245 36.0837 120
8400 240.385 -311964 -636.9 163486 72.3282 72.3282 36.0856 120
8500 238.85 -311955 -1054.14 163508 72.3315 72.3315 36.0872 120
8600 240.524 -311954 244.23 163499 72.3301 72.3301 36.0865 120
8700 241.426 -311958 -182.88 163484 72.328 72.328 36.0855 120
8800 238.712 -311960 536.42 163461 72.3246 72.3246 36.0838 120
8900 238.127 -311963 251.344 163451 72.3231 72.3231 36.083 120
9000 240.436 -311966 464.82 163451 72.3231 72.3231 36.083 120
9100 239.554 -311958 291.483 163463 72.3249 72.3249 36.0839 120
9200 242.148 -311958 101.966 163500 72.3303 72.3303 36.0866 120
9300 242.211 -311960 212.562 163501 72.3305 72.3305 36.0867 120
9400 240.044 -311962 89.3362 163491 72.329 72.329 36.0859 120
9500 237.937 -311962 -397.856 163491 72.329 72.329 36.086 120
9600 237.195 -311962 -328.791 163489 72.3287 72.3287 36.0858 120
9700 239.345 -311961 -117.132 163476 72.3267 72.3267 36.0848 120
9800 241.813 -311960 354.146 163452 72.3233 72.3233 36.0831 120
9900 242.102 -311958 340.934 163456 72.3238 72.3238 36.0833 120
10000 240.897 -311960 -134.405 163477 72.327 72.327 36.0849 120
10100 237.609 -311961 -330.501 163503 72.3308 72.3308 36.0869 120
10200 238.808 -311965 210.149 163516 72.3326 72.3326 36.0878 120
10300 240.425 -311965 -524.195 163521 72.3335 72.3335 36.0882 120
10400 241.236 -311960 -342.127 163503 72.3308 72.3308 36.0869 120
10500 241.469 -311957 156.594 163481 72.3276 72.3276 36.0853 120
10600 242.152 -311962 1136.04 163471 72.3261 72.3261 36.0845 120
10700 238.971 -311964 -332.703 163483 72.3279 72.3279 36.0854 120
10800 237.57 -311965 -839.197 163489 72.3287 72.3287 36.0858 120
10900 240.034 -311968 472.556 163477 72.327 72.327 36.0849 120
11000 240.922 -311963 204.093 163473 72.3264 72.3264 36.0847 120
11100 242.725 -311961 -255.422 163469 72.3258 72.3258 36.0843 120
11200 239.803 -311957 481.016 163465 72.3251 72.3251 36.084 120
11300 240.109 -311963 -324.874 163477 72.327 72.327 36.0849 120
11400 239.507 -311966 -93.0163 163486 72.3283 72.3283 36.0856 120
11500 241.238 -311971 269.645 163486 72.3282 72.3282 36.0856 120
11600 239.523 -311963 -323.691 163498 72.33 72.33 36.0864 120
11700 241.532 -311962 -76.7409 163501 72.3304 72.3304 36.0867 120
11800 243.33 -311963 161.396 163491 72.3291 72.3291 36.086 120
11900 237.673 -311956 530.777 163486 72.3283 72.3283 36.0856 120
12000 239.427 -311966 -351.09 163489 72.3287 72.3287 36.0858 120
12100 238.481 -311967 -44.7255 163488 72.3285 72.3285 36.0857 120
12200 237.979 -311963 -97.8816 163488 72.3285 72.3285 36.0857 120
12300 241.142 -311964 307.276 163488 72.3285 72.3285 36.0857 120
12400 239.683 -311957 -446.406 163490 72.3289 72.3289 36.0859 120
12500 239.999 -311959 223.461 163492 72.3292 72.3292 36.086 120
12600 239.329 -311964 -467.169 163509 72.3317 72.3317 36.0873 120
12700 238.913 -311967 205.512 163512 72.3321 72.3321 36.0875 120
12800 238.027 -311965 -312.666 163503 72.3308 72.3308 36.0868 120
12900 242.595 -311968 -197.727 163480 72.3274 72.3274 36.0852 120
13000 241.32 -311961 1211.46 163464 72.325 72.325 36.0839 120
13100 241.682 -311962 -30.9368 163476 72.3267 72.3267 36.0848 120
13200 239.395 -311963 -324.51 163492 72.3292 72.3292 36.086 120
13300 237.883 -311965 386.008 163502 72.3307 72.3307 36.0868 120
13400 238.42 -311965 -34.7135 163507 72.3313 72.3313 36.0871 120
13500 238.474 -311961 -711.787 163501 72.3305 72.3305 36.0867 120
13600 239.901 -311959 47.4151 163495 72.3296 72.3296 36.0862 120
13700 240.391 -311959 622.533 163502 72.3306 72.3306 36.0867 120
13800 240.423 -311963 -550.016 163534 72.3354 72.3354 36.0891 120
13900 239.092 -311966 -358.521 163532 72.335 72.335 36.0889 120
14000 238.356 -311966 293.013 163495 72.3296 72.3296 36.0863 120
14100 238.503 -311964 605.544 163473 72.3263 72.3263 36.0846 120
14200 239.434 -311961 -352.847 163487 72.3285 72.3285 36.0857 120
14300 240.334 -311960 438.804 163494 72.3295 72.3295 36.0862 120
14400 240.26 -311963 759.88 163510 72.3318 72.3318 36.0874 120
14500 240.528 -311969 -939.4 163526 72.3341 72.3341 36.0885 120
14600 238.497 -311969 89.5617 163504 72.331 72.331 36.0869 120
14700 239.4 -311969 -326.059 163472 72.3262 72.3262 36.0845 120
14800 241.299 -311967 495.121 163450 72.323 72.323 36.0829 120
14900 242.314 -311965 -356.663 163459 72.3243 72.3243 36.0836 120
15000 240.804 -311962 132.003 163484 72.3279 72.3279 36.0854 120
15100 239.766 -311965 -360.199 163518 72.3331 72.3331 36.088 120
15200 238.39 -311968 -559.108 163534 72.3354 72.3354 36.0891 120
15300 239.638 -311970 563.019 163512 72.3321 72.3321 36.0875 120
15400 240.568 -311967 891.27 163487 72.3285 72.3285 36.0857 120
15500 240.536 -311963 -621.563 163488 72.3286 72.3286 36.0857 120
15600 240.979 -311961 326.59 163486 72.3283 72.3283 36.0856 120
15700 240.539 -311965 240.042 163492 72.3292 72.3292 36.086 120
15800 241.737 -311974 -149.988 163510 72.3318 72.3318 36.0874 120
15900 237.973 -311968 -1079.07 163518 72.3329 72.3329 36.0879 120
16000 240.869 -311970 -337.392 163502 72.3306 72.3306 36.0868 120
16100 239.724 -311962 712.221 163475 72.3266 72.3266 36.0848 120
16200 241.996 -311964 53.012 163473 72.3264 72.3264 36.0847 120
16300 240.855 -311964 975.12 163492 72.3291 72.3291 36.086 120
16400 241.048 -311970 456.939 163522 72.3336 72.3336 36.0882 120
16500 237.818 -311968 -1065.22 163545 72.337 72.337 36.09 120
16600 237.279 -311965 -988.776 163548 72.3375 72.3375 36.0902 120
16700 240.656 -311966 -953.574 163524 72.3339 72.3339 36.0884 120
16800 242.29 -311964 -359.173 163483 72.3279 72.3279 36.0854 120
16900 240.33 -311962 1398.07 163455 72.3237 72.3237 36.0833 120
17000 241.825 -311971 -296.109 163467 72.3255 72.3255 36.0842 120
17100 239.235 -311971 141.136 163482 72.3276 72.3276 36.0853 120
17200 238.675 -311970 113.771 163502 72.3306 72.3306 36.0867 120
17300 239.074 -311965 -176.109 163519 72.3332 72.3332 36.088 120
17400 239.268 -311960 -688.229 163534 72.3353 72.3353 36.0891 120
17500 242.205 -311964 -85.3909 163520 72.3333 72.3333 36.0881 120
17600 239.421 -311962 146.49 163506 72.3312 72.3312 36.087 120
17700 237.817 -311966 349.573 163503 72.3308 72.3308 36.0868 120
17800 238.798 -311971 -289.201 163500 72.3303 72.3303 36.0866 120
17900 238.816 -311968 -125.686 163490 72.3288 72.3288 36.0859 120
18000 242.632 -311968 925.049 163484 72.328 72.328 36.0855 120
18100 241.97 -311963 277.282 163499 72.3301 72.3301 36.0865 120
18200 241.316 -311964 660.868 163523 72.3337 72.3337 36.0883 120
18300 238.468 -311965 -768.347 163552 72.338 72.338 36.0904 120
18400 238.087 -311969 -416.119 163542 72.3365 72.3365 36.0897 120
18500 240.189 -311972 -81.8657 163513 72.3323 72.3323 36.0876 120
18600 238.829 -311963 153.198 163476 72.3267 72.3267 36.0848 120
18700 242.287 -311965 266.859 163457 72.3241 72.3241 36.0835 120
18800 240.623 -311962 523.354 163473 72.3264 72.3264 36.0847 120
18900 239.502 -311966 17.5491 163509 72.3317 72.3317 36.0873 120
19000 239.916 -311972 -326.184 163531 72.3348 72.3348 36.0889 120
19100 240.25 -311973 -596.423 163541 72.3364 72.3364 36.0897 120
19200 239.596 -311967 258.468 163544 72.3369 72.3369 36.0899 120
19300 242.028 -311965 -594.162 163544 72.3368 72.3368 36.0899 120
19400 241.469 -311964 -13.8535 163539 72.3361 72.3361 36.0895 120
19500 238.419 -311962 -475.629 163532 72.335 72.335 36.0889 120
19600 239.668 -311970 204.984 163528 72.3345 72.3345 36.0887 120
19700 239.34 -311972 -15.7208 163525 72.334 72.334 36.0884 120
19800 239.152 -311967 -424.643 163533 72.3353 72.3353 36.0891 120
19900 239.878 -311964 -372.682 163539 72.3361 72.3361 36.0895 120
20000 243.671 -311967 375.03 163532 72.3351 72.3351 36.089 120
20100 240.626 -311965 -839.33 163540 72.3362 72.3362 36.0895 120
20200 238.652 -311967 -499.6 163527 72.3344 72.3344 36.0886 120
20300 239.962 -311974 35.6569 163519 72.3331 72.3331 36.088 120
20400 238.671 -311969 56.165 163510 72.3318 72.3318 36.0873 120
20500 240.088 -311965 79.1406 163509 72.3317 72.3317 36.0873 120
20600 241.907 -311964 -485.459 163516 72.3327 72.3327 36.0878 120
20700 240.956 -311963 93.759 163522 72.3336 72.3336 36.0882 120
20800 239.987 -311968 -551.502 163538 72.3359 72.3359 36.0894 120
20900 236.315 -311966 60.5687 163542 72.3365 72.3365 36.0897 120
21000 237.155 -311968 220.627 163545 72.337 72.337 36.0899 120
21100 238.208 -311964 -44.6709 163557 72.3388 72.3388 36.0908 120
21200 241.283 -311964 -110.714 163562 72.3395 72.3395 36.0912 120
21300 243.012 -311966 -19.02 163547 72.3372 72.3372 36.0901 120
21400 240.955 -311968 606.546 163502 72.3307 72.3307 36.0868 120
21500 237.141 -311968 -173.102 163488 72.3285 72.3285 36.0857 120
21600 237.818 -311971 -279.1 163492 72.3292 72.3292 36.0861 120
21700 239.801 -311970 56.17 163506 72.3312 72.3312 36.0871 120
21800 240.803 -311964 605.61 163528 72.3345 72.3345 36.0887 120
21900 241.435 -311964 -765.167 163570 72.3406 72.3406 36.0918 120
22000 239.455 -311964 -1351.72 163590 72.3436 72.3436 36.0932 120
22100 237.984 -311967 -1356.9 163552 72.3379 72.3379 36.0904 120
22200 236.361 -311968 553.828 163486 72.3283 72.3283 36.0856 120
22300 237.985 -311969 1343.04 163445 72.3222 72.3222 36.0826 120
22400 238.997 -311964 156.782 163456 72.3238 72.3238 36.0834 120
22500 241.476 -311965 269.081 163491 72.3289 72.3289 36.0859 120
22600 240.495 -311964 -367.957 163529 72.3347 72.3347 36.0888 120
22700 240.185 -311970 113.622 163552 72.3381 72.3381 36.0905 120
22800 237.604 -311970 -1000.93 163568 72.3404 72.3404 36.0916 120
22900 237.904 -311970 -627.968 163548 72.3374 72.3374 36.0902 120
23000 239.099 -311966 76.5525 163505 72.3311 72.3311 36.087 120
23100 242.355 -311967 942.876 163478 72.3271 72.3271 36.085 120
23200 240.836 -311966 354.98 163484 72.328 72.328 36.0854 120
23300 241.078 -311972 435.123 163510 72.3317 72.3317 36.0873 120
23400 236.47 -311969 -296.18 163550 72.3377 72.3377 36.0903 120
23500 239.078 -311974 164.381 163580 72.3422 72.3422 36.0925 120
23600 241.221 -311972 -573.65 163608 72.3462 72.3462 36.0946 120
23700 240.54 -311965 -610.751 163604 72.3457 72.3457 36.0943 120
23800 240.425 -311964 224.832 163564 72.3398 72.3398 36.0913 120
23900 240.594 -311969 -165.509 163525 72.334 72.334 36.0884 120
24000 240.257 -311976 -672.597 163506 72.3312 72.3312 36.087 120
24100 239.265 -311976 207.736 163502 72.3307 72.3307 36.0868 120
24200 238.98 -311971 600.64 163506 72.3313 72.3313 36.0871 120
24300 241.689 -311970 -487.064 163545 72.3369 72.3369 36.0899 120
24400 239.935 -311963 -541.026 163595 72.3443 72.3443 36.0936 120
24500 240.471 -311967 270.756 163604 72.3457 72.3457 36.0943 120
24600 240.587 -311974 -360.966 163571 72.3408 72.3408 36.0918 120
24700 236.573 -311970 1190.56 163514 72.3324 72.3324 36.0876 120
24800 242.53 -311979 616.217 163492 72.3292 72.3292 36.0861 120
24900 241.055 -311972 8.58431 163498 72.33 72.33 36.0865 120
25000 239.59 -311965 297.599 163520 72.3334 72.3334 36.0881 120
25100 241.745 -311970 -542.075 163562 72.3395 72.3395 36.0912 120
25200 240.657 -311972 -481.21 163600 72.3451 72.3451 36.094 120
25300 238.024 -311972 -1116.87 163598 72.3447 72.3448 36.0938 120
25400 239.631 -311974 671.432 163550 72.3377 72.3377 36.0903 120
25500 239.841 -311971 -11.7412 163499 72.3301 72.3301 36.0865 120
25600 240.618 -311968 940.703 163469 72.3257 72.3257 36.0843 120
25700 239.765 -311966 -52.1604 163473 72.3263 72.3263 36.0846 120
25800 240.523 -311972 256.911 163496 72.3298 72.3298 36.0864 120
25900 238.409 -311972 188.44 163538 72.3359 72.3359 36.0894 120
26000 238.586 -311973 43.3437 163584 72.3427 72.3427 36.0928 120
26100 239.046 -311969 -1150.36 163610 72.3465 72.3465 36.0947 120
26200 241.658 -311970 -752.262 163599 72.345 72.345 36.0939 120
26300 241.366 -311969 -489.927 163566 72.3401 72.3401 36.0915 120
26400 242.639 -311974 420.696 163521 72.3334 72.3334 36.0882 120
26500 240.769 -311976 362.379 163492 72.3291 72.3291 36.086 120
26600 241.085 -311979 133.164 163503 72.3308 72.3308 36.0869 120
26700 241.995 -311977 1206.26 163525 72.334 72.334 36.0884 120
26800 240.851 -311969 -711.577 163563 72.3396 72.3396 36.0913 120
26900 241.366 -311967 -180.021 163593 72.3441 72.3441 36.0935 120
27000 241.02 -311970 -360.401 163608 72.3463 72.3463 36.0946 120
27100 242.922 -311978 -530.218 163598 72.3448 72.3448 36.0938 120
27200 238.352 -311973 -777.187 163555 72.3384 72.3384 36.0906 120
27300 237.049 -311969 1039.53 163492 72.3291 72.3291 36.086 120
27400 240.733 -311972 -68.0875 163470 72.3259 72.3259 36.0844 120
27500 241.249 -311969 290.51 163490 72.3288 72.3288 36.0858 120
27600 242.451 -311972 204.627 163540 72.3363 72.3363 36.0896 120
27700 240.826 -311973 -152.348 163576 72.3416 72.3416 36.0922 120
27800 238.9 -311973 540.253 163576 72.3416 72.3416 36.0922 120
27900 240.234 -311975 -177.33 163571 72.3408 72.3408 36.0919 120
28000 240.933 -311972 -453.567 163551 72.3378 72.3378 36.0904 120
28100 243.05 -311973 139.464 163521 72.3335 72.3335 36.0882 120
28200 242.086 -311970 746.968 163488 72.3285 72.3285 36.0857 120
28300 239.332 -311969 558.425 163501 72.3305 72.3305 36.0867 120
28400 239.095 -311973 -689.167 163542 72.3365 72.3365 36.0897 120
28500 239.257 -311975 398.862 163567 72.3403 72.3403 36.0916 120
28600 239.464 -311972 -463.1 163593 72.3441 72.3441 36.0935 120
28700 240.665 -311970 -354.858 163595 72.3444 72.3444 36.0936 120
28800 241.083 -311967 -260.028 163575 72.3414 72.3414 36.0921 120
28900 243.283 -311974 -382.264 163538 72.336 72.336 36.0894 120
29000 237.007 -311968 -0.563386 163516 72.3327 72.3327 36.0878 120
29100 238.574 -311975 382.648 163509 72.3317 72.3317 36.0873 120
29200 238.174 -311973 400.214 163522 72.3336 72.3336 36.0882 120
29300 240.038 -311971 253.827 163547 72.3372 72.3372 36.0901 120
29400 241.324 -311970 -210.528 163562 72.3394 72.3394 36.0912 120
29500 240.536 -311968 -104.04 163577 72.3418 72.3418 36.0923 120
29600 240.349 -311971 -705.695 163594 72.3443 72.3443 36.0936 120
29700 240.322 -311975 -579.239 163586 72.3431 72.3431 36.093 120
29800 239.268 -311976 -478.956 163558 72.3389 72.3389 36.0909 120
29900 241.093 -311976 233.321 163510 72.3318 72.3318 36.0874 120
30000 239.32 -311968 921.656 163479 72.3272 72.3272 36.0851 120
30100 240.701 -311969 456.592 163501 72.3305 72.3305 36.0867 120
30200 241.293 -311971 371.577 163546 72.3371 72.3371 36.09 120
30300 242.943 -311979 -1073.1 163589 72.3434 72.3434 36.0931 120
30400 237.982 -311972 30.5257 163602 72.3454 72.3454 36.0941 120
30500 238.786 -311972 -973.471 163592 72.3439 72.3439 36.0934 120
30600 237.645 -311966 8.11937 163562 72.3394 72.3394 36.0912 120
30700 242.589 -311973 -474.121 163524 72.3338 72.3338 36.0884 120
30800 241.37 -311972 1419.54 163491 72.3291 72.3291 36.086 120
30900 239 -311972 1183.7 163499 72.3303 72.3303 36.0866 120
31000 239.285 -311975 -585.082 163534 72.3354 72.3354 36.0891 120
31100 238.269 -311973 -300.235 163572 72.3409 72.3409 36.0919 120
31200 240.613 -311974 -964.07 163604 72.3456 72.3456 36.0942 120
31300 239.275 -311967 -722.283 163593 72.344 72.344 36.0934 120
31400 241.132 -311970 -287.849 163556 72.3386 72.3386 36.0907 120
31500 239.19 -311970 -204.085 163530 72.3347 72.3347 36.0888 120
31600 237.909 -311973 648.32 163509 72.3317 72.3317 36.0873 120
31700 237.63 -311974 563.434 163516 72.3327 72.3327 36.0878 120
31800 239.289 -311972 -59.4501 163546 72.3371 72.3371 36.09 120
31900 238.522 -311964 306.176 163577 72.3417 72.3417 36.0923 120
32000 241.076 -311969 -648.339 163605 72.3458 72.3458 36.0943 120
32100 239.909 -311970 -419.586 163607 72.3461 72.3461 36.0945 120
32200 240.258 -311973 272.824 163583 72.3426 72.3426 36.0927 120
32300 239.072 -311972 259.919 163537 72.3358 72.3358 36.0893 120
32400 239.842 -311975 -40.054 163511 72.3319 72.3319 36.0874 120
32500 239.641 -311980 472.669 163502 72.3306 72.3306 36.0868 120
32600 236.613 -311976 -358.175 163514 72.3323 72.3323 36.0876 120
32700 240.485 -311977 516.443 163529 72.3346 72.3346 36.0887 120
32800 242.454 -311976 921.002 163555 72.3384 72.3384 36.0906 120
32900 241.673 -311974 -464.949 163583 72.3425 72.3425 36.0927 120
33000 239.651 -311973 -661.785 163585 72.3428 72.3428 36.0928 120
33100 239.282 -311979 273.621 163573 72.3411 72.3411 36.092 120
33200 237.115 -311978 -682.16 163559 72.339 72.339 36.0909 120
33300 240.531 -311975 430.849 163527 72.3344 72.3344 36.0886 120
33400 240.711 -311972 441.692 163517 72.3329 72.3329 36.0879 120
33500 241.31 -311974 -55.204 163534 72.3353 72.3353 36.0891 120
33600 237.581 -311970 476.256 163564 72.3398 72.3398 36.0914 120
33700 240.667 -311979 14.8226 163574 72.3413 72.3413 36.0921 120
33800 236.264 -311972 -564.71 163576 72.3416 72.3416 36.0922 120
33900 240.441 -311974 -61.521 163561 72.3393 72.3393 36.0911 120
34000 241.953 -311972 -569.068 163537 72.3358 72.3358 36.0893 120
34100 240.63 -311970 615.88 163499 72.3302 72.3302 36.0865 120
34200 237.977 -311971 897.994 163483 72.3279 72.3279 36.0854 120
34300 236.52 -311972 -224.025 163510 72.3318 72.3318 36.0874 120
34400 238.953 -311976 498.663 163547 72.3373 72.3373 36.0901 120
34500 239.805 -311973 -86.0581 163590 72.3436 72.3436 36.0932 120
34600 240.071 -311970 -1485.45 163611 72.3467 72.3467 36.0948 120
34700 242.775 -311975 349.871 163585 72.3428 72.3428 36.0928 120
34800 243.014 -311981 6.49058 163554 72.3383 72.3383 36.0906 120
34900 236.928 -311975 378.123 163525 72.334 72.334 36.0885 120
35000 239.936 -311978 -379.399 163510 72.3317 72.3317 36.0873 120
35100 240.285 -311973 776.73 163503 72.3307 72.3307 36.0868 120
35200 242.537 -311974 923.003 163525 72.334 72.334 36.0884 120
35300 242.245 -311976 -355.611 163566 72.3401 72.3401 36.0915 120
35400 239.75 -311974 -453.047 163598 72.3448 72.3448 36.0938 120
35500 237.345 -311974 -914.542 163611 72.3468 72.3468 36.0948 120
35600 235.913 -311979 -675.417 163585 72.3428 72.3428 36.0929 120
35700 237.916 -311978 447.098 163525 72.334 72.334 36.0885 120
35800 238.72 -311975 458.472 163478 72.3271 72.3271 36.085 120
35900 240.592 -311975 579.504 163466 72.3253 72.3253 36.0841 120
36000 239.175 -311969 683.384 163497 72.3299 72.3299 36.0864 120
36100 240.743 -311971 -145.584 163564 72.3398 72.3398 36.0913 120
36200 238.04 -311972 -867.764 163609 72.3465 72.3465 36.0947 120
36300 238.176 -311976 -473.116 163613 72.347 72.347 36.0949 120
36400 236.444 -311972 -947.262 163587 72.3432 72.3432 36.093 120
36500 240.993 -311973 303.43 163530 72.3347 72.3347 36.0888 120
36600 241.286 -311973 429.979 163476 72.3268 72.3268 36.0849 120
36700 240.142 -311974 158.555 163473 72.3263 72.3263 36.0846 120
36800 239.269 -311975 -86.605 163509 72.3316 72.3316 36.0873 120
36900 237.685 -311976 28.825 163562 72.3394 72.3394 36.0912 120
37000 236.293 -311977 -1293.41 163609 72.3464 72.3464 36.0946 120
37100 237.875 -311974 5.91962 163605 72.3458 72.3458 36.0943 120
37200 241.536 -311975 -320.37 163565 72.3399 72.3399 36.0914 120
37300 241.036 -311973 985.191 163508 72.3316 72.3316 36.0872 120
37400 240.62 -311974 1180.96 163478 72.3271 72.3271 36.085 120
37500 239.43 -311977 506.037 163501 72.3305 72.3305 36.0867 120
37600 237.68 -311977 363.598 163545 72.337 72.337 36.09 120
37700 239.749 -311972 -62.681 163585 72.3429 72.3429 36.0929 120
37800 240.89 -311970 -732.701 163597 72.3447 72.3447 36.0938 120
37900 239.198 -311970 -400.827 163577 72.3417 72.3417 36.0923 120
38000 240.26 -311977 -906.646 163549 72.3375 72.3375 36.0902 120
38100 237.604 -311975 452.176 163502 72.3306 72.3306 36.0868 120
38200 239.985 -311976 269.923 163483 72.3278 72.3278 36.0853 120
38300 240.96 -311968 179.845 163500 72.3303 72.3303 36.0866 120
38400 239.908 -311967 1036.11 163536 72.3356 72.3356 36.0892 120
38500 240.032 -311973 -1400.41 163585 72.3428 72.3428 36.0928 120
38600 238.127 -311973 -1064 163585 72.3429 72.3429 36.0929 120
38700 240.57 -311977 189.3 163547 72.3373 72.3373 36.0901 120
38800 240.013 -311972 432.508 163518 72.3329 72.3329 36.0879 120
38900 241.989 -311968 -0.722965 163518 72.3329 72.3329 36.0879 120
39000 238.69 -311965 195.953 163535 72.3355 72.3355 36.0892 120
39100 240.655 -311973 859.995 163565 72.3399 72.3399 36.0914 120
39200 240.784 -311976 -379.782 163596 72.3445 72.3445 36.0937 120
39300 239.206 -311974 -7.58855 163583 72.3426 72.3426 36.0927 120
39400 240.803 -311976 62.3208 163546 72.3371 72.3371 36.09 120
39500 244.309 -311974 -32.6888 163529 72.3346 72.3346 36.0887 120
39600 242.197 -311971 621.521 163536 72.3357 72.3357 36.0893 120
39700 239.532 -311971 -2.51404 163572 72.3409 72.3409 36.0919 120
39800 239.778 -311975 523.195 163603 72.3456 72.3456 36.0942 120
39900 239.995 -311975 -465.709 163623 72.3485 72.3485 36.0957 120
40000 239.536 -311974 -118.17 163609 72.3464 72.3464 36.0946 120
40100 241.47 -311973 -88.6477 163554 72.3383 72.3383 36.0906 120
40200 242.857 -311972 851.219 163510 72.3318 72.3318 36.0873 120
40300 239.639 -311970 -354.315 163511 72.3319 72.3319 36.0874 120
40400 239.328 -311976 725.21 163530 72.3347 72.3347 36.0888 120
40500 237.964 -311973 352.009 163567 72.3403 72.3403 36.0916 120
40600 238.763 -311972 -685.122 163611 72.3467 72.3467 36.0948 120
40700 240.866 -311971 -125.926 163617 72.3476 72.3476 36.0952 120
40800 242.75 -311971 -16.4493 163616 72.3475 72.3475 36.0952 120
40900 242.736 -311972 -147.463 163595 72.3444 72.3444 36.0936 120
41000 239.823 -311974 52.8305 163553 72.3381 72.3381 36.0905 120
41100 241.094 -311980 324.015 163524 72.3339 72.3339 36.0884 120
41200 238.269 -311975 412.4 163533 72.3352 72.3352 36.0891 120
41300 240.198 -311973 289 163557 72.3388 72.3388 36.0908 120
41400 243.751 -311976 335.345 163571 72.3408 72.3408 36.0918 120
41500 240.754 -311971 -399.443 163592 72.3439 72.3439 36.0934 120
41600 239.706 -311972 -676.299 163607 72.3461 72.3461 36.0945 120
41700 237.341 -311969 809.183 163598 72.3448 72.3448 36.0938 120
41800 239.201 -311974 -226.175 163584 72.3427 72.3427 36.0928 120
41900 237.628 -311974 -193.047 163563 72.3397 72.3397 36.0913 120
42000 238.901 -311977 322.431 163530 72.3347 72.3347 36.0888 120
42100 238.352 -311973 1124.95 163525 72.334 72.334 36.0885 120
42200 238.976 -311969 -4.28907 163576 72.3415 72.3415 36.0922 120
42300 240.737 -311971 -281.557 163640 72.351 72.351 36.0969 120
42400 238.02 -311972 -573.994 163664 72.3545 72.3545 36.0987 120
42500 240.184 -311981 -79.6955 163639 72.3508 72.3508 36.0968 120
42600 239.403 -311977 -517.294 163581 72.3422 72.3422 36.0925 120
42700 238.375 -311973 380.434 163521 72.3334 72.3334 36.0881 120
42800 239.311 -311972 816.293 163489 72.3287 72.3287 36.0858 120
42900 240.832 -311975 966.279 163503 72.3308 72.3308 36.0869 120
43000 239.797 -311974 679.687 163563 72.3397 72.3397 36.0913 120
43100 240.304 -311974 -852.302 163644 72.3516 72.3516 36.0972 120
43200 240.681 -311975 -1089.62 163682 72.3572 72.3572 36.1 120
43300 239.69 -311975 -669.375 163672 72.3557 72.3557 36.0993 120
43400 239.591 -311975 -372.181 163617 72.3476 72.3476 36.0952 120
43500 239.92 -311976 497.351 163540 72.3362 72.3362 36.0896 120
43600 241.073 -311978 353.563 163500 72.3303 72.3303 36.0866 120
43700 243.003 -311979 542.228 163513 72.3322 72.3322 36.0876 120
43800 239.832 -311971 365.929 163563 72.3397 72.3397 36.0913 120
43900 240.851 -311973 -404.006 163628 72.3491 72.3491 36.096 120
44000 239.813 -311975 -1463.9 163673 72.3559 72.3559 36.0994 120
44100 238.603 -311977 109.536 163652 72.3528 72.3528 36.0978 120
44200 238.179 -311976 88.6818 163603 72.3455 72.3455 36.0942 120
44300 241.255 -311974 699.847 163539 72.3361 72.3361 36.0895 120
44400 241.52 -311973 628.92 163509 72.3317 72.3317 36.0873 120
44500 240.397 -311974 405.505 163520 72.3333 72.3333 36.0881 120
44600 239.245 -311976 -399.301 163547 72.3373 72.3373 36.0901 120
44700 238.812 -311977 -317.808 163575 72.3414 72.3414 36.0921 120
44800 239.718 -311976 850.173 163602 72.3454 72.3454 36.0941 120
44900 241.863 -311972 -636.732 163630 72.3496 72.3496 36.0962 120
45000 240.343 -311970 -809.261 163635 72.3502 72.3502 36.0965 120
45100 239.005 -311973 -501.371 163619 72.3479 72.3479 36.0954 120
45200 239.131 -311977 -103.411 163577 72.3417 72.3417 36.0923 120
45300 240.229 -311979 687.677 163526 72.3342 72.3342 36.0885 120
45400 241.335 -311975 414.441 163507 72.3313 72.3313 36.0871 120
45500 245.044 -311974 -70.459 163530 72.3348 72.3348 36.0888 120
45600 242.797 -311972 -262.015 163589 72.3435 72.3435 36.0932 120
45700 238.286 -311968 -414.229 163650 72.3524 72.3524 36.0976 120
45800 241.005 -311977 -322.74 163669 72.3552 72.3552 36.099 120
45900 238.566 -311974 -861.776 163643 72.3514 72.3514 36.0971 120
46000 239.03 -311974 425.373 163579 72.3419 72.3419 36.0924 120
46100 241.319 -311971 336.109 163524 72.3339 72.3339 36.0884 120
46200 241.324 -311970 324.553 163494 72.3294 72.3294 36.0862 120
46300 241.252 -311975 1033.56 163505 72.331 72.331 36.087 120
46400 239.317 -311975 -446.893 163565 72.3399 72.3399 36.0914 120
46500 239.876 -311976 -164.731 163621 72.3481 72.3481 36.0955 120
46600 238.67 -311972 -965.058 163651 72.3526 72.3526 36.0977 120
46700 242.726 -311975 664.628 163638 72.3506 72.3506 36.0967 120
46800 242.762 -311970 -464.663 163616 72.3475 72.3475 36.0952 120
46900 240.231 -311971 744.202 163576 72.3416 72.3416 36.0922 120
47000 239.994 -311977 -38.33 163535 72.3354 72.3354 36.0892 120
47100 239.223 -311976 360.341 163516 72.3328 72.3328 36.0878 120
47200 239.646 -311976 1007.34 163543 72.3366 72.3366 36.0897 120
47300 242.602 -311977 -221.429 163607 72.3461 72.3461 36.0945 120
47400 242.021 -311972 -1012.98 163650 72.3524 72.3524 36.0976 120
47500 243.347 -311973 48.5366 163636 72.3503 72.3503 36.0966 120
47600 240.028 -311975 -450.808 163608 72.3463 72.3463 36.0946 120
47700 239.228 -311978 204.729 163561 72.3394 72.3394 36.0911 120
47800 239.158 -311977 657.217 163526 72.3342 72.3342 36.0885 120
47900 241.727 -311977 1306.09 163533 72.3352 72.3352 36.089 120
48000 240.624 -311970 24.1388 163578 72.3418 72.3418 36.0924 120
48100 240.561 -311970 -342.265 163624 72.3486 72.3486 36.0957 120
48200 238.694 -311976 -160.083 163645 72.3517 72.3517 36.0973 120
48300 240.375 -311980 -235.417 163632 72.3498 72.3498 36.0963 120
48400 239.328 -311975 -680.139 163604 72.3457 72.3457 36.0943 120
48500 239.822 -311971 565.525 163568 72.3404 72.3404 36.0916 120
48600 243.717 -311978 -444.727 163560 72.3392 72.3392 36.0911 120
48700 241.978 -311982 578.406 163561 72.3394 72.3394 36.0911 120
48800 239.562 -311982 -314.07 163571 72.3408 72.3408 36.0919 120
48900 237.817 -311976 365.364 163576 72.3416 72.3416 36.0922 120
49000 240.199 -311975 -308.467 163602 72.3453 72.3453 36.0941 120
49100 241.159 -311975 -203.44 163619 72.3479 72.3479 36.0954 120
49200 242.326 -311979 -173.339 163624 72.3487 72.3487 36.0958 120
49300 238.487 -311977 -499.89 163609 72.3464 72.3464 36.0946 120
49400 236.386 -311982 297.267 163584 72.3428 72.3428 36.0928 120
49500 237.385 -311982 -358.096 163591 72.3437 72.3437 36.0933 120
49600 238.798 -311980 281.261 163571 72.3408 72.3408 36.0918 120
49700 238.357 -311975 389.831 163556 72.3385 72.3385 36.0907 120
49800 240.058 -311975 -601.623 163575 72.3414 72.3414 36.0921 120
49900 241.163 -311978 -206.729 163608 72.3463 72.3463 36.0946 120
50000 237.988 -311977 -414.052 163657 72.3534 72.3534 36.0981 120
50100 236.977 -311979 -745.374 163688 72.3581 72.3581 36.1005 120
50200 240.507 -311982 -689.019 163684 72.3574 72.3574 36.1001 120
50300 241.471 -311979 -476.74 163646 72.3519 72.3519 36.0974 120
50400 239.841 -311975 155.589 163581 72.3423 72.3423 36.0926 120
50500 241.511 -311980 1191.03 163514 72.3324 72.3325 36.0877 120
50600 238.635 -311978 1530.53 163517 72.3328 72.3328 36.0878 120
50700 237.51 -311980 303.893 163592 72.3439 72.3439 36.0934 120
50800 235.842 -311982 -374.763 163680 72.3568 72.3568 36.0998 120
50900 239.447 -311981 -986.617 163722 72.3631 72.3631 36.103 120
51000 238.235 -311974 -842.104 163709 72.3611 72.3611 36.102 120
51100 242.587 -311980 -46.185 163650 72.3525 72.3525 36.0977 120
51200 240.452 -311977 464.711 163572 72.3409 72.3409 36.0919 120
51300 240.742 -311982 637.101 163514 72.3324 72.3324 36.0877 120
51400 235.789 -311978 853.429 163510 72.3318 72.3318 36.0873 120
51500 239.936 -311984 -491 163566 72.3401 72.3401 36.0915 120
51600 240.86 -311976 -493.773 163649 72.3522 72.3523 36.0975 120
51700 241.925 -311977 -864.59 163716 72.3621 72.3621 36.1025 120
51800 240.862 -311978 -726.66 163726 72.3636 72.3636 36.1032 120
51900 238.054 -311978 -586.562 163688 72.358 72.358 36.1004 120
52000 235.852 -311976 707.73 163613 72.347 72.347 36.0949 120
52100 236.884 -311977 1517.6 163544 72.3368 72.3368 36.0899 120
52200 239.986 -311975 1388.83 163538 72.3359 72.3359 36.0894 120
52300 242.941 -311979 107.639 163583 72.3426 72.3426 36.0927 120
52400 238.406 -311972 -252.313 163650 72.3525 72.3525 36.0977 120
52500 239.823 -311981 -922.488 163710 72.3614 72.3614 36.1021 120
52600 237.572 -311977 -504.671 163716 72.3622 72.3622 36.1025 120
52700 239.731 -311979 -1057.32 163672 72.3557 72.3557 36.0993 120
52800 239.767 -311979 -458 163607 72.3462 72.3462 36.0945 120
52900 239.843 -311977 1846.94 163547 72.3373 72.3373 36.0901 120
53000 242.008 -311981 947.383 163549 72.3376 72.3376 36.0902 120
53100 240.193 -311977 126.881 163599 72.3449 72.3449 36.0939 120
53200 238.335 -311975 -972.665 163659 72.3538 72.3538 36.0983 120
53300 240.923 -311982 -365.483 163694 72.359 72.359 36.1009 120
53400 237.945 -311978 -27.8402 163690 72.3583 72.3583 36.1006 120
53500 240.988 -311981 -959.224 163661 72.3541 72.3541 36.0985 120
53600 240.469 -311974 -24.6196 163618 72.3478 72.3478 36.0953 120
53700 241.727 -311975 416.071 163587 72.3431 72.3431 36.093 120
53800 240.539 -311979 834.211 163586 72.343 72.343 36.0929 120
53900 240.792 -311983 124.561 163606 72.3459 72.3459 36.0944 120
54000 240.395 -311980 11.3259 163639 72.3508 72.3508 36.0968 120
54100 239.961 -311977 -1228.95 163678 72.3565 72.3565 36.0997 120
54200 240.988 -311975 -353.417 163697 72.3593 72.3593 36.1011 120
54300 243.528 -311979 -928.476 163678 72.3566 72.3566 36.0997 120
54400 240.76 -311978 300.855 163621 72.3482 72.3482 36.0955 120
54500 239.529 -311981 851.637 163568 72.3403 72.3403 36.0916 120
54600 240.246 -311983 1284.67 163549 72.3375 72.3375 36.0902 120
54700 241.37 -311981 185.731 163580 72.3421 72.3421 36.0925 120
54800 242.946 -311978 -566.304 163638 72.3506 72.3506 36.0967 120
54900 242.029 -311976 84.5952 163690 72.3584 72.3584 36.1006 120
55000 241.105 -311978 -1279.28 163717 72.3624 72.3624 36.1026 120
55100 238.918 -311975 -802.164 163683 72.3573 72.3573 36.1001 120
55200 240.477 -311980 1414.44 163612 72.3469 72.3469 36.0949 120
55300 237.449 -311979 607.134 163573 72.3412 72.3412 36.092 120
55400 237.614 -311985 443.18 163567 72.3403 72.3403 36.0916 120
55500 236.759 -311980 207.826 163605 72.3458 72.3458 36.0943 120
55600 237.956 -311974 -236.163 163654 72.3531 72.3531 36.098 120
55700 240.592 -311977 -993.952 163699 72.3597 72.3597 36.1013 120
55800 242.546 -311980 -1120.37 163695 72.359 72.359 36.1009 120
55900 238.769 -311976 -403.601 163633 72.3499 72.3499 36.0964 120
56000 235.408 -311976 1694.75 163563 72.3396 72.3396 36.0912 120
56100 238.528 -311983 255.617 163542 72.3365 72.3365 36.0897 120
56200 241.451 -311981 454.076 163567 72.3402 72.3402 36.0916 120
56300 241.434 -311977 1063.23 163623 72.3484 72.3484 36.0957 120
56400 240.988 -311978 -592.933 163697 72.3593 72.3593 36.1011 120
56500 238.848 -311977 -1297.63 163739 72.3655 72.3655 36.1042 120
56600 238.453 -311980 -1025.22 163719 72.3625 72.3625 36.1027 120
56700 238.244 -311977 409.875 163645 72.3518 72.3518 36.0973 120
56800 241.863 -311977 326.128 163575 72.3414 72.3414 36.0922 120
56900 242.375 -311977 1640.12 163537 72.3358 72.3358 36.0893 120
57000 238.646 -311975 1082.18 163561 72.3394 72.3394 36.0911 120
57100 238.042 -311977 461.408 163633 72.3499 72.3499 36.0964 120
57200 238.572 -311978 -1174.29 163708 72.361 72.361 36.1019 120
57300 237.949 -311973 -886.081 163726 72.3637 72.3637 36.1033 120
57400 239.277 -311975 -577.219 163688 72.358 72.358 36.1004 120
57500 241.02 -311978 204.951 163609 72.3464 72.3464 36.0947 120
57600 239.035 -311977 1175.7 163542 72.3365 72.3365 36.0897 120
57700 238.235 -311980 755.724 163539 72.336 72.336 36.0895 120
57800 239.195 -311982 134.678 163601 72.3452 72.3452 36.094 120
57900 238.707 -311975 -240.755 163670 72.3554 72.3554 36.0991 120
58000 243.929 -311980 -452.984 163718 72.3625 72.3625 36.1027 120
58100 242.828 -311979 -1356.37 163734 72.3649 72.3649 36.1038 120
58200 239.255 -311976 -926.702 163685 72.3577 72.3577 36.1003 120
58300 239.229 -311978 -329.754 163594 72.3442 72.3442 36.0936 120
58400 239.588 -311979 1497.79 163523 72.3337 72.3337 36.0883 120
58500 241.703 -311982 1045.81 163513 72.3323 72.3323 36.0876 120
58600 240.765 -311978 521.867 163571 72.3408 72.3408 36.0919 120
58700 239.326 -311971 -183.735 163680 72.3568 72.3568 36.0998 120
58800 243.63 -311977 -1668.32 163770 72.3701 72.3701 36.1065 120
58900 237.979 -311972 -536.189 163762 72.369 72.369 36.1059 120
59000 240.273 -311983 -659.443 163688 72.3581 72.3581 36.1005 120
59100 240.354 -311983 583.653 163585 72.3428 72.3428 36.0928 120
59200 238.438 -311975 788.811 163498 72.3301 72.3301 36.0865 120
59300 241.409 -311974 1497.49 163470 72.3259 72.3259 36.0844 120
59400 240.986 -311974 -12.989 163550 72.3378 72.3378 36.0903 120
59500 238.633 -311972 -517.705 163669 72.3552 72.3552 36.099 120
59600 237.59 -311972 -1863.99 163756 72.3681 72.3681 36.1055 120
59700 239.607 -311980 -1251.5 163765 72.3694 72.3694 36.1061 120
59800 238.568 -311980 -1001.73 163715 72.3621 72.3621 36.1025 120
59900 240.327 -311979 -305.158 163609 72.3465 72.3465 36.0947 120
60000 241.48 -311976 842.645 163498 72.33 72.33 36.0864 120
60100 243.382 -311981 1556.73 163461 72.3246 72.3246 36.0838 120
60200 238.892 -311978 596.256 163513 72.3323 72.3323 36.0876 120
60300 238.287 -311978 -76.1653 163626 72.3489 72.3489 36.0959 120
60400 237.789 -311976 -1031.66 163724 72.3633 72.3633 36.1031 120
60500 239.605 -311975 -423.615 163745 72.3664 72.3664 36.1046 120
60600 241.986 -311978 -155.211 163719 72.3627 72.3627 36.1027 120
60700 243.564 -311976 -180.48 163652 72.3527 72.3527 36.0978 120
60800 243.476 -311975 757.545 163571 72.3408 72.3408 36.0918 120
60900 240.307 -311976 1254.31 163516 72.3327 72.3327 36.0878 120
61000 239.199 -311978 1191.62 163525 72.3341 72.3341 36.0885 120
61100 239.723 -311980 323.722 163603 72.3456 72.3456 36.0942 120
61200 241.508 -311982 -153.635 163681 72.357 72.357 36.0999 120
61300 242.098 -311977 -810.109 163720 72.3628 72.3628 36.1028 120
61400 242.446 -311974 -406.981 163709 72.3612 72.3612 36.102 120
61500 240.254 -311974 22.4651 163670 72.3554 72.3554 36.0991 120
61600 237.221 -311973 -202.524 163626 72.3489 72.3489 36.0959 120
61700 236.872 -311974 667.216 163588 72.3433 72.3433 36.0931 120
61800 241.775 -311981 521.364 163582 72.3424 72.3424 36.0926 120
61900 240.18 -311976 -63.3601 163605 72.3459 72.3459 36.0944 120
62000 241.893 -311977 252.662 163631 72.3497 72.3497 36.0963 120
62100 241.184 -311976 258.113 163647 72.352 72.352 36.0974 120
62200 239.358 -311979 -364.306 163669 72.3553 72.3553 36.0991 120
62300 240.092 -311984 -494.265 163687 72.358 72.358 36.1004 120
62400 239.237 -311982 -304.063 163669 72.3553 72.3553 36.099 120
62500 241.835 -311978 293.864 163644 72.3516 72.3516 36.0972 120
62600 241.714 -311976 348.037 163628 72.3492 72.3492 36.096 120
62700 240.093 -311977 119.29 163620 72.3481 72.3481 36.0955 120
62800 239.177 -311979 513.301 163611 72.3467 72.3467 36.0948 120
62900 238.218 -311980 63.6631 163615 72.3473 72.3473 36.0951 120
63000 240.46 -311981 287.948 163634 72.3501 72.3501 36.0965 120
63100 241.604 -311973 -475.852 163664 72.3545 72.3545 36.0987 120
63200 240.517 -311972 199.127 163684 72.3575 72.3575 36.1001 120
63300 238.648 -311975 215.044 163698 72.3595 72.3595 36.1012 120
63400 239.097 -311979 -1013.77 163684 72.3575 72.3575 36.1002 120
63500 238.412 -311977 -308.049 163636 72.3504 72.3504 36.0966 120
63600 238.274 -311975 1141.18 163592 72.3439 72.3439 36.0934 120
63700 240.938 -311973 551.633 163583 72.3426 72.3426 36.0927 120
63800 240.931 -311973 -50.728 163620 72.348 72.348 36.0954 120
63900 239.925 -311978 -568.886 163662 72.3542 72.3542 36.0985 120
64000 238.316 -311978 -688.542 163690 72.3584 72.3584 36.1006 120
64100 241.342 -311983 -405.53 163690 72.3584 72.3584 36.1006 120
64200 240.772 -311980 -401.968 163664 72.3545 72.3545 36.0987 120
64300 241.921 -311978 -438.393 163631 72.3497 72.3497 36.0963 120
64400 244.407 -311981 -239.191 163596 72.3445 72.3445 36.0937 120
64500 241.153 -311979 883.913 163597 72.3446 72.3446 36.0937 120
64600 239.341 -311982 305.96 163627 72.3491 72.3491 36.096 120
64700 237.765 -311979 -233.019 163672 72.3557 72.3557 36.0993 120
64800 239.698 -311978 -238.886 163693 72.3588 72.3588 36.1008 120
64900 242.26 -311979 241.216 163681 72.357 72.357 36.0999 120
65000 243.372 -311981 -774.531 163650 72.3524 72.3524 36.0976 120
65100 239.932 -311977 -383.618 163605 72.3459 72.3459 36.0944 120
65200 238.741 -311976 686.166 163590 72.3436 72.3436 36.0932 120
65300 239.514 -311980 -392.846 163606 72.3459 72.3459 36.0944 120
65400 240.751 -311984 -353.094 163641 72.3511 72.3511 36.097 120
65500 240.052 -311984 -322.799 163685 72.3576 72.3576 36.1002 120
65600 241.318 -311981 -503.185 163697 72.3594 72.3594 36.1011 120
65700 241.04 -311975 -103.999 163669 72.3552 72.3552 36.099 120
65800 240.423 -311976 228.054 163631 72.3497 72.3497 36.0963 120
65900 238.661 -311978 732.365 163595 72.3443 72.3443 36.0936 120
66000 239.16 -311984 841.19 163573 72.3412 72.3412 36.092 120
66100 237.442 -311979 172.525 163589 72.3435 72.3435 36.0932 120
66200 239.447 -311980 -119.417 163635 72.3503 72.3503 36.0966 120
66300 240.134 -311978 -80.7565 163702 72.3601 72.3601 36.1015 120
66400 240.909 -311978 -1449.79 163748 72.3669 72.3669 36.1048 120
66500 240.101 -311975 -1794.57 163723 72.3631 72.3631 36.103 120
66600 238.672 -311976 779.88 163617 72.3476 72.3476 36.0952 120
66700 240.328 -311986 1993.48 163523 72.3337 72.3337 36.0883 120
66800 239.427 -311985 909.369 163514 72.3324 72.3324 36.0877 120
66900 238.709 -311977 668.078 163571 72.3408 72.3408 36.0919 120
67000 244.101 -311983 -26.071 163661 72.3541 72.3541 36.0985 120
67100 240.484 -311977 -677.041 163749 72.367 72.367 36.1049 120
67200 239.738 -311979 -1225.3 163787 72.3726 72.3726 36.1077 120
67300 237.891 -311979 -1784.31 163739 72.3656 72.3656 36.1042 120
67400 238.683 -311980 358.652 163614 72.3472 72.3472 36.095 120
67500 241.673 -311977 1171.22 163511 72.3319 72.3319 36.0874 120
67600 240.681 -311975 1428.59 163483 72.3278 72.3278 36.0853 120
67700 241.221 -311982 862.204 163542 72.3366 72.3366 36.0897 120
67800 240.237 -311983 282.881 163655 72.3531 72.3531 36.098 120
67900 238.739 -311979 -1616.8 163760 72.3686 72.3686 36.1057 120
68000 240.054 -311979 -818.239 163783 72.3721 72.3721 36.1074 120
68100 241.929 -311978 -1225.79 163738 72.3655 72.3655 36.1041 120
68200 241.306 -311969 67.4243 163633 72.3499 72.3499 36.0964 120
68300 240.152 -311971 335.803 163528 72.3344 72.3344 36.0886 120
68400 242.601 -311983 1509.64 163484 72.328 72.328 36.0854 120
68500 241.008 -311983 1281.03 163548 72.3375 72.3375 36.0902 120
68600 238.765 -311981 -218.077 163667 72.3549 72.3549 36.0989 120
68700 238.948 -311980 -607.206 163757 72.3683 72.3683 36.1055 120
68800 242.749 -311980 -1117.44 163780 72.3716 72.3716 36.1072 120
68900 242.097 -311976 -858.139 163731 72.3644 72.3644 36.1036 120
69000 240.567 -311977 10.3804 163633 72.35 72.35 36.0964 120
69100 239.909 -311982 561.371 163539 72.3361 72.3361 36.0895 120
69200 238.928 -311981 1166.57 163504 72.331 72.331 36.0869 120
69300 239.447 -311980 1274.59 163560 72.3392 72.3392 36.0911 120
69400 240.633 -311979 125.026 163665 72.3546 72.3546 36.0987 120
69500 238.763 -311971 -1115.53 163756 72.3681 72.3681 36.1055 120
69600 243.683 -311977 -687.405 163775 72.3709 72.3709 36.1069 120
69700 242.92 -311982 -933.822 163740 72.3658 72.3658 36.1043 120
69800 239.758 -311982 -540.259 163659 72.3538 72.3538 36.0983 120
69900 237.614 -311978 1081.14 163563 72.3396 72.3396 36.0912 120
70000 239.564 -311980 1845.91 163521 72.3334 72.3334 36.0881 120
70100 241.848 -311980 784.193 163562 72.3395 72.3395 36.0912 120
70200 239.935 -311970 56.4469 163655 72.3531 72.3531 36.098 120
70300 240.587 -311976 -1485.65 163748 72.3669 72.3669 36.1049 120
70400 238.331 -311978 -1529.56 163778 72.3713 72.3713 36.1071 120
70500 238.839 -311981 -1450.51 163728 72.3639 72.3639 36.1034 120
70600 239.094 -311978 198.358 163642 72.3513 72.3513 36.0971 120
70700 240.58 -311977 890.753 163569 72.3406 72.3406 36.0917 120
70800 242.767 -311979 1118.44 163540 72.3363 72.3363 36.0896 120
70900 239.71 -311978 746.917 163570 72.3406 72.3406 36.0917 120
71000 239.705 -311984 189.784 163631 72.3497 72.3497 36.0963 120
71100 241.146 -311987 -319.47 163703 72.3603 72.3603 36.1015 120
71200 238.737 -311979 -965.248 163745 72.3665 72.3665 36.1047 120
71300 240.441 -311976 -741.145 163727 72.3639 72.3639 36.1033 120
71400 241.97 -311980 -385.804 163668 72.3551 72.3551 36.099 120
71500 240.86 -311981 129.766 163608 72.3462 72.3462 36.0945 120
71600 240.108 -311981 1632.18 163575 72.3414 72.3414 36.0921 120
71700 240.97 -311985 534.812 163596 72.3444 72.3444 36.0937 120
71800 238.485 -311981 43.5058 163626 72.3489 72.3489 36.0959 120
71900 238.267 -311983 -969.252 163659 72.3537 72.3537 36.0983 120
72000 239.575 -311983 -158.079 163682 72.3572 72.3572 36.1 120
72100 239.575 -311977 -302.672 163682 72.3572 72.3572 36.1 120
72200 243.343 -311982 -648.606 163673 72.3559 72.3559 36.0993 120
72300 239.919 -311980 -118.791 163655 72.3532 72.3532 36.098 120
72400 238.779 -311985 72.0947 163640 72.351 72.351 36.0969 120
72500 239.198 -311985 37.3195 163628 72.3492 72.3492 36.096 120
72600 239.817 -311983 458.176 163623 72.3485 72.3485 36.0957 120
72700 238.772 -311977 -450.489 163627 72.349 72.349 36.0959 120
72800 241.031 -311981 198.155 163632 72.3498 72.3498 36.0963 120
72900 238.869 -311978 -151.073 163652 72.3527 72.3527 36.0978 120
73000 239.803 -311981 -40.8003 163665 72.3547 72.3547 36.0988 120
73100 239.614 -311982 -227.279 163685 72.3575 72.3575 36.1002 120
73200 238.988 -311982 -1070.25 163694 72.3589 72.3589 36.1009 120
73300 238.873 -311985 219.099 163656 72.3534 72.3534 36.0981 120
73400 237.444 -311983 165.12 163622 72.3483 72.3483 36.0956 120
73500 240.749 -311984 216.62 163597 72.3447 72.3447 36.0938 120
73600 239.66 -311977 551.326 163590 72.3436 72.3436 36.0932 120
73700 241.525 -311981 84.3721 163612 72.3469 72.3469 36.0949 120
73800 238.931 -311981 268.329 163653 72.353 72.353 36.0979 120
73900 239.141 -311989 -1259.41 163698 72.3596 72.3596 36.1012 120
74000 236.736 -311985 -914.686 163697 72.3594 72.3594 36.1011 120
74100 241.761 -311985 -341.576 163653 72.3528 72.3528 36.0978 120
74200 241.458 -311980 -158.354 163608 72.3463 72.3463 36.0946 120
74300 240.693 -311980 1130.5 163595 72.3444 72.3444 36.0936 120
74400 240.596 -311985 1218.19 163624 72.3487 72.3487 36.0958 120
74500 237.679 -311982 454.864 163668 72.3552 72.3552 36.099 120
74600 238.993 -311982 -327.029 163701 72.3599 72.3599 36.1014 120
74700 242.725 -311981 -479.401 163707 72.3608 72.3608 36.1018 120
74800 240.82 -311978 -904.826 163680 72.3568 72.3568 36.0998 120
74900 239.949 -311979 686.79 163628 72.3493 72.3493 36.0961 120
75000 240.235 -311984 581.212 163598 72.3448 72.3448 36.0938 120
75100 239.737 -311984 1024.51 163601 72.3452 72.3452 36.0941 120
75200 239.773 -311982 558.094 163633 72.3499 72.3499 36.0964 120
75300 239.823 -311981 -526.708 163669 72.3553 72.3553 36.0991 120
75400 239.919 -311982 -525.554 163692 72.3587 72.3587 36.1008 120
75500 239.56 -311980 -327.766 163675 72.3561 72.3561 36.0995 120
75600 238.453 -311979 -386.64 163640 72.351 72.351 36.0969 120
75700 239.424 -311981 760.561 163612 72.3468 72.3468 36.0948 120
75800 238.683 -311982 169.173 163622 72.3484 72.3484 36.0956 120
75900 237.746 -311982 -415.19 163644 72.3515 72.3515 36.0972 120
76000 239.11 -311983 487.237 163645 72.3518 72.3518 36.0973 120
76100 240.75 -311979 199.207 163649 72.3523 72.3523 36.0976 120
76200 240.385 -311978 -32.2465 163649 72.3523 72.3523 36.0976 120
76300 240.972 -311982 405.061 163648 72.3522 72.3522 36.0975 120
76400 237.47 -311983 -676.752 163649 72.3523 72.3523 36.0976 120
76500 238.307 -311985 -359.578 163627 72.3491 72.3491 36.096 120
76600 240.478 -311985 897.586 163611 72.3468 72.3468 36.0948 120
76700 239.298 -311979 -2.12273 163629 72.3493 72.3493 36.0961 120
76800 241.381 -311980 -125.103 163659 72.3538 72.3538 36.0983 120
76900 239.997 -311979 121.869 163681 72.357 72.357 36.0999 120
77000 237.179 -311982 -787.284 163692 72.3587 72.3587 36.1008 120
77100 239.801 -311987 -394.502 163674 72.356 72.356 36.0994 120
77200 238.5 -311980 260.029 163624 72.3487 72.3487 36.0958 120
77300 240.515 -311980 723.458 163587 72.3432 72.3432 36.093 120
77400 240.136 -311981 -29.3686 163583 72.3426 72.3426 36.0927 120
77500 238.986 -311980 -50.9025 163607 72.3461 72.3461 36.0945 120
77600 239.851 -311984 -223.104 163659 72.3538 72.3538 36.0983 120
77700 235.99 -311983 -1360.93 163706 72.3607 72.3607 36.1018 120
77800 238.425 -311990 33.232 163694 72.359 72.359 36.1009 120
77900 240.503 -311985 -112.448 163661 72.3541 72.3541 36.0985 120
78000 240.813 -311983 993.686 163624 72.3486 72.3486 36.0957 120
78100 239.334 -311979 295.16 163617 72.3476 72.3476 36.0952 120
78200 242.154 -311985 450.34 163622 72.3483 72.3483 36.0956 120
78300 241.064 -311986 -128.189 163626 72.3489 72.3489 36.0959 120
78400 238.102 -311984 183.164 163648 72.3522 72.3522 36.0975 120
78500 237.336 -311983 -1294.8 163672 72.3557 72.3557 36.0993 120
78600 239.222 -311978 242.604 163651 72.3526 72.3526 36.0977 120
78700 241.57 -311980 -133.234 163637 72.3505 72.3505 36.0967 120
78800 238.937 -311979 360.403 163620 72.348 72.348 36.0954 120
78900 238.745 -311983 64.6717 163620 72.348 72.348 36.0954 120
79000 238.482 -311985 540.577 163644 72.3515 72.3515 36.0972 120
79100 240.284 -311981 -491.772 163674 72.3559 72.3559 36.0994 120
79200 242.439 -311979 2.53099 163684 72.3574 72.3574 36.1001 120
79300 242.556 -311983 -424.455 163658 72.3537 72.3537 36.0983 120
79400 240.728 -311985 905.399 163622 72.3483 72.3483 36.0956 120
79500 239.339 -311985 -532.717 163600 72.3451 72.3451 36.094 120
79600 239.002 -311983 864.62 163586 72.3431 72.3431 36.093 120
79700 240.623 -311976 22.3628 163611 72.3467 72.3467 36.0948 120
79800 241.201 -311977 -100.409 163663 72.3544 72.3544 36.0986 120
79900 241.445 -311981 -1098.14 163707 72.3609 72.3609 36.1019 120
80000 239.977 -311981 60.3872 163690 72.3584 72.3584 36.1006 120
80100 241.153 -311985 492.756 163650 72.3524 72.3524 36.0976 120
80200 240.44 -311984 350.531 163610 72.3465 72.3465 36.0947 120
80300 241.31 -311984 909.224 163580 72.3422 72.3422 36.0925 120
80400 240.976 -311979 517.087 163582 72.3425 72.3425 36.0927 120
80500 242.259 -311980 288.99 163628 72.3492 72.3492 36.096 120
80600 242.1 -311986 -875.233 163689 72.3581 72.3581 36.1005 120
80700 239.111 -311984 -1798.03 163719 72.3627 72.3627 36.1028 120
80800 237.838 -311981 -678.944 163694 72.3589 72.3589 36.1009 120
80900 240.792 -311983 -186.256 163638 72.3507 72.3507 36.0968 120
81000 240.308 -311981 1352.02 163578 72.3418 72.3418 36.0923 120
81100 239.966 -311981 1100.89 163561 72.3393 72.3393 36.0911 120
81200 239.747 -311981 752.56 163599 72.345 72.345 36.0939 120
81300 240.768 -311984 -81.3066 163658 72.3537 72.3537 36.0983 120
81400 239.527 -311983 -501.067 163700 72.3598 72.3598 36.1013 120
81500 240.359 -311985 -405.385 163702 72.3601 72.3601 36.1015 120
81600 240.854 -311983 148.308 163664 72.3545 72.3545 36.0987 120
81700 242.332 -311982 209.075 163639 72.3508 72.3508 36.0968 120
81800 242.347 -311982 284.008 163611 72.3466 72.3466 36.0947 120
81900 239.805 -311983 888.422 163598 72.3448 72.3448 36.0939 120
82000 237.43 -311983 326.751 163602 72.3453 72.3453 36.0941 120
82100 238.927 -311983 825.538 163632 72.3498 72.3498 36.0963 120
82200 239.343 -311980 -1645.99 163695 72.3591 72.3591 36.101 120
82300 238.959 -311977 -762.919 163707 72.3608 72.3608 36.1018 120
82400 240.531 -311980 -96.1974 163679 72.3568 72.3568 36.0998 120
82500 240.129 -311982 -49.4013 163636 72.3503 72.3503 36.0966 120
82600 238.885 -311981 757.493 163597 72.3447 72.3447 36.0938 120
82700 239.304 -311984 197.321 163607 72.346 72.346 36.0945 120
82800 236.365 -311983 -317.24 163648 72.3521 72.3521 36.0975 120
82900 237.663 -311985 -515.326 163677 72.3564 72.3564 36.0996 120
83000 237.151 -311977 -97.3971 163671 72.3556 72.3556 36.0992 120
83100 242.421 -311984 -495.202 163637 72.3505 72.3505 36.0967 120
83200 239.877 -311980 -1.97513 163598 72.3447 72.3447 36.0938 120
83300 239.709 -311984 178.819 163580 72.3421 72.3421 36.0925 120
83400 237.995 -311987 122.699 163611 72.3466 72.3466 36.0948 120
83500 236.436 -311983 -347.516 163655 72.3532 72.3532 36.098 120
83600 240.177 -311981 -769.492 163689 72.3582 72.3582 36.1005 120
83700 238.783 -311977 -67.1485 163695 72.3591 72.3591 36.101 120
83800 241.256 -311983 -884.427 163681 72.357 72.357 36.0999 120
83900 238.82 -311982 -224.957 163645 72.3517 72.3517 36.0973 120
84000 238.853 -311985 171.092 163612 72.3468 72.3468 36.0948 120
84100 239.373 -311987 873.409 163607 72.3461 72.3461 36.0945 120
84200 241.322 -311983 771.529 163628 72.3492 72.3492 36.096 120
84300 240.051 -311977 41.5385 163666 72.3548 72.3548 36.0988 120
84400 240.861 -311981 -332.829 163688 72.3581 72.3581 36.1005 120
84500 237.529 -311981 -320.795 163678 72.3566 72.3566 36.0997 120
84600 238.291 -311984 -407.503 163660 72.3539 72.3539 36.0984 120
84700 237.856 -311981 267.876 163642 72.3513 72.3513 36.0971 120
84800 242.56 -311987 226.137 163634 72.3501 72.3501 36.0965 120
84900 239.866 -311980 -622.547 163626 72.3489 72.3489 36.0959 120
85000 240.261 -311980 523.112 163618 72.3477 72.3477 36.0953 120
85100 240.602 -311984 125.127 163624 72.3487 72.3487 36.0958 120
85200 236.333 -311981 -238.12 163641 72.3512 72.3512 36.097 120
85300 239.801 -311986 -169.953 163653 72.3529 72.3529 36.0979 120
85400 238.882 -311979 325.007 163661 72.354 72.354 36.0984 120
85500 243.508 -311984 101.596 163677 72.3565 72.3565 36.0997 120
85600 240.948 -311981 -576.722 163686 72.3578 72.3578 36.1003 120
85700 238.951 -311979 -623.813 163678 72.3566 72.3566 36.0997 120
85800 239.068 -311981 -414.735 163643 72.3514 72.3514 36.0971 120
85900 240.17 -311983 1286.47 163595 72.3444 72.3444 36.0936 120
86000 240.953 -311985 389.891 163580 72.3421 72.3421 36.0925 120
86100 240.57 -311984 1032.32 163589 72.3434 72.3434 36.0931 120
86200 240.558 -311983 -155.741 163623 72.3485 72.3485 36.0957 120
86300 240.003 -311981 -2.55938 163668 72.3551 72.3551 36.099 120
86400 240.377 -311983 49.0136 163704 72.3604 72.3604 36.1016 120
86500 240.267 -311985 -1522.12 163722 72.363 72.363 36.1029 120
86600 239.176 -311985 -567.28 163693 72.3587 72.3587 36.1008 120
86700 238.403 -311982 -351.258 163634 72.3501 72.3501 36.0965 120
86800 240.164 -311980 1057.9 163588 72.3434 72.3434 36.0931 120
86900 239.737 -311976 1305.8 163583 72.3425 72.3425 36.0927 120
87000 239.429 -311979 1049.94 163610 72.3465 72.3465 36.0947 120
87100 237.607 -311981 331.838 163671 72.3555 72.3555 36.0992 120
87200 237.568 -311981 -766.443 163732 72.3645 72.3645 36.1037 120
87300 239.061 -311981 -1535.86 163746 72.3666 72.3666 36.1047 120
87400 242.402 -311983 -544.278 163683 72.3573 72.3573 36.1001 120
87500 241.683 -311982 307.819 163604 72.3457 72.3457 36.0943 120
87600 239.868 -311987 926.74 163550 72.3377 72.3377 36.0903 120
87700 236.502 -311984 851.357 163546 72.3372 72.3372 36.09 120
87800 238.967 -311984 1050.29 163583 72.3426 72.3426 36.0927 120
87900 240.362 -311981 -133.691 163659 72.3537 72.3537 36.0983 120
88000 239.592 -311979 -664.883 163709 72.3612 72.3612 36.102 120
88100 239.814 -311980 -100.3 163705 72.3605 72.3605 36.1017 120
88200 239.82 -311986 -387.292 163678 72.3565 72.3565 36.0997 120
88300 237.562 -311989 1090.43 163640 72.351 72.351 36.0969 120
88400 237.956 -311985 262.24 163625 72.3487 72.3487 36.0958 120
88500 237.219 -311978 357.676 163632 72.3498 72.3498 36.0963 120
88600 241.314 -311984 81.885 163631 72.3496 72.3496 36.0962 120
88700 242.012 -311984 -206.14 163619 72.3479 72.3479 36.0954 120
88800 241.064 -311985 528.932 163600 72.345 72.345 36.0939 120
88900 240.766 -311991 565.981 163597 72.3446 72.3446 36.0937 120
89000 237.124 -311985 1323.94 163624 72.3487 72.3487 36.0958 120
89100 241.328 -311986 -664.929 163680 72.3568 72.3568 36.0998 120
89200 241.367 -311984 -196.532 163705 72.3605 72.3605 36.1017 120
89300 242.386 -311986 -1156.28 163695 72.3591 72.3591 36.101 120
89400 240.345 -311984 256.384 163632 72.3498 72.3498 36.0963 120
89500 236.873 -311981 734.199 163566 72.34 72.34 36.0914 120
89600 239.182 -311990 422.562 163554 72.3383 72.3383 36.0906 120
89700 238.906 -311988 408.22 163594 72.3442 72.3442 36.0935 120
89800 240.021 -311982 -598.849 163655 72.3532 72.3532 36.098 120
89900 240.423 -311980 118.847 163712 72.3615 72.3615 36.1022 120
90000 241.827 -311985 -250.841 163755 72.3679 72.3679 36.1054 120
90100 236.907 -311981 -650.306 163733 72.3647 72.3647 36.1037 120
90200 236.897 -311985 265.273 163645 72.3517 72.3517 36.0973 120
90300 238.49 -311989 36.03 163564 72.3398 72.3398 36.0913 120
90400 238.094 -311980 449.26 163524 72.3338 72.3338 36.0884 120
90500 242.141 -311984 1865.81 163531 72.3349 72.3349 36.0889 120
90600 240.36 -311981 655.542 163605 72.3458 72.3458 36.0943 120
90700 239.721 -311985 -261.187 163706 72.3607 72.3607 36.1018 120
90800 237.74 -311985 -1264.92 163768 72.3698 72.3698 36.1063 120
90900 237.935 -311984 -1343.48 163748 72.3669 72.3669 36.1049 120
91000 242.037 -311981 1207.8 163672 72.3557 72.3557 36.0993 120
91100 240.808 -311980 553.632 163612 72.3469 72.3469 36.0949 120
91200 240.577 -311985 677.917 163571 72.3408 72.3408 36.0918 120
91300 238.371 -311985 1645.37 163569 72.3405 72.3405 36.0917 120
91400 237.706 -311983 64.045 163630 72.3495 72.3495 36.0962 120
91500 238.12 -311978 133.774 163697 72.3594 72.3594 36.1011 120
91600 241.218 -311979 -1083.5 163751 72.3674 72.3674 36.1051 120
91700 243.738 -311986 -1018.1 163740 72.3658 72.3658 36.1043 120
91800 239.12 -311982 586.511 163661 72.3541 72.3541 36.0985 120
91900 241.432 -311989 44.2447 163592 72.3439 72.3439 36.0934 120
92000 240.888 -311988 1126.12 163548 72.3374 72.3374 36.0901 120
92100 237.867 -311980 491.941 163565 72.3399 72.3399 36.0914 120
92200 241.359 -311986 185.789 163618 72.3478 72.3478 36.0953 120
92300 239.926 -311983 -782.771 163677 72.3564 72.3564 36.0996 120
92400 240.606 -311984 -787.44 163716 72.3622 72.3622 36.1025 120
92500 238.147 -311980 -268.092 163717 72.3623 72.3623 36.1026 120
92600 240.818 -311986 58.0762 163688 72.358 72.358 36.1004 120
92700 237.394 -311981 382.96 163645 72.3517 72.3517 36.0973 120
92800 239.284 -311985 384.379 163619 72.3479 72.3479 36.0954 120
92900 239.383 -311982 417.645 163611 72.3467 72.3467 36.0948 120
93000 241.145 -311981 -48.0968 163647 72.3519 72.3519 36.0974 120
93100 240.415 -311980 -195.339 163679 72.3567 72.3567 36.0998 120
93200 238.173 -311983 -842.661 163693 72.3587 72.3587 36.1008 120
93300 239.731 -311988 573.65 163681 72.357 72.357 36.0999 120
93400 239.802 -311986 -211.175 163675 72.3561 72.3561 36.0995 120
93500 241.589 -311985 77.8408 163659 72.3538 72.3538 36.0983 120
93600 241.204 -311983 -829.69 163642 72.3513 72.3513 36.0971 120
93700 241.181 -311984 617.558 163622 72.3483 72.3483 36.0956 120
93800 239.377 -311983 53.1236 163625 72.3487 72.3487 36.0958 120
93900 239.88 -311986 337.954 163645 72.3517 72.3517 36.0973 120
94000 237.922 -311985 -455.318 163682 72.3572 72.3572 36.1 120
94100 237.958 -311988 -885.173 163706 72.3606 72.3606 36.1017 120
94200 237.182 -311981 231.617 163692 72.3587 72.3587 36.1008 120
94300 241.276 -311983 -113.884 163669 72.3553 72.3553 36.0991 120
94400 241.917 -311984 593.078 163638 72.3507 72.3507 36.0968 120
94500 239.286 -311983 7.56434 163628 72.3493 72.3493 36.0961 120
94600 236.913 -311984 -78.9134 163624 72.3486 72.3486 36.0957 120
94700 237.919 -311990 -449.726 163625 72.3488 72.3488 36.0958 120
94800 240.807 -311991 133.508 163642 72.3512 72.3512 36.097 120
94900 240.209 -311982 -1532.93 163688 72.3581 72.3581 36.1005 120
95000 241.965 -311983 -104.851 163698 72.3595 72.3595 36.1012 120
95100 240.073 -311981 -434.73 163685 72.3576 72.3576 36.1002 120
95200 239.702 -311987 -151.028 163654 72.3531 72.3531 36.098 120
95300 238.104 -311986 -143.034 163624 72.3486 72.3486 36.0957 120
95400 237.923 -311981 1266.47 163610 72.3466 72.3466 36.0947 120
95500 242.571 -311982 223.454 163633 72.35 72.35 36.0964 120
95600 239.746 -311978 385.508 163661 72.3541 72.3541 36.0985 120
95700 239.359 -311983 -350.331 163693 72.3588 72.3588 36.1008 120
95800 240.165 -311988 -989.878 163716 72.3621 72.3621 36.1025 120
95900 237.22 -311982 -261.708 163694 72.3589 72.3589 36.1009 120
96000 240.967 -311980 1350.9 163655 72.3532 72.3532 36.098 120
96100 242.946 -311981 360.081 163649 72.3524 72.3524 36.0976 120
96200 241.588 -311983 247.342 163647 72.3519 72.3519 36.0974 120
96300 239.92 -311984 -565.73 163636 72.3504 72.3504 36.0966 120
96400 237.915 -311982 318.746 163632 72.3498 72.3498 36.0963 120
96500 239.309 -311984 70.7663 163643 72.3514 72.3514 36.0971 120
96600 240.115 -311979 -385.059 163657 72.3535 72.3535 36.0982 120
96700 243.848 -311982 617.584 163658 72.3536 72.3536 36.0982 120
96800 243.311 -311985 -547.474 163665 72.3546 72.3546 36.0987 120
96900 238.669 -311981 -328.648 163660 72.3539 72.3539 36.0984 120
97000 239.454 -311984 -524.964 163653 72.3528 72.3528 36.0978 120
97100 239.183 -311985 387.741 163647 72.352 72.352 36.0974 120
97200 240.89 -311986 -234.462 163640 72.3509 72.3509 36.0969 120
97300 242.256 -311983 426.691 163621 72.3482 72.3482 36.0955 120
97400 240.923 -311979 142.776 163622 72.3484 72.3484 36.0956 120
97500 240.102 -311985 -221.236 163640 72.351 72.351 36.0969 120
97600 239.237 -311987 20.7765 163645 72.3517 72.3517 36.0973 120
97700 240.485 -311988 162.676 163658 72.3536 72.3536 36.0982 120
97800 241.049 -311985 -242.544 163670 72.3554 72.3554 36.0991 120
97900 241.963 -311982 -972.636 163665 72.3547 72.3547 36.0988 120
98000 241.826 -311978 226.848 163654 72.353 72.353 36.0979 120
98100 242.718 -311984 369.003 163630 72.3495 72.3495 36.0962 120
98200 240.771 -311988 -167.443 163604 72.3457 72.3457 36.0943 120
98300 240.269 -311989 -282.112 163582 72.3425 72.3425 36.0927 120
98400 238.544 -311985 778.398 163590 72.3436 72.3436 36.0932 120
98500 242.323 -311986 433.892 163632 72.3498 72.3498 36.0963 120
98600 240.609 -311979 -27.9625 163668 72.3551 72.3551 36.099 120
98700 239.269 -311979 64.4016 163688 72.358 72.358 36.1004 120
98800 239.508 -311982 -734.663 163707 72.3608 72.3608 36.1018 120
98900 239.851 -311984 259.841 163692 72.3586 72.3586 36.1007 120
99000 239.724 -311984 -444.471 163653 72.3529 72.3529 36.0979 120
99100 238.947 -311984 118.495 163593 72.344 72.344 36.0934 120
99200 239.915 -311987 1034.19 163554 72.3383 72.3383 36.0906 120
99300 238.972 -311984 922.158 163556 72.3385 72.3385 36.0907 120
99400 241.206 -311984 824.038 163601 72.3453 72.3453 36.0941 120
99500 241.924 -311985 112.859 163660 72.3539 72.3539 36.0984 120
99600 240.959 -311984 -988.335 163715 72.362 72.362 36.1024 120
99700 238.849 -311987 -336.46 163742 72.366 72.366 36.1044 120
99800 237.024 -311985 -1802.18 163730 72.3642 72.3642 36.1035 120
99900 239.715 -311985 397.295 163635 72.3502 72.3502 36.0965 120
100000 239.106 -311981 1537.74 163541 72.3364 72.3364 36.0896 120
