# Time-averaged data for fix 2
# TimeStep c_thermo_temp c_thermo_pe c_thermo_press v_myVol v_myCella v_myCellb v_myCellc v_myCellgamma
0 37.7286 -312238 -284.426 162293 72.1519 72.1519 35.9976 120
100 36.6449 -312241 247.823 162302 72.1532 72.1532 35.9983 120
200 39.2248 -312241 378.323 162358 72.1616 72.1616 36.0024 120
300 41.6189 -312236 -310.79 162424 72.1713 72.1713 36.0073 120
400 42.8723 -312239 373.411 162386 72.1657 72.1657 36.0045 120
500 41.1158 -312244 220.408 162401 72.1679 72.1679 36.0056 120
600 38.1862 -312249 -16.5594 162456 72.1761 72.1761 36.0097 120
700 38.4614 -312254 -72.2294 162469 72.178 72.178 36.0106 120
800 38.9728 -312255 65.1838 162423 72.1712 72.1712 36.0072 120
900 39.7069 -312252 16.7498 162454 72.1758 72.1758 36.0095 120
1000 41.8804 -312254 -167.654 162492 72.1814 72.1814 36.0123 120
1100 40.6587 -312256 113.187 162488 72.1809 72.1809 36.012 120
1200 39.9052 -312260 -47.763 162486 72.1805 72.1805 36.0119 120
1300 38.8867 -312263 -236.899 162504 72.1832 72.1832 36.0132 120
1400 39.2871 -312264 -163.044 162517 72.1851 72.1851 36.0141 120
1500 40.0701 -312262 414.806 162514 72.1846 72.1846 36.0139 120
1600 40.6766 -312261 -240.324 162564 72.1921 72.1921 36.0177 120
1700 40.5886 -312262 291.161 162544 72.1891 72.1891 36.0162 120
1800 40.1602 -312265 -388.884 162535 72.1877 72.1877 36.0155 120
1900 40.0586 -312269 -299.62 162539 72.1883 72.1883 36.0158 120
2000 39.7028 -312270 348.662 162552 72.1902 72.1902 36.0167 120
2100 40.132 -312271 121.936 162605 72.1981 72.1981 36.0207 120
2200 40.0047 -312270 74.9733 162593 72.1963 72.1963 36.0197 120
2300 40.1488 -312271 198.485 162545 72.1893 72.1893 36.0162 120
2400 40.3249 -312272 126.513 162575 72.1936 72.1936 36.0184 120
2500 39.7011 -312271 -584.257 162625 72.2011 72.2011 36.0221 120
2600 39.5843 -312272 478.123 162561 72.1915 72.1915 36.0174 120
2700 39.6901 -312271 -382.421 162593 72.1963 72.1963 36.0197 120
2800 40.4108 -312272 337.88 162584 72.1951 72.1951 36.0191 120
2900 40.3443 -312271 26.2608 162599 72.1973 72.1973 36.0202 120
3000 39.9724 -312272 -505.646 162602 72.1977 72.1977 36.0205 120
3100 40.3258 -312274 176.001 162556 72.1908 72.1908 36.017 120
3200 39.1367 -312273 -13.5882 162600 72.1974 72.1974 36.0203 120
3300 39.2704 -312274 -505.811 162671 72.2079 72.2079 36.0255 120
3400 40.1272 -312275 -5.44384 162605 72.1982 72.1982 36.0207 120
3500 40.5676 -312274 288.618 162546 72.1894 72.1894 36.0163 120
3600 40.2365 -312273 -334.595 162596 72.1967 72.1967 36.02 120
3700 40.4559 -312274 -299.741 162606 72.1982 72.1982 36.0207 120
3800 39.9357 -312275 73.525 162575 72.1937 72.1937 36.0185 120
3900 39.7478 -312275 597.701 162573 72.1934 72.1934 36.0183 120
4000 39.9171 -312274 -303.925 162617 72.2 72.2 36.0216 120
4100 40.0313 -312273 63.9761 162581 72.1945 72.1945 36.0189 120
4200 40.5233 -312273 369.901 162581 72.1945 72.1945 36.0189 120
4300 40.221 -312274 -776.59 162672 72.2081 72.2081 36.0256 120
4400 39.5486 -312274 547.055 162566 72.1923 72.1923 36.0177 120
4500 39.7353 -312275 205.106 162574 72.1935 72.1935 36.0183 120
4600 40.1047 -312275 -75.2589 162631 72.2019 72.2019 36.0226 120
4700 40.2335 -312274 -95.3196 162662 72.2066 72.2066 36.0249 120
4800 40.1662 -312273 -283.615 162632 72.2022 72.2022 36.0227 120
4900 40.6801 -312274 702.812 162565 72.1921 72.1921 36.0177 120
5000 39.9113 -312274 22.7961 162636 72.2026 72.2026 36.0229 120
5100 39.6488 -312275 -688.354 162641 72.2035 72.2035 36.0233 120
5200 39.9819 -312277 1082.49 162524 72.1862 72.1862 36.0147 120
5300 39.9561 -312276 -446.897 162625 72.2011 72.2011 36.0221 120
5400 40.4031 -312274 -355.538 162656 72.2057 72.2057 36.0244 120
5500 40.1015 -312274 -520.116 162637 72.2029 72.2029 36.023 120
5600 39.9605 -312275 228.617 162582 72.1947 72.1947 36.019 120
5700 39.7652 -312276 452.064 162590 72.196 72.196 36.0196 120
5800 39.5614 -312276 -469.687 162648 72.2044 72.2044 36.0238 120
5900 39.7352 -312276 121.457 162598 72.1971 72.1971 36.0201 120
6000 40.1626 -312276 30.1333 162600 72.1974 72.1974 36.0203 120
6100 40.4668 -312275 -279.386 162646 72.2042 72.2042 36.0237 120
6200 40.3845 -312275 -144.138 162639 72.2032 72.2032 36.0232 120
6300 39.8805 -312276 489.136 162608 72.1985 72.1985 36.0208 120
6400 39.3795 -312276 212.476 162635 72.2026 72.2026 36.0229 120
6500 39.2747 -312275 125.807 162653 72.2053 72.2053 36.0242 120
6600 40.0069 -312275 -335.545 162619 72.2002 72.2002 36.0217 120
6700 40.2552 -312276 -46.5534 162563 72.1919 72.1919 36.0176 120
6800 40.655 -312276 -11.0262 162604 72.1979 72.1979 36.0206 120
6900 39.9654 -312276 -247.223 162665 72.207 72.207 36.0251 120
7000 39.4279 -312276 -361.736 162661 72.2065 72.2065 36.0248 120
7100 39.6772 -312276 511.53 162572 72.1933 72.1933 36.0182 120
7200 40.3849 -312277 184.654 162600 72.1973 72.1973 36.0203 120
7300 40.6689 -312277 -467.562 162640 72.2032 72.2032 36.0232 120
7400 39.9882 -312276 72.7007 162600 72.1973 72.1974 36.0203 120
7500 40.2156 -312277 4.61158 162591 72.1961 72.1961 36.0197 120
7600 39.528 -312277 160.354 162606 72.1982 72.1982 36.0207 120
7700 40.0807 -312277 -66.5353 162649 72.2046 72.2046 36.0239 120
7800 39.9071 -312276 69.3813 162653 72.2053 72.2053 36.0242 120
7900 40.041 -312276 184.855 162616 72.1997 72.1997 36.0214 120
8000 40.3434 -312277 79.524 162590 72.1959 72.1959 36.0196 120
8100 40.208 -312277 410.307 162624 72.2009 72.2009 36.0221 120
8200 40.0264 -312277 -311.167 162637 72.2028 72.2028 36.023 120
8300 39.779 -312277 305.537 162583 72.1949 72.1949 36.0191 120
8400 40.2823 -312277 -73.469 162643 72.2037 72.2037 36.0234 120
8500 40.2466 -312277 -600.753 162679 72.2091 72.2091 36.0261 120
8600 39.9817 -312277 327.165 162601 72.1975 72.1975 36.0203 120
8700 40.077 -312277 -88.0773 162616 72.1998 72.1998 36.0215 120
8800 40.3201 -312278 -348.558 162643 72.2037 72.2037 36.0234 120
8900 40.1754 -312278 239.981 162583 72.1948 72.1948 36.019 120
9000 39.9303 -312277 -278.392 162612 72.1992 72.1992 36.0212 120
9100 40.2119 -312277 -95.045 162649 72.2047 72.2047 36.0239 120
9200 39.9871 -312276 314.993 162623 72.2008 72.2008 36.022 120
9300 40.4566 -312278 285.641 162622 72.2006 72.2006 36.0219 120
9400 39.5154 -312276 124.377 162620 72.2003 72.2003 36.0217 120
9500 40.0297 -312277 -14.2283 162638 72.203 72.203 36.0231 120
9600 40.3614 -312277 -532.033 162649 72.2046 72.2046 36.0239 120
9700 39.8172 -312277 721.257 162573 72.1933 72.1933 36.0183 120
9800 39.8961 -312276 -268.944 162652 72.2051 72.2051 36.0241 120
9900 40.2905 -312277 166.411 162677 72.2088 72.2088 36.026 120
10000 40.096 -312277 37.8626 162653 72.2052 72.2052 36.0242 120
10100 39.9596 -312277 138.448 162592 72.1962 72.1962 36.0197 120
10200 39.704 -312276 -171.255 162632 72.2021 72.2021 36.0226 120
10300 40.0265 -312276 -78.6811 162639 72.2031 72.2031 36.0232 120
10400 40.2095 -312277 224.884 162620 72.2003 72.2003 36.0217 120
10500 39.856 -312276 -185.91 162671 72.2078 72.2078 36.0255 120
10600 39.7767 -312276 -98.053 162665 72.207 72.207 36.0251 120
10700 40.0294 -312277 341.238 162610 72.1988 72.1988 36.021 120
10800 40.1118 -312277 -80.0106 162626 72.2012 72.2012 36.0222 120
10900 39.9539 -312276 -44.7112 162657 72.2058 72.2058 36.0245 120
11000 39.9545 -312276 -184.961 162660 72.2063 72.2063 36.0247 120
11100 39.9303 -312277 -68.9982 162623 72.2007 72.2007 36.022 120
11200 40.0585 -312277 437.694 162616 72.1998 72.1998 36.0215 120
11300 39.7789 -312276 -194.653 162656 72.2057 72.2057 36.0244 120
11400 40.2273 -312277 205.817 162628 72.2015 72.2015 36.0223 120
11500 39.8145 -312276 447.815 162627 72.2014 72.2014 36.0223 120
11600 40.0914 -312277 -43.401 162657 72.2058 72.2058 36.0245 120
11700 39.8048 -312276 139.349 162626 72.2013 72.2013 36.0222 120
11800 39.9922 -312277 -19.2078 162601 72.1975 72.1975 36.0203 120
11900 39.9895 -312277 76.2652 162635 72.2026 72.2026 36.0229 120
12000 39.7699 -312276 -314.723 162675 72.2085 72.2085 36.0258 120
12100 40.2247 -312277 -286.938 162674 72.2083 72.2083 36.0258 120
12200 40.049 -312276 146.745 162641 72.2034 72.2034 36.0233 120
12300 40.06 -312276 -56.1417 162636 72.2027 72.2027 36.023 120
12400 40.1676 -312276 633.458 162620 72.2003 72.2003 36.0217 120
12500 40.0251 -312276 -87.0247 162670 72.2078 72.2078 36.0255 120
12600 40.066 -312278 328.914 162627 72.2014 72.2014 36.0223 120
12700 39.7548 -312276 163.313 162629 72.2016 72.2016 36.0224 120
12800 40.1876 -312277 -631.751 162664 72.2069 72.2069 36.025 120
12900 40.1713 -312277 311.675 162627 72.2013 72.2013 36.0223 120
13000 39.9833 -312276 184.587 162633 72.2023 72.2023 36.0227 120
13100 39.7687 -312276 93.7933 162642 72.2036 72.2036 36.0234 120
13200 40.3073 -312277 227.826 162607 72.1984 72.1984 36.0208 120
13300 39.5207 -312276 -280.807 162633 72.2022 72.2022 36.0227 120
13400 39.753 -312277 30.3322 162625 72.2011 72.2011 36.0221 120
13500 40.0595 -312276 -183.878 162672 72.208 72.208 36.0256 120
13600 40.2141 -312276 -559.567 162673 72.2081 72.2081 36.0256 120
13700 40.0941 -312277 815.975 162589 72.1957 72.1957 36.0194 120
13800 40.069 -312277 -382.415 162658 72.2059 72.2059 36.0245 120
13900 39.8961 -312277 -344.612 162662 72.2065 72.2065 36.0248 120
14000 39.9222 -312277 336.945 162619 72.2001 72.2001 36.0217 120
14100 40.003 -312277 -69.643 162665 72.207 72.207 36.0251 120
14200 39.7328 -312276 -166.728 162654 72.2054 72.2054 36.0243 120
14300 40.2943 -312277 29.9184 162634 72.2023 72.2023 36.0228 120
14400 39.8298 -312276 209.794 162653 72.2053 72.2053 36.0242 120
14500 39.9377 -312277 -30.7524 162636 72.2027 72.2027 36.023 120
14600 39.8438 -312277 258.487 162606 72.1982 72.1982 36.0207 120
14700 39.9763 -312277 204.482 162636 72.2027 72.2027 36.0229 120
14800 39.8595 -312276 -520.801 162676 72.2087 72.2087 36.0259 120
14900 39.6648 -312275 117.305 162636 72.2027 72.2027 36.023 120
15000 40.2679 -312277 438.659 162621 72.2005 72.2005 36.0218 120
15100 39.7937 -312276 -487.104 162676 72.2086 72.2086 36.0259 120
15200 39.57 -312277 22.6856 162648 72.2045 72.2045 36.0238 120
15300 40.2611 -312277 -90.8262 162613 72.1994 72.1994 36.0213 120
15400 40.0244 -312276 56.7867 162649 72.2046 72.2046 36.0239 120
15500 40.2777 -312276 -48.9688 162660 72.2063 72.2063 36.0247 120
15600 40.3443 -312276 -261.582 162663 72.2067 72.2067 36.0249 120
15700 39.4965 -312276 20.7195 162636 72.2027 72.2027 36.0229 120
15800 39.6224 -312277 -370.634 162663 72.2067 72.2067 36.0249 120
15900 39.7765 -312277 221.804 162628 72.2016 72.2016 36.0224 120
16000 39.8076 -312276 137.44 162631 72.2019 72.2019 36.0225 120
16100 40.2053 -312275 -229.805 162665 72.2071 72.2071 36.0251 120
16200 40.4262 -312276 93.2843 162653 72.2052 72.2052 36.0242 120
16300 39.8685 -312276 -42.5985 162636 72.2027 72.2027 36.0229 120
16400 39.8733 -312277 -544.008 162671 72.2079 72.2079 36.0255 120
16500 39.7864 -312277 233.65 162615 72.1996 72.1996 36.0214 120
16600 39.929 -312277 44.4755 162633 72.2023 72.2023 36.0227 120
16700 39.9157 -312276 -254.954 162651 72.2049 72.2049 36.024 120
16800 40.0859 -312276 324.222 162634 72.2024 72.2024 36.0228 120
16900 39.8943 -312275 101.45 162659 72.2061 72.2061 36.0246 120
17000 40.1075 -312277 -308.838 162669 72.2076 72.2076 36.0254 120
17100 39.9075 -312278 380.95 162640 72.2032 72.2032 36.0232 120
17200 39.7024 -312277 -359.092 162663 72.2066 72.2066 36.0249 120
17300 40.1924 -312277 201.623 162622 72.2006 72.2006 36.0219 120
17400 40.3488 -312276 285.224 162624 72.201 72.201 36.0221 120
17500 40.5483 -312276 -52.8769 162677 72.2088 72.2088 36.026 120
17600 40.2001 -312277 -27.2397 162660 72.2062 72.2062 36.0247 120
17700 40.0224 -312278 645.307 162604 72.198 72.198 36.0206 120
17800 39.7196 -312277 -352.476 162656 72.2056 72.2056 36.0244 120
17900 39.9675 -312277 140.38 162641 72.2035 72.2035 36.0233 120
18000 40.3395 -312276 -295.58 162641 72.2034 72.2034 36.0233 120
18100 40.3471 -312276 147.946 162644 72.2039 72.2039 36.0235 120
18200 40.0208 -312276 -176.503 162661 72.2064 72.2064 36.0248 120
18300 39.6831 -312277 65.7611 162656 72.2057 72.2057 36.0244 120
18400 39.1886 -312276 43.4808 162643 72.2037 72.2037 36.0234 120
18500 39.9736 -312277 7.46411 162651 72.2049 72.2049 36.024 120
18600 40.3081 -312276 -77.0624 162646 72.2042 72.2042 36.0237 120
18700 40.4512 -312276 -54.1063 162655 72.2055 72.2055 36.0244 120
18800 39.8392 -312275 -487.136 162672 72.2081 72.2081 36.0256 120
18900 39.631 -312277 407.154 162636 72.2027 72.2027 36.0229 120
19000 39.6084 -312277 -300.92 162660 72.2063 72.2063 36.0247 120
19100 39.7865 -312278 167.722 162636 72.2027 72.2027 36.0229 120
19200 40.1982 -312276 -55.1703 162619 72.2001 72.2001 36.0217 120
19300 40.4766 -312276 -44.6023 162631 72.202 72.202 36.0226 120
19400 40.1462 -312275 -221.463 162656 72.2056 72.2056 36.0244 120
19500 40.0491 -312277 17.3024 162655 72.2056 72.2056 36.0244 120
19600 39.5244 -312278 182.578 162643 72.2037 72.2037 36.0235 120
19700 39.4547 -312277 -402.766 162664 72.2069 72.2069 36.025 120
19800 39.6749 -312276 -87.5893 162650 72.2048 72.2048 36.024 120
19900 40.2695 -312275 -366.348 162663 72.2068 72.2068 36.025 120
20000 40.4625 -312276 159.257 162638 72.203 72.203 36.0231 120
20100 40.4647 -312277 405.694 162640 72.2033 72.2033 36.0233 120
20200 39.7358 -312277 -272.879 162682 72.2095 72.2095 36.0263 120
20300 39.6275 -312277 278.306 162641 72.2034 72.2034 36.0233 120
20400 39.7765 -312277 -364.252 162651 72.2049 72.2049 36.024 120
20500 40.8846 -312277 483.624 162632 72.2021 72.2021 36.0226 120
20600 40.7923 -312276 -342.1 162668 72.2075 72.2075 36.0253 120
20700 40.1443 -312276 20.9164 162651 72.2049 72.2049 36.024 120
20800 39.8628 -312278 465.563 162597 72.1969 72.1969 36.02 120
20900 39.7431 -312278 110.752 162648 72.2044 72.2044 36.0238 120
21000 39.8823 -312277 -114.395 162656 72.2057 72.2057 36.0244 120
21100 40.0451 -312276 9.78368 162658 72.206 72.206 36.0246 120
21200 40.428 -312275 76.1135 162658 72.206 72.206 36.0246 120
21300 40.1571 -312276 -86.7445 162636 72.2027 72.2028 36.023 120
21400 39.8516 -312276 -151.132 162647 72.2043 72.2043 36.0237 120
21500 39.6572 -312277 243.097 162672 72.208 72.208 36.0256 120
21600 39.8194 -312277 -360.458 162674 72.2083 72.2083 36.0257 120
21700 39.9978 -312276 147.269 162611 72.199 72.199 36.0211 120
21800 40.291 -312275 -143.586 162664 72.2068 72.2068 36.025 120
21900 40.5377 -312276 168.917 162669 72.2076 72.2076 36.0254 120
22000 40.1034 -312277 -7.54327 162636 72.2027 72.2027 36.023 120
22100 39.6971 -312278 -182.019 162635 72.2026 72.2026 36.0229 120
22200 39.1033 -312276 45.7443 162667 72.2074 72.2074 36.0253 120
22300 40.0014 -312277 226.457 162637 72.2028 72.2028 36.023 120
22400 40.4169 -312276 32.8817 162648 72.2045 72.2045 36.0239 120
22500 40.4578 -312276 4.99411 162656 72.2056 72.2057 36.0244 120
22600 39.9262 -312276 509.827 162621 72.2005 72.2005 36.0218 120
22700 39.9427 -312277 -22.8616 162671 72.2079 72.2079 36.0256 120
22800 39.6129 -312278 -33.7417 162663 72.2068 72.2068 36.025 120
22900 39.7651 -312277 188.194 162629 72.2016 72.2016 36.0224 120
23000 40.048 -312276 -66.6949 162658 72.206 72.206 36.0246 120
23100 40.2688 -312275 73.3949 162669 72.2075 72.2075 36.0253 120
23200 40.4447 -312276 72.1997 162652 72.2051 72.2051 36.0241 120
23300 40.0272 -312277 220.275 162636 72.2026 72.2027 36.0229 120
23400 39.4828 -312277 66.31 162670 72.2077 72.2077 36.0254 120
23500 39.3523 -312277 -54.1461 162671 72.2079 72.2079 36.0255 120
23600 40.1365 -312277 69.8307 162619 72.2002 72.2002 36.0217 120
23700 40.4205 -312276 -106.713 162634 72.2024 72.2024 36.0228 120
23800 40.3775 -312275 -272.154 162676 72.2086 72.2086 36.0259 120
23900 40.2682 -312277 91.4724 162641 72.2035 72.2035 36.0233 120
24000 39.3717 -312277 -83.5096 162637 72.2029 72.2029 36.023 120
24100 39.8044 -312278 270.95 162628 72.2015 72.2015 36.0223 120
24200 39.6095 -312276 -274.15 162659 72.2061 72.2061 36.0246 120
24300 40.4625 -312276 -235.541 162656 72.2057 72.2057 36.0244 120
24400 40.4562 -312275 -49.4931 162650 72.2048 72.2048 36.024 120
24500 39.9462 -312276 -174.297 162653 72.2052 72.2052 36.0242 120
24600 39.8133 -312277 232.024 162650 72.2048 72.2048 36.024 120
24700 39.1753 -312277 -86.4732 162662 72.2065 72.2065 36.0248 120
24800 39.5832 -312277 39.6661 162671 72.2079 72.2079 36.0255 120
24900 40.2677 -312276 -429.21 162665 72.207 72.207 36.0251 120
25000 40.0886 -312275 580.22 162629 72.2017 72.2017 36.0224 120
25100 40.3519 -312276 -243.052 162677 72.2088 72.2088 36.026 120
25200 39.6259 -312277 -45.9972 162658 72.2059 72.2059 36.0245 120
25300 39.5693 -312278 -114.737 162643 72.2037 72.2037 36.0234 120
25400 39.8819 -312277 -284.866 162634 72.2025 72.2025 36.0228 120
25500 40.4526 -312277 76.8545 162646 72.2041 72.2041 36.0237 120
25600 40.4266 -312275 -191.053 162674 72.2083 72.2083 36.0258 120
25700 40.0068 -312275 94.8966 162653 72.2053 72.2053 36.0242 120
25800 39.7515 -312277 -264.422 162647 72.2043 72.2043 36.0237 120
25900 39.2535 -312277 285.395 162628 72.2015 72.2015 36.0224 120
26000 39.443 -312277 397.514 162626 72.2012 72.2012 36.0222 120
26100 39.8846 -312276 -411.668 162695 72.2115 72.2115 36.0273 120
26200 40.3161 -312275 -7.23759 162691 72.2108 72.2108 36.027 120
26300 40.3073 -312275 67.9583 162631 72.2019 72.2019 36.0226 120
26400 40.1739 -312277 183.528 162616 72.1998 72.1998 36.0215 120
26500 39.5236 -312277 -25.7007 162649 72.2047 72.2047 36.0239 120
26600 39.4203 -312277 -113.116 162669 72.2076 72.2076 36.0254 120
26700 39.6967 -312277 225.827 162637 72.2028 72.2028 36.023 120
26800 40.3898 -312276 12.2871 162650 72.2048 72.2048 36.024 120
26900 40.6105 -312276 -162.968 162671 72.2078 72.2078 36.0255 120
27000 40.3567 -312276 50.4705 162648 72.2045 72.2045 36.0239 120
27100 39.927 -312277 104.143 162643 72.2038 72.2038 36.0235 120
27200 39.9902 -312278 -339.681 162635 72.2025 72.2025 36.0228 120
27300 39.83 -312277 314.83 162622 72.2006 72.2006 36.0219 120
27400 40.3183 -312276 -198.815 162700 72.2122 72.2122 36.0277 120
27500 40.4664 -312276 -149.204 162654 72.2053 72.2053 36.0242 120
27600 40.4748 -312276 383.958 162609 72.1987 72.1987 36.021 120
27700 39.8253 -312276 -445.38 162678 72.209 72.209 36.0261 120
27800 39.7014 -312277 -200.883 162663 72.2067 72.2067 36.0249 120
27900 39.3577 -312277 -14.5491 162623 72.2008 72.2008 36.022 120
28000 40.275 -312277 140.185 162658 72.2059 72.2059 36.0245 120
28100 40.253 -312275 -305.336 162686 72.2101 72.2101 36.0266 120
28200 40.499 -312276 459.459 162635 72.2026 72.2026 36.0229 120
28300 40.4191 -312278 -27.7133 162639 72.2031 72.2031 36.0231 120
28400 40.0193 -312278 229.39 162639 72.2032 72.2032 36.0232 120
28500 39.4031 -312277 47.739 162657 72.2058 72.2058 36.0245 120
28600 39.9259 -312277 -184.124 162643 72.2037 72.2037 36.0234 120
28700 40.5721 -312276 18.8108 162644 72.2039 72.2039 36.0236 120
28800 40.3947 -312275 -332.24 162675 72.2085 72.2085 36.0258 120
28900 40.3827 -312277 11.0646 162631 72.2019 72.2019 36.0226 120
29000 39.6541 -312277 162.011 162630 72.2019 72.2019 36.0225 120
29100 39.5782 -312277 -100.394 162676 72.2087 72.2087 36.0259 120
29200 39.8389 -312277 192.779 162653 72.2052 72.2052 36.0242 120
29300 40.339 -312276 375.665 162631 72.2019 72.2019 36.0225 120
29400 40.6423 -312276 -90.8513 162665 72.2071 72.2071 36.0251 120
29500 40.4034 -312276 -139.066 162674 72.2083 72.2083 36.0257 120
29600 39.7254 -312276 172.843 162649 72.2046 72.2046 36.0239 120
29700 39.0858 -312276 34.969 162637 72.2028 72.2028 36.023 120
29800 39.9847 -312277 -8.84973 162655 72.2055 72.2055 36.0244 120
29900 39.8835 -312276 29.8291 162646 72.2042 72.2042 36.0237 120
30000 40.034 -312275 -231.016 162641 72.2034 72.2034 36.0233 120
30100 40.5959 -312277 338.595 162638 72.203 72.203 36.0231 120
30200 40.3432 -312277 -120.532 162673 72.2082 72.2082 36.0257 120
30300 39.6573 -312277 -2.46899 162644 72.2039 72.2039 36.0236 120
30400 39.6868 -312277 371.399 162619 72.2002 72.2002 36.0217 120
30500 39.8926 -312277 -185.782 162664 72.2068 72.2068 36.025 120
30600 40.2955 -312276 -150.573 162697 72.2117 72.2117 36.0274 120
30700 40.333 -312276 11.6469 162646 72.2042 72.2042 36.0237 120
30800 39.9005 -312276 112.373 162634 72.2025 72.2025 36.0228 120
30900 39.4777 -312276 -137.048 162686 72.21 72.21 36.0266 120
31000 39.2986 -312276 73.8679 162649 72.2046 72.2046 36.0239 120
31100 39.5901 -312276 69.6473 162627 72.2013 72.2013 36.0223 120
31200 40.2715 -312277 18.399 162662 72.2065 72.2065 36.0248 120
31300 40.5935 -312276 -396.962 162670 72.2078 72.2078 36.0255 120
31400 40.0091 -312276 130.81 162632 72.202 72.202 36.0226 120
31500 40.2486 -312277 135.646 162655 72.2055 72.2055 36.0243 120
31600 39.6232 -312277 -249.004 162666 72.2072 72.2072 36.0252 120
31700 39.8504 -312277 -57.49 162625 72.2011 72.2011 36.0221 120
31800 40.0253 -312277 340.158 162617 72.1999 72.1999 36.0215 120
31900 40.0883 -312275 -537.925 162707 72.2132 72.2132 36.0282 120
32000 40.1999 -312276 -54.8957 162654 72.2053 72.2053 36.0242 120
32100 39.8346 -312276 166.427 162629 72.2016 72.2016 36.0224 120
32200 39.7785 -312277 -301.225 162680 72.2092 72.2092 36.0262 120
32300 39.9043 -312278 80.3964 162672 72.208 72.208 36.0256 120
32400 39.9173 -312277 256.668 162634 72.2024 72.2024 36.0228 120
32500 39.9193 -312276 -24.123 162648 72.2045 72.2045 36.0239 120
32600 40.2828 -312276 -44.6495 162649 72.2046 72.2046 36.0239 120
32700 40.1156 -312276 222.532 162652 72.205 72.205 36.0241 120
32800 39.6489 -312276 -139.034 162676 72.2086 72.2086 36.0259 120
32900 39.8537 -312277 -80.6694 162641 72.2035 72.2035 36.0233 120
33000 39.7952 -312276 146.337 162637 72.2028 72.2028 36.023 120
33100 40.1887 -312276 -48.7786 162678 72.2089 72.2089 36.0261 120
33200 40.5969 -312277 119.847 162640 72.2032 72.2032 36.0232 120
33300 40.3359 -312277 70.4656 162639 72.2031 72.2031 36.0232 120
33400 39.6811 -312276 -516.977 162677 72.2088 72.2088 36.026 120
33500 39.9127 -312277 179.642 162635 72.2025 72.2025 36.0229 120
33600 39.7703 -312277 193.23 162640 72.2033 72.2033 36.0233 120
33700 39.9336 -312276 -389.412 162675 72.2085 72.2085 36.0258 120
33800 40.1255 -312276 -116.468 162658 72.206 72.206 36.0246 120
33900 40.4211 -312277 50.5754 162640 72.2033 72.2033 36.0232 120
34000 39.8729 -312276 216.979 162648 72.2045 72.2045 36.0238 120
34100 39.5722 -312276 -494.566 162686 72.2101 72.2101 36.0266 120
34200 39.7649 -312277 397.347 162643 72.2038 72.2038 36.0235 120
34300 40.2976 -312277 82.6134 162661 72.2064 72.2064 36.0248 120
34400 40.213 -312276 -63.5373 162663 72.2067 72.2067 36.0249 120
34500 40.1251 -312275 -26.0361 162654 72.2054 72.2054 36.0243 120
34600 40.4633 -312277 318.157 162634 72.2023 72.2023 36.0228 120
34700 39.7776 -312276 58.834 162661 72.2064 72.2064 36.0248 120
34800 39.7645 -312277 -17.1892 162657 72.2058 72.2058 36.0245 120
34900 40.078 -312278 319.319 162631 72.202 72.202 36.0226 120
35000 39.9161 -312276 -308.551 162676 72.2087 72.2087 36.0259 120
35100 40.6979 -312277 -232.323 162656 72.2057 72.2057 36.0244 120
35200 40.4683 -312277 432.144 162615 72.1996 72.1996 36.0214 120
35300 40.0194 -312276 -235.09 162665 72.207 72.207 36.0251 120
35400 39.802 -312277 31.666 162676 72.2086 72.2086 36.0259 120
35500 39.5442 -312277 -80.056 162666 72.2071 72.2071 36.0251 120
35600 39.7525 -312276 -59.4525 162670 72.2078 72.2078 36.0255 120
35700 40.4638 -312277 85.0628 162659 72.2061 72.2061 36.0247 120
35800 40.3199 -312276 222.206 162623 72.2007 72.2007 36.0219 120
35900 40.2147 -312276 -270.029 162659 72.2061 72.2061 36.0246 120
36000 39.8781 -312277 -113.568 162666 72.2072 72.2072 36.0252 120
36100 39.8708 -312278 -64.7595 162654 72.2053 72.2053 36.0242 120
36200 39.788 -312277 191.527 162632 72.2021 72.2021 36.0226 120
36300 39.9834 -312276 -380.209 162659 72.2062 72.2062 36.0247 120
36400 40.6581 -312276 -203.688 162661 72.2064 72.2064 36.0248 120
36500 40.2111 -312276 279.266 162642 72.2037 72.2037 36.0234 120
36600 39.8424 -312276 -61.3199 162665 72.207 72.207 36.0251 120
36700 39.5462 -312277 369.739 162654 72.2053 72.2053 36.0242 120
36800 39.7006 -312277 295.123 162634 72.2024 72.2024 36.0228 120
36900 40.3642 -312277 -284.953 162658 72.2059 72.2059 36.0246 120
37000 40.5067 -312276 -120.654 162655 72.2055 72.2055 36.0244 120
37100 40.3851 -312276 -143.598 162659 72.2061 72.2061 36.0246 120
37200 39.7603 -312276 -169.655 162674 72.2083 72.2083 36.0257 120
37300 39.8984 -312277 236.444 162643 72.2038 72.2038 36.0235 120
37400 39.8699 -312278 -107.243 162652 72.2051 72.2051 36.0241 120
37500 40.3593 -312278 -120.564 162654 72.2054 72.2054 36.0243 120
37600 40.1239 -312276 -300.584 162658 72.206 72.206 36.0246 120
37700 40.6052 -312276 299.83 162635 72.2026 72.2026 36.0229 120
37800 40.0356 -312276 1.36486 162656 72.2057 72.2057 36.0244 120
37900 39.9917 -312277 34.6604 162658 72.2059 72.2059 36.0245 120
38000 39.8143 -312278 -176.905 162662 72.2066 72.2066 36.0249 120
38100 39.5978 -312276 -7.52473 162657 72.2058 72.2058 36.0245 120
38200 40.2202 -312277 270.992 162631 72.2019 72.2019 36.0225 120
38300 40.5928 -312277 -158.992 162663 72.2067 72.2067 36.0249 120
38400 39.9934 -312276 -142.37 162679 72.209 72.209 36.0261 120
38500 39.9749 -312277 20.6807 162664 72.2069 72.2069 36.025 120
38600 39.5793 -312277 -54.212 162647 72.2044 72.2044 36.0238 120
38700 39.6072 -312277 263.109 162642 72.2036 72.2036 36.0234 120
38800 40.0777 -312276 -71.2901 162676 72.2086 72.2086 36.0259 120
38900 39.9698 -312275 73.5203 162666 72.2072 72.2072 36.0252 120
39000 40.1382 -312276 447.568 162629 72.2017 72.2017 36.0225 120
39100 40.1444 -312277 193.505 162638 72.203 72.203 36.0231 120
39200 39.8908 -312277 -327.007 162666 72.2071 72.2071 36.0251 120
39300 39.3235 -312276 35.9639 162649 72.2047 72.2047 36.0239 120
39400 39.7347 -312276 -86.6631 162668 72.2074 72.2074 36.0253 120
39500 40.4641 -312277 380.96 162630 72.2019 72.2019 36.0225 120
39600 40.4102 -312276 256.479 162628 72.2015 72.2015 36.0224 120
39700 40.0741 -312276 -98.3481 162678 72.2089 72.2089 36.026 120
39800 39.7659 -312277 -238.341 162665 72.207 72.207 36.0251 120
39900 39.4403 -312277 394.412 162619 72.2002 72.2002 36.0217 120
40000 40.0813 -312277 -306.286 162669 72.2075 72.2075 36.0253 120
40100 40.4124 -312276 -421.314 162686 72.2102 72.2102 36.0267 120
40200 40.0864 -312275 -3.25772 162647 72.2043 72.2043 36.0238 120
40300 40.2352 -312276 760.012 162617 72.1999 72.1999 36.0215 120
40400 39.6932 -312276 -494.303 162694 72.2113 72.2113 36.0272 120
40500 39.2257 -312276 -340.266 162670 72.2077 72.2077 36.0254 120
40600 39.7599 -312277 409.866 162610 72.1988 72.1988 36.021 120
40700 40.388 -312277 -261.541 162661 72.2065 72.2065 36.0248 120
40800 40.2431 -312276 -305.475 162691 72.2108 72.2108 36.027 120
40900 40.2303 -312276 206.719 162617 72.1998 72.1998 36.0215 120
41000 39.9233 -312276 24.0314 162618 72.2 72.2 36.0216 120
41100 39.7164 -312277 -83.2888 162676 72.2087 72.2087 36.0259 120
41200 39.6327 -312276 -243.535 162675 72.2085 72.2085 36.0258 120
41300 39.9014 -312277 100.091 162635 72.2025 72.2025 36.0229 120
41400 40.7236 -312277 113.532 162656 72.2056 72.2056 36.0244 120
41500 40.4735 -312276 -61.2709 162689 72.2105 72.2105 36.0268 120
41600 40.188 -312276 98.6806 162666 72.2071 72.2071 36.0251 120
41700 39.4619 -312277 263.314 162621 72.2005 72.2006 36.0219 120
41800 39.671 -312277 -227.747 162651 72.2049 72.2049 36.024 120
41900 39.9566 -312276 -108.489 162677 72.2088 72.2088 36.026 120
42000 39.9878 -312276 -107.356 162661 72.2064 72.2064 36.0248 120
42100 40.4664 -312276 192.899 162663 72.2068 72.2068 36.025 120
42200 40.1826 -312276 -296.756 162667 72.2072 72.2072 36.0252 120
42300 39.6839 -312277 572.578 162601 72.1976 72.1976 36.0204 120
42400 39.2479 -312276 -262.988 162648 72.2045 72.2045 36.0239 120
42500 39.9068 -312277 -49.758 162679 72.2091 72.2091 36.0261 120
42600 40.1094 -312276 -148.735 162657 72.2058 72.2058 36.0245 120
42700 40.5102 -312276 408.797 162636 72.2027 72.2027 36.0229 120
42800 40.2698 -312276 -175.053 162679 72.209 72.209 36.0261 120
42900 39.4432 -312276 159.133 162653 72.2053 72.2053 36.0242 120
43000 39.6212 -312277 75.9748 162634 72.2024 72.2024 36.0228 120
43100 39.7937 -312277 264.242 162640 72.2033 72.2033 36.0233 120
43200 39.9344 -312276 -303.429 162700 72.2121 72.2121 36.0276 120
43300 40.451 -312276 -75.0585 162670 72.2077 72.2077 36.0254 120
43400 40.241 -312276 411.861 162634 72.2024 72.2024 36.0228 120
43500 39.847 -312276 -19.7424 162650 72.2048 72.2048 36.024 120
43600 39.4532 -312276 -319.042 162674 72.2083 72.2083 36.0258 120
43700 39.5991 -312277 131.276 162634 72.2024 72.2024 36.0228 120
43800 40.2877 -312277 -120.081 162676 72.2086 72.2086 36.0259 120
43900 40.0055 -312276 245.735 162641 72.2034 72.2034 36.0233 120
44000 40.2613 -312276 371.045 162619 72.2002 72.2002 36.0217 120
44100 40.1588 -312276 -643.707 162704 72.2127 72.2127 36.0279 120
44200 39.79 -312277 -160.447 162659 72.2061 72.2061 36.0246 120
44300 39.6763 -312277 343.456 162610 72.1988 72.1988 36.021 120
44400 39.9265 -312276 -32.5747 162665 72.207 72.207 36.0251 120
44500 40.1929 -312276 -157.412 162679 72.209 72.209 36.0261 120
44600 40.3476 -312276 299.887 162651 72.2049 72.2049 36.024 120
44700 40.4171 -312277 -122.85 162670 72.2077 72.2077 36.0254 120
44800 39.9783 -312277 -245.031 162678 72.2089 72.2089 36.026 120
44900 39.6784 -312277 185.033 162634 72.2023 72.2023 36.0228 120
45000 39.4855 -312276 -171.397 162671 72.2079 72.2079 36.0255 120
45100 40.0672 -312276 -196.511 162692 72.211 72.211 36.0271 120
45200 40.0474 -312276 210.596 162613 72.1993 72.1993 36.0213 120
45300 40.1385 -312276 150.978 162623 72.2008 72.2008 36.022 120
45400 39.9697 -312276 -76.2725 162660 72.2062 72.2062 36.0247 120
45500 39.996 -312277 202.193 162661 72.2064 72.2064 36.0248 120
45600 39.4271 -312276 30.6535 162664 72.2069 72.2069 36.025 120
45700 39.8052 -312276 106.909 162655 72.2055 72.2055 36.0243 120
45800 40.487 -312276 -146.574 162665 72.207 72.207 36.0251 120
45900 40.0997 -312276 83.971 162656 72.2057 72.2057 36.0244 120
46000 40.0981 -312276 -305.608 162640 72.2033 72.2033 36.0233 120
46100 39.7407 -312276 342.746 162638 72.203 72.203 36.0231 120
46200 39.984 -312277 -786.383 162722 72.2155 72.2155 36.0293 120
46300 39.7466 -312276 287.87 162656 72.2057 72.2057 36.0244 120
46400 39.9757 -312276 283.823 162640 72.2033 72.2033 36.0232 120
46500 40.0863 -312276 -163.985 162650 72.2047 72.2047 36.024 120
46600 39.9933 -312276 713.717 162625 72.201 72.201 36.0221 120
46700 39.6544 -312276 -437.311 162700 72.2121 72.2121 36.0276 120
46800 39.4803 -312276 61.3607 162665 72.207 72.207 36.0251 120
46900 39.9484 -312277 210.432 162620 72.2003 72.2003 36.0217 120
47000 40.1736 -312276 -285.89 162665 72.207 72.207 36.0251 120
47100 40.3752 -312276 27.2771 162648 72.2045 72.2045 36.0238 120
47200 40.2298 -312276 634.794 162624 72.201 72.201 36.0221 120
47300 40.1972 -312277 -163.256 162667 72.2073 72.2073 36.0252 120
47400 39.859 -312277 133.876 162680 72.2092 72.2092 36.0262 120
47500 40.0058 -312277 34.047 162670 72.2078 72.2078 36.0255 120
47600 40.2056 -312277 -386.292 162642 72.2036 72.2036 36.0234 120
47700 40.2189 -312276 577.56 162632 72.2022 72.2022 36.0227 120
47800 40.5192 -312276 -423.996 162688 72.2103 72.2103 36.0267 120
47900 40.1211 -312276 70.4777 162657 72.2058 72.2058 36.0245 120
48000 39.8817 -312277 357.934 162648 72.2045 72.2045 36.0238 120
48100 39.5149 -312277 -232.74 162667 72.2073 72.2073 36.0252 120
48200 39.5783 -312277 -106.58 162650 72.2048 72.2048 36.024 120
48300 40.2919 -312277 183.145 162637 72.2029 72.2029 36.023 120
48400 40.4073 -312276 -519.24 162665 72.2069 72.2069 36.0251 120
48500 40.0713 -312276 200.207 162627 72.2013 72.2013 36.0223 120
48600 40.1683 -312277 48.9988 162631 72.2019 72.2019 36.0226 120
48700 39.8173 -312278 66.8355 162647 72.2044 72.2044 36.0238 120
48800 39.5013 -312277 -75.4753 162673 72.2082 72.2082 36.0257 120
48900 39.9384 -312277 227.389 162641 72.2034 72.2034 36.0233 120
49000 39.9411 -312276 204.234 162643 72.2037 72.2037 36.0234 120
49100 39.9862 -312275 -307.714 162682 72.2095 72.2095 36.0263 120
49200 40.0329 -312276 80.5959 162665 72.207 72.207 36.0251 120
49300 39.9489 -312277 104.694 162644 72.2039 72.2039 36.0236 120
49400 39.8289 -312277 -199.275 162650 72.2048 72.2048 36.024 120
49500 40.0886 -312277 171.617 162674 72.2083 72.2083 36.0257 120
49600 40.2729 -312276 -159.392 162656 72.2057 72.2057 36.0244 120
49700 40.2532 -312276 336.378 162624 72.2009 72.2009 36.022 120
49800 40.0267 -312276 -170.498 162672 72.208 72.208 36.0256 120
49900 40.0956 -312277 -154.979 162668 72.2074 72.2074 36.0253 120
50000 39.847 -312278 91.9044 162618 72.2 72.2 36.0216 120
50100 39.7524 -312277 -141.325 162629 72.2017 72.2017 36.0224 120
50200 40.2498 -312277 -16.7131 162666 72.2071 72.2071 36.0251 120
50300 40.5833 -312277 -352.504 162669 72.2076 72.2076 36.0254 120
50400 40.0686 -312276 618.493 162624 72.2009 72.2009 36.0221 120
50500 39.6703 -312276 -503.907 162677 72.2087 72.2087 36.0259 120
50600 39.498 -312277 138.052 162655 72.2055 72.2055 36.0243 120
50700 39.6339 -312277 71.4604 162647 72.2043 72.2043 36.0237 120
50800 39.8177 -312276 125.813 162665 72.207 72.207 36.0251 120
50900 40.3191 -312276 157 162662 72.2065 72.2065 36.0248 120
51000 39.9022 -312276 168.65 162652 72.205 72.205 36.0241 120
51100 39.7523 -312276 -360.694 162660 72.2063 72.2063 36.0247 120
51200 40.0718 -312278 -164.402 162652 72.2051 72.2051 36.0241 120
51300 39.4783 -312277 386.242 162646 72.2042 72.2042 36.0237 120
51400 39.9699 -312277 -270.036 162684 72.2098 72.2098 36.0265 120
51500 40.1417 -312276 -14.3935 162637 72.2029 72.2029 36.023 120
51600 40.0681 -312276 259.444 162613 72.1992 72.1992 36.0212 120
51700 40.1711 -312276 -93.1733 162660 72.2062 72.2062 36.0247 120
51800 39.8592 -312277 -7.62913 162662 72.2065 72.2065 36.0249 120
51900 39.6834 -312277 377.133 162642 72.2036 72.2036 36.0234 120
52000 39.6439 -312277 107.395 162637 72.2028 72.2028 36.023 120
52100 39.8888 -312276 -165.94 162665 72.207 72.207 36.0251 120
52200 40.5031 -312277 -91.7266 162658 72.206 72.206 36.0246 120
52300 40.4001 -312276 -20.9571 162665 72.207 72.207 36.0251 120
52400 40.199 -312277 139.615 162649 72.2046 72.2046 36.0239 120
52500 39.834 -312277 89.2993 162655 72.2055 72.2055 36.0243 120
52600 39.5347 -312276 -136.662 162661 72.2064 72.2064 36.0248 120
52700 39.8829 -312277 -207.759 162655 72.2055 72.2055 36.0243 120
52800 40.0445 -312276 -206.567 162641 72.2035 72.2035 36.0233 120
52900 40.2005 -312276 299.62 162636 72.2026 72.2026 36.0229 120
53000 40.0753 -312276 -215.824 162669 72.2076 72.2076 36.0254 120
53100 39.4956 -312276 37.2851 162640 72.2034 72.2034 36.0233 120
53200 39.5973 -312277 -138.971 162636 72.2027 72.2027 36.0229 120
53300 39.748 -312277 -223.448 162658 72.206 72.206 36.0246 120
53400 39.763 -312276 -57.4036 162645 72.204 72.204 36.0236 120
53500 40.1032 -312276 22.0021 162645 72.2041 72.2041 36.0236 120
53600 40.0745 -312276 -367.686 162676 72.2086 72.2086 36.0259 120
53700 40.005 -312277 183.086 162649 72.2046 72.2046 36.0239 120
53800 39.8978 -312277 -273.704 162647 72.2044 72.2044 36.0238 120
53900 39.737 -312277 -66.505 162642 72.2037 72.2037 36.0234 120
54000 40.079 -312277 77.9208 162647 72.2044 72.2044 36.0238 120
54100 39.9663 -312276 -107.19 162677 72.2088 72.2088 36.026 120
54200 40.1481 -312276 -326.25 162663 72.2067 72.2067 36.025 120
54300 39.7888 -312277 783.08 162607 72.1985 72.1985 36.0208 120
54400 39.8262 -312277 -392.697 162686 72.2101 72.2101 36.0266 120
54500 39.6078 -312277 165.715 162660 72.2063 72.2063 36.0247 120
54600 40.2247 -312277 177.541 162619 72.2002 72.2002 36.0217 120
54700 40.3556 -312277 -189.582 162659 72.2061 72.2061 36.0246 120
54800 40.1171 -312276 -35.4598 162659 72.206 72.206 36.0246 120
54900 40.4441 -312277 93.2566 162627 72.2014 72.2014 36.0223 120
55000 39.8378 -312277 -116.918 162662 72.2065 72.2065 36.0248 120
55100 39.498 -312277 166.484 162668 72.2074 72.2074 36.0253 120
55200 39.8249 -312277 170.025 162635 72.2026 72.2026 36.0229 120
55300 40.289 -312277 -231.89 162648 72.2045 72.2045 36.0238 120
55400 40.1285 -312275 -110.936 162671 72.2079 72.2079 36.0255 120
55500 40.4125 -312276 -191.824 162673 72.2082 72.2082 36.0257 120
55600 39.5804 -312276 667.346 162633 72.2022 72.2022 36.0227 120
55700 39.5122 -312277 -52.9898 162673 72.2082 72.2082 36.0257 120
55800 39.4348 -312277 -457.043 162676 72.2087 72.2087 36.0259 120
55900 39.8579 -312277 569.227 162581 72.1946 72.1946 36.0189 120
56000 40.2655 -312276 -310.176 162649 72.2046 72.2046 36.0239 120
56100 40.1916 -312276 -340.022 162686 72.21 72.21 36.0266 120
56200 40.2806 -312277 198.991 162616 72.1997 72.1997 36.0215 120
56300 40.1936 -312278 222.417 162633 72.2022 72.2022 36.0227 120
56400 39.89 -312278 -323.096 162675 72.2085 72.2085 36.0258 120
56500 39.9051 -312277 -113.184 162636 72.2027 72.2027 36.0229 120
56600 40.4288 -312277 -94.857 162646 72.2042 72.2042 36.0237 120
56700 40.1019 -312276 195.017 162644 72.2039 72.2039 36.0236 120
56800 40.2682 -312277 55.3515 162645 72.204 72.204 36.0236 120
56900 39.9741 -312277 -202.958 162684 72.2099 72.2099 36.0265 120
57000 40.0959 -312278 -407.215 162666 72.2072 72.2072 36.0252 120
57100 39.8525 -312277 290.759 162624 72.2009 72.2009 36.022 120
57200 40.252 -312277 -311.868 162680 72.2092 72.2092 36.0262 120
57300 40.1876 -312276 -248.144 162680 72.2092 72.2092 36.0262 120
57400 40.2717 -312276 -172.467 162634 72.2024 72.2024 36.0228 120
57500 39.9662 -312277 450.897 162618 72.2001 72.2001 36.0216 120
57600 39.8156 -312277 -222.762 162677 72.2088 72.2088 36.026 120
57700 39.9178 -312277 -126.995 162668 72.2074 72.2074 36.0253 120
57800 40.1037 -312277 -83.8794 162629 72.2017 72.2017 36.0225 120
57900 40.2869 -312276 441.428 162631 72.202 72.202 36.0226 120
58000 40.1346 -312275 -93.435 162663 72.2066 72.2066 36.0249 120
58100 39.6355 -312276 31.5766 162653 72.2053 72.2053 36.0242 120
58200 40.0134 -312278 139.708 162670 72.2077 72.2077 36.0254 120
58300 39.5968 -312277 -139.235 162661 72.2063 72.2063 36.0248 120
58400 40.4029 -312278 104.951 162623 72.2008 72.2008 36.022 120
58500 40.4563 -312277 160.497 162655 72.2055 72.2055 36.0243 120
58600 40.1929 -312275 -212.418 162699 72.212 72.212 36.0276 120
58700 40.4212 -312277 3.81743 162649 72.2047 72.2047 36.0239 120
58800 39.6648 -312277 234.966 162626 72.2012 72.2012 36.0222 120
58900 39.3352 -312277 -241.342 162652 72.2051 72.2051 36.0241 120
59000 39.6999 -312277 15.7632 162653 72.2052 72.2052 36.0242 120
59100 40.0078 -312276 16.0865 162660 72.2063 72.2063 36.0247 120
59200 40.4475 -312276 -242.498 162649 72.2047 72.2047 36.0239 120
59300 40.3462 -312276 96.7997 162652 72.2051 72.2051 36.0241 120
59400 40.1144 -312277 -111 162668 72.2075 72.2075 36.0253 120
59500 39.5924 -312277 -146.982 162642 72.2036 72.2036 36.0234 120
59600 39.6706 -312277 398.525 162610 72.1989 72.1989 36.021 120
59700 39.9716 -312276 -388.455 162671 72.2078 72.2078 36.0255 120
59800 40.4704 -312276 84.0106 162682 72.2096 72.2096 36.0264 120
59900 40.2799 -312276 -269.736 162661 72.2064 72.2064 36.0248 120
60000 40.148 -312277 329.261 162641 72.2034 72.2034 36.0233 120
60100 39.6665 -312277 -271.584 162674 72.2083 72.2083 36.0257 120
60200 40.026 -312278 113.757 162630 72.2019 72.2019 36.0225 120
60300 40.2798 -312277 321.356 162645 72.204 72.204 36.0236 120
60400 39.8277 -312275 -46.9671 162697 72.2118 72.2118 36.0275 120
60500 40.6521 -312277 343.228 162653 72.2053 72.2053 36.0242 120
60600 40.0546 -312276 -157.516 162632 72.2021 72.2021 36.0226 120
60700 39.5326 -312277 -235.888 162651 72.2049 72.2049 36.024 120
60800 39.2351 -312276 -209.764 162661 72.2064 72.2064 36.0248 120
60900 39.7761 -312277 313.447 162631 72.202 72.202 36.0226 120
61000 39.9704 -312276 -299.705 162672 72.208 72.208 36.0256 120
61100 40.3039 -312276 38.513 162658 72.2059 72.2059 36.0246 120
61200 39.7132 -312276 485.306 162635 72.2025 72.2025 36.0228 120
61300 39.8728 -312278 79.8475 162651 72.2049 72.2049 36.024 120
61400 39.3486 -312277 -454.736 162676 72.2087 72.2087 36.0259 120
61500 39.7835 -312277 282.624 162649 72.2046 72.2046 36.0239 120
61600 39.9273 -312276 -314.756 162666 72.2071 72.2071 36.0252 120
61700 39.9825 -312275 203.627 162657 72.2059 72.2059 36.0245 120
61800 40.5097 -312277 320.188 162648 72.2045 72.2045 36.0238 120
61900 39.86 -312277 171.277 162655 72.2056 72.2056 36.0244 120
62000 39.5452 -312277 -107.361 162661 72.2064 72.2064 36.0248 120
62100 40.0165 -312278 260.296 162639 72.2031 72.2031 36.0231 120
62200 40.5416 -312277 38.7549 162656 72.2057 72.2057 36.0244 120
62300 40.4139 -312276 74.0054 162672 72.208 72.208 36.0256 120
62400 40.3829 -312276 -180.051 162642 72.2035 72.2035 36.0234 120
62500 40.1422 -312277 342.525 162620 72.2003 72.2003 36.0217 120
62600 39.8058 -312277 -233.216 162679 72.2091 72.2091 36.0261 120
62700 39.5628 -312277 -155.381 162645 72.204 72.204 36.0236 120
62800 40.1355 -312277 170.851 162646 72.2041 72.2041 36.0236 120
62900 40.1623 -312276 -244.636 162686 72.2101 72.2101 36.0266 120
63000 40.5249 -312276 259.578 162668 72.2075 72.2075 36.0253 120
63100 39.9807 -312277 264.532 162620 72.2003 72.2003 36.0217 120
63200 39.7707 -312277 -426.31 162659 72.2061 72.2061 36.0246 120
63300 39.8469 -312277 -13.9899 162674 72.2084 72.2084 36.0258 120
63400 39.7188 -312277 288.443 162627 72.2014 72.2014 36.0223 120
63500 40.3906 -312277 -46.2827 162664 72.2069 72.2069 36.025 120
63600 40.2809 -312276 -38.9875 162654 72.2053 72.2053 36.0243 120
63700 40.2547 -312277 -55.7399 162620 72.2003 72.2003 36.0217 120
63800 39.9814 -312277 106.49 162634 72.2024 72.2024 36.0228 120
63900 39.6365 -312277 -12.6792 162666 72.2071 72.2071 36.0251 120
64000 40.2586 -312278 -67.7197 162667 72.2073 72.2073 36.0252 120
64100 40.0744 -312277 148.667 162638 72.203 72.203 36.0231 120
64200 40.3458 -312277 230.349 162612 72.1991 72.1991 36.0212 120
64300 39.9852 -312276 -34.2796 162669 72.2075 72.2075 36.0253 120
64400 40.0228 -312277 -124.04 162675 72.2085 72.2085 36.0258 120
64500 39.6367 -312277 87.2818 162631 72.2019 72.2019 36.0226 120
64600 39.5894 -312277 -230.21 162662 72.2065 72.2065 36.0248 120
64700 39.9623 -312276 282.556 162669 72.2076 72.2076 36.0254 120
64800 40.2163 -312276 -60.0633 162673 72.2082 72.2082 36.0257 120
64900 40.0585 -312276 -148.336 162641 72.2034 72.2034 36.0233 120
65000 39.8971 -312277 179.071 162615 72.1995 72.1995 36.0214 120
65100 39.6772 -312277 -33.8735 162662 72.2066 72.2066 36.0249 120
65200 39.8491 -312277 -201.106 162680 72.2092 72.2092 36.0262 120
65300 39.8521 -312276 308.071 162625 72.201 72.201 36.0221 120
65400 40.3852 -312276 -5.17125 162639 72.2031 72.2031 36.0231 120
65500 40.0881 -312276 -234.266 162671 72.2079 72.2079 36.0255 120
65600 40.016 -312276 387.446 162628 72.2015 72.2015 36.0223 120
65700 39.6299 -312277 -180.944 162644 72.2039 72.2039 36.0235 120
65800 39.9439 -312277 126.084 162666 72.2071 72.2071 36.0251 120
65900 40.0036 -312277 145.434 162670 72.2077 72.2077 36.0254 120
66000 40.4452 -312277 153.89 162646 72.2042 72.2042 36.0237 120
66100 40.2666 -312276 -105.342 162663 72.2067 72.2067 36.0249 120
66200 40.4268 -312277 168.054 162654 72.2054 72.2054 36.0243 120
66300 39.7601 -312277 -141.364 162641 72.2034 72.2034 36.0233 120
66400 39.6353 -312277 25.6932 162635 72.2026 72.2026 36.0229 120
66500 40.2236 -312278 -123.99 162670 72.2078 72.2078 36.0255 120
66600 40.2233 -312277 -85.1271 162651 72.205 72.205 36.0241 120
66700 40.3592 -312277 -53.8116 162644 72.2039 72.2039 36.0236 120
66800 40.2025 -312276 -396.043 162657 72.2058 72.2058 36.0245 120
66900 39.9768 -312277 132.504 162624 72.201 72.201 36.0221 120
67000 39.7609 -312277 -255.176 162658 72.2059 72.2059 36.0246 120
67100 39.8795 -312277 259.341 162652 72.2051 72.2051 36.0242 120
67200 40.0119 -312277 279.223 162626 72.2012 72.2012 36.0222 120
67300 40.0056 -312276 -107.64 162668 72.2074 72.2074 36.0253 120
67400 40.2868 -312276 -339.36 162687 72.2102 72.2102 36.0267 120
67500 40.3676 -312277 295.705 162625 72.201 72.201 36.0221 120
67600 39.9109 -312277 161.338 162643 72.2037 72.2037 36.0234 120
67700 39.2939 -312276 -485.007 162696 72.2116 72.2116 36.0274 120
67800 40.0248 -312277 -38.7479 162649 72.2046 72.2046 36.0239 120
67900 39.947 -312276 290.668 162630 72.2018 72.2018 36.0225 120
68000 40.5248 -312277 -62.9573 162648 72.2045 72.2045 36.0239 120
68100 40.5905 -312277 -14.9935 162681 72.2093 72.2093 36.0262 120
68200 39.6871 -312276 -137.59 162672 72.208 72.208 36.0256 120
68300 39.6348 -312277 128.589 162638 72.203 72.203 36.0231 120
68400 39.9008 -312277 42.0712 162632 72.2021 72.2021 36.0227 120
68500 39.8716 -312276 -18.6966 162649 72.2047 72.2047 36.0239 120
68600 40.0478 -312276 -229.308 162654 72.2053 72.2053 36.0243 120
68700 39.9892 -312277 478.14 162635 72.2025 72.2025 36.0229 120
68800 39.7013 -312276 -386.219 162682 72.2095 72.2095 36.0263 120
68900 40.0657 -312278 56.0871 162654 72.2054 72.2054 36.0243 120
69000 39.911 -312277 57.7406 162638 72.2031 72.2031 36.0231 120
69100 39.7671 -312276 -159.351 162656 72.2057 72.2057 36.0244 120
69200 40.0578 -312276 -563.54 162664 72.2068 72.2068 36.025 120
69300 39.8171 -312276 265.815 162641 72.2034 72.2034 36.0233 120
69400 39.9392 -312276 -469.289 162686 72.2101 72.2101 36.0266 120
69500 40.1179 -312277 350.339 162657 72.2058 72.2058 36.0245 120
69600 39.3985 -312276 17.2141 162634 72.2025 72.2025 36.0228 120
69700 39.9962 -312277 -444.468 162667 72.2073 72.2073 36.0252 120
69800 40.1072 -312277 249.984 162628 72.2016 72.2016 36.0224 120
69900 40.2662 -312276 -26.278 162648 72.2045 72.2045 36.0239 120
70000 40.2962 -312277 -377.767 162697 72.2118 72.2118 36.0275 120
70100 39.9734 -312277 406.787 162614 72.1995 72.1995 36.0213 120
70200 39.8631 -312277 409.095 162619 72.2001 72.2001 36.0217 120
70300 40.2117 -312277 -310.988 162685 72.2099 72.2099 36.0265 120
70400 40.4244 -312277 69.02 162648 72.2044 72.2044 36.0238 120
70500 39.9988 -312276 163.866 162645 72.204 72.204 36.0236 120
70600 40.0568 -312276 1.84378 162661 72.2064 72.2064 36.0248 120
70700 40.0569 -312276 -29.2001 162658 72.206 72.206 36.0246 120
70800 40.01 -312277 295.259 162642 72.2036 72.2036 36.0234 120
70900 40.1292 -312277 -128.509 162673 72.2082 72.2082 36.0257 120
71000 39.9174 -312277 127.149 162662 72.2066 72.2066 36.0249 120
71100 40.0851 -312277 -373.444 162660 72.2062 72.2062 36.0247 120
71200 40.1271 -312276 315.131 162613 72.1993 72.1993 36.0212 120
71300 39.9294 -312277 -490.983 162648 72.2045 72.2045 36.0238 120
71400 40.037 -312277 -28.397 162662 72.2066 72.2066 36.0249 120
71500 39.8732 -312277 125.487 162642 72.2036 72.2036 36.0234 120
71600 39.9447 -312277 26.494 162647 72.2043 72.2043 36.0238 120
71700 39.8148 -312276 -118.113 162663 72.2067 72.2067 36.0249 120
71800 40.0031 -312276 -323.417 162676 72.2087 72.2087 36.0259 120
71900 39.8143 -312276 119.62 162637 72.2028 72.2028 36.023 120
72000 39.9604 -312277 73.7541 162633 72.2023 72.2023 36.0227 120
72100 39.6262 -312277 274.918 162649 72.2047 72.2047 36.0239 120
72200 40.2914 -312277 -378.38 162692 72.2109 72.2109 36.027 120
72300 40.2022 -312277 87.2651 162655 72.2055 72.2055 36.0243 120
72400 40.0057 -312276 362.766 162628 72.2016 72.2016 36.0224 120
72500 40.5221 -312277 -73.1859 162674 72.2083 72.2083 36.0257 120
72600 40.0862 -312277 -449.381 162691 72.2108 72.2108 36.027 120
72700 40.0345 -312277 -64.7905 162649 72.2046 72.2046 36.0239 120
72800 40.0878 -312277 -8.2441 162612 72.1991 72.1991 36.0212 120
72900 39.9682 -312277 -75.2112 162640 72.2033 72.2033 36.0233 120
73000 40.1532 -312277 -277.888 162686 72.2101 72.2101 36.0266 120
73100 40.0493 -312276 407.485 162628 72.2016 72.2016 36.0224 120
73200 39.9384 -312276 -125.659 162640 72.2034 72.2034 36.0233 120
73300 40.1389 -312277 -152.23 162673 72.2081 72.2081 36.0256 120
73400 39.7928 -312277 184.231 162646 72.2042 72.2042 36.0237 120
73500 40.0272 -312277 113.121 162646 72.2043 72.2043 36.0237 120
73600 39.942 -312277 -9.69133 162668 72.2075 72.2075 36.0253 120
73700 40.2154 -312276 148.793 162649 72.2046 72.2046 36.0239 120
73800 40.0515 -312276 -214.861 162650 72.2047 72.2047 36.0239 120
73900 40.2283 -312277 77.0131 162671 72.2078 72.2078 36.0255 120
74000 39.7698 -312277 -112.289 162686 72.2101 72.2101 36.0266 120
74100 39.6608 -312277 -205.477 162667 72.2072 72.2072 36.0252 120
74200 40.1215 -312277 115.558 162645 72.204 72.204 36.0236 120
74300 39.7232 -312276 318.133 162628 72.2016 72.2016 36.0224 120
74400 40.4626 -312277 -359.292 162671 72.2079 72.2079 36.0255 120
74500 40.0079 -312276 88.5717 162649 72.2046 72.2046 36.0239 120
74600 39.7768 -312277 25.9506 162627 72.2014 72.2014 36.0223 120
74700 39.9388 -312277 -277.974 162648 72.2045 72.2045 36.0238 120
74800 40.3669 -312278 211.932 162644 72.2039 72.2039 36.0235 120
74900 40.4512 -312277 127.144 162654 72.2054 72.2054 36.0243 120
75000 40.2288 -312276 -484.104 162677 72.2088 72.2088 36.026 120
75100 39.8132 -312276 334.136 162626 72.2012 72.2012 36.0222 120
75200 39.8225 -312277 -137.604 162645 72.2041 72.2041 36.0236 120
75300 39.861 -312277 -270.38 162689 72.2106 72.2106 36.0269 120
75400 40.0426 -312277 131.403 162673 72.2081 72.2081 36.0257 120
75500 40.0381 -312276 143.915 162652 72.2051 72.2051 36.0241 120
75600 39.9784 -312276 -40.4104 162654 72.2054 72.2054 36.0243 120
75700 39.9369 -312276 -283.45 162666 72.2072 72.2072 36.0252 120
75800 40.0166 -312277 303.094 162644 72.2039 72.2039 36.0235 120
75900 40.1442 -312278 -50.1996 162635 72.2025 72.2025 36.0228 120
76000 40.1676 -312278 262.675 162634 72.2025 72.2025 36.0228 120
76100 39.9307 -312276 -186.784 162678 72.209 72.209 36.0261 120
76200 40.3918 -312277 -453.251 162671 72.2079 72.2079 36.0256 120
76300 40.4672 -312277 30.4664 162612 72.1991 72.1991 36.0211 120
76400 39.8889 -312277 4.03382 162651 72.2048 72.2049 36.024 120
76500 39.7723 -312276 -89.1018 162677 72.2087 72.2087 36.0259 120
76600 39.7975 -312277 312.818 162642 72.2035 72.2035 36.0234 120
76700 39.6016 -312276 156.995 162651 72.205 72.205 36.0241 120
76800 39.9741 -312276 -98.5435 162674 72.2083 72.2083 36.0257 120
76900 40.2123 -312276 90.9841 162656 72.2057 72.2057 36.0244 120
77000 40.0369 -312276 -90.5655 162646 72.2042 72.2042 36.0237 120
77100 39.9203 -312277 354.11 162645 72.204 72.204 36.0236 120
77200 39.6297 -312277 -95.1179 162666 72.2071 72.2071 36.0251 120
77300 39.7967 -312277 101.73 162668 72.2074 72.2074 36.0253 120
77400 39.8428 -312276 -48.2541 162678 72.2089 72.2089 36.026 120
77500 40.2953 -312276 154.748 162636 72.2027 72.2027 36.0229 120
77600 40.2431 -312277 138.519 162637 72.2028 72.2028 36.023 120
77700 40.3909 -312278 164.888 162622 72.2006 72.2006 36.0219 120
77800 39.7561 -312277 103.45 162668 72.2074 72.2074 36.0253 120
77900 39.8736 -312277 -133.687 162676 72.2086 72.2086 36.0259 120
78000 39.9114 -312276 198.706 162609 72.1988 72.1988 36.021 120
78100 40.1113 -312276 -13.8167 162664 72.2068 72.2068 36.025 120
78200 39.9532 -312276 -116.814 162676 72.2087 72.2087 36.0259 120
78300 40.1342 -312277 -217.395 162647 72.2043 72.2043 36.0237 120
78400 40.0735 -312277 -178.151 162649 72.2046 72.2046 36.0239 120
78500 39.9156 -312277 -125.376 162664 72.2068 72.2068 36.025 120
78600 39.836 -312276 215.787 162646 72.2041 72.2041 36.0237 120
78700 40.0992 -312276 -163.413 162673 72.2082 72.2082 36.0257 120
78800 40.188 -312276 -37.0204 162676 72.2087 72.2087 36.0259 120
78900 39.7553 -312276 215.56 162637 72.2029 72.2029 36.023 120
79000 39.7404 -312277 -50.8826 162654 72.2054 72.2054 36.0243 120
79100 39.7123 -312277 118.691 162656 72.2057 72.2057 36.0245 120
79200 40.0228 -312277 258.161 162641 72.2034 72.2034 36.0233 120
79300 39.9596 -312276 -14.6483 162663 72.2068 72.2068 36.025 120
79400 40.1049 -312276 -96.8019 162651 72.205 72.205 36.0241 120
79500 40.148 -312277 394.594 162625 72.2011 72.2011 36.0221 120
79600 39.8093 -312277 -235.756 162663 72.2066 72.2066 36.0249 120
79700 39.71 -312277 -343.109 162685 72.21 72.21 36.0266 120
79800 39.8264 -312277 151.181 162620 72.2003 72.2003 36.0217 120
79900 40.1655 -312277 -7.62141 162637 72.2029 72.2029 36.023 120
80000 40.1209 -312276 37.4786 162689 72.2105 72.2105 36.0268 120
80100 39.9131 -312275 -572.482 162696 72.2116 72.2116 36.0274 120
80200 40.1378 -312277 289.595 162626 72.2012 72.2012 36.0222 120
80300 39.6323 -312277 461.749 162619 72.2002 72.2002 36.0217 120
80400 39.5271 -312277 -135.855 162670 72.2078 72.2078 36.0255 120
80500 39.8357 -312277 -34.9825 162668 72.2074 72.2074 36.0253 120
80600 40.0796 -312276 157.443 162636 72.2027 72.2027 36.0229 120
80700 40.4031 -312277 -227.615 162633 72.2022 72.2022 36.0227 120
80800 40.2493 -312277 -168.121 162648 72.2045 72.2045 36.0238 120
80900 39.7943 -312277 -24.2516 162680 72.2093 72.2093 36.0262 120
81000 39.6841 -312277 -100.876 162654 72.2054 72.2054 36.0243 120
81100 39.8418 -312277 400.524 162612 72.1992 72.1992 36.0212 120
81200 40.3164 -312277 -246.38 162666 72.2072 72.2072 36.0252 120
81300 40.4214 -312277 305.462 162659 72.2061 72.2061 36.0246 120
81400 40.0336 -312277 315.025 162633 72.2023 72.2023 36.0227 120
81500 39.8643 -312277 -382.829 162682 72.2095 72.2095 36.0263 120
81600 39.6108 -312277 -343.803 162678 72.2089 72.2089 36.026 120
81700 39.9119 -312277 24.8075 162621 72.2005 72.2005 36.0218 120
81800 39.8886 -312276 316.143 162635 72.2025 72.2025 36.0228 120
81900 40.1581 -312276 -384.85 162679 72.209 72.209 36.0261 120
82000 40.4741 -312277 221.446 162650 72.2047 72.2047 36.0239 120
82100 40.1078 -312277 84.2514 162628 72.2015 72.2015 36.0223 120
82200 39.5672 -312277 71.7227 162657 72.2058 72.2058 36.0245 120
82300 39.8894 -312277 -189.511 162664 72.2069 72.2069 36.025 120
82400 39.9274 -312276 -149.695 162645 72.204 72.204 36.0236 120
82500 40.4081 -312277 -101.563 162652 72.205 72.205 36.0241 120
82600 40.2976 -312276 69.6177 162664 72.2068 72.2068 36.025 120
82700 39.9979 -312277 273.684 162620 72.2004 72.2004 36.0218 120
82800 39.7569 -312277 -65.0277 162662 72.2066 72.2066 36.0249 120
82900 39.7389 -312277 97.7094 162666 72.2071 72.2071 36.0251 120
83000 40.1269 -312277 192.337 162651 72.2049 72.2049 36.0241 120
83100 40.0933 -312276 -271.494 162670 72.2077 72.2077 36.0255 120
83200 40.3306 -312276 -88.3774 162651 72.205 72.205 36.0241 120
83300 40.2489 -312277 108.302 162636 72.2027 72.2027 36.0229 120
83400 40.0547 -312277 133.879 162677 72.2087 72.2087 36.0259 120
83500 39.9469 -312277 20.167 162679 72.209 72.209 36.0261 120
83600 39.8817 -312277 110.185 162633 72.2022 72.2022 36.0227 120
83700 40.0946 -312276 176.006 162626 72.2012 72.2012 36.0222 120
83800 40.4574 -312277 -532.984 162673 72.2081 72.2081 36.0257 120
83900 40.0011 -312276 56.0881 162648 72.2044 72.2044 36.0238 120
84000 40.1683 -312277 -42.8354 162648 72.2044 72.2044 36.0238 120
84100 39.8663 -312277 200.118 162650 72.2048 72.2048 36.024 120
84200 39.787 -312277 -448.443 162659 72.2061 72.2061 36.0246 120
84300 40.1149 -312277 213.094 162627 72.2013 72.2013 36.0223 120
84400 40.5219 -312277 120.724 162653 72.2052 72.2052 36.0242 120
84500 40.159 -312276 105.844 162687 72.2103 72.2103 36.0267 120
84600 39.988 -312277 315.485 162653 72.2052 72.2052 36.0242 120
84700 39.8262 -312277 232.756 162631 72.2019 72.2019 36.0226 120
84800 39.6712 -312277 -395.69 162684 72.2098 72.2098 36.0265 120
84900 39.9162 -312277 -75.8129 162658 72.206 72.206 36.0246 120
85000 39.9827 -312276 446.724 162616 72.1997 72.1997 36.0215 120
85100 40.4006 -312277 -119.582 162662 72.2066 72.2066 36.0249 120
85200 40.3987 -312277 -202.609 162651 72.2049 72.2049 36.024 120
85300 39.7147 -312277 491.47 162648 72.2044 72.2044 36.0238 120
85400 39.8999 -312277 -220.297 162678 72.209 72.209 36.0261 120
85500 39.9381 -312277 216.049 162640 72.2033 72.2033 36.0232 120
85600 40.1026 -312277 56.0105 162608 72.1985 72.1985 36.0208 120
85700 40.0245 -312276 -85.7621 162652 72.2051 72.2051 36.0241 120
85800 40.2041 -312276 3.19219 162671 72.2079 72.2079 36.0255 120
85900 39.9811 -312277 -168.276 162675 72.2084 72.2084 36.0258 120
86000 39.9664 -312277 380.86 162640 72.2033 72.2033 36.0232 120
86100 39.9331 -312277 -233.491 162652 72.2051 72.2051 36.0241 120
86200 40.0639 -312277 429.757 162633 72.2023 72.2023 36.0227 120
86300 40.023 -312276 199.202 162651 72.2049 72.2049 36.024 120
86400 40.304 -312276 -155.815 162696 72.2116 72.2116 36.0274 120
86500 39.8805 -312277 369.691 162646 72.2041 72.2041 36.0236 120
86600 39.597 -312277 223.693 162620 72.2003 72.2003 36.0218 120
86700 39.5522 -312277 -256.963 162662 72.2065 72.2065 36.0248 120
86800 40.0424 -312277 317.261 162645 72.204 72.204 36.0236 120
86900 40.444 -312277 458.081 162630 72.2018 72.2018 36.0225 120
87000 40.1051 -312276 -188.287 162670 72.2078 72.2078 36.0255 120
87100 40.3424 -312277 -258.462 162649 72.2047 72.2047 36.0239 120
87200 39.6412 -312277 -154.483 162627 72.2014 72.2014 36.0223 120
87300 39.7721 -312277 10.9737 162649 72.2046 72.2046 36.0239 120
87400 39.994 -312277 -492.639 162695 72.2114 72.2114 36.0273 120
87500 40.2407 -312276 -183.628 162661 72.2064 72.2064 36.0248 120
87600 40.2628 -312276 196.042 162633 72.2022 72.2022 36.0227 120
87700 40.1875 -312276 56.3889 162655 72.2056 72.2056 36.0244 120
87800 40.0484 -312277 11.9959 162684 72.2098 72.2098 36.0265 120
87900 39.9558 -312277 -497.834 162663 72.2067 72.2067 36.0249 120
88000 39.8174 -312277 365.685 162583 72.1949 72.1949 36.019 120
88100 40.324 -312277 -218.603 162658 72.206 72.206 36.0246 120
88200 39.8562 -312275 -491.419 162706 72.213 72.213 36.0281 120
88300 39.9275 -312276 28.2172 162642 72.2036 72.2036 36.0234 120
88400 40.0098 -312277 333.187 162615 72.1996 72.1996 36.0214 120
88500 40.0546 -312278 -468.319 162651 72.2049 72.2049 36.024 120
88600 39.9372 -312277 226.618 162628 72.2016 72.2016 36.0224 120
88700 39.7102 -312276 -124.593 162646 72.2041 72.2041 36.0237 120
88800 40.4624 -312277 -173.37 162680 72.2092 72.2092 36.0262 120
88900 39.9834 -312276 379.131 162637 72.2028 72.2028 36.023 120
89000 39.7114 -312276 299.139 162647 72.2043 72.2043 36.0237 120
89100 39.815 -312277 -272.934 162680 72.2093 72.2093 36.0262 120
89200 39.9059 -312277 152.66 162622 72.2006 72.2006 36.0219 120
89300 40.1384 -312277 14.9007 162639 72.2032 72.2032 36.0232 120
89400 40.2401 -312276 -512.101 162676 72.2086 72.2086 36.0259 120
89500 40.26 -312276 228.541 162650 72.2048 72.2048 36.024 120
89600 40.0641 -312277 -393.14 162677 72.2088 72.2088 36.026 120
89700 39.6653 -312276 182.167 162646 72.2042 72.2042 36.0237 120
89800 39.9292 -312277 157.06 162632 72.2021 72.2021 36.0227 120
89900 40.0286 -312277 7.76188 162653 72.2052 72.2052 36.0242 120
90000 39.9229 -312276 6.32055 162653 72.2052 72.2052 36.0242 120
90100 40.2776 -312277 250.392 162635 72.2025 72.2025 36.0228 120
90200 40.1888 -312277 49.5893 162641 72.2034 72.2034 36.0233 120
90300 39.9595 -312277 -339.827 162686 72.2102 72.2102 36.0267 120
90400 39.8423 -312277 -15.1959 162636 72.2027 72.2027 36.023 120
90500 39.7664 -312277 106.722 162627 72.2013 72.2013 36.0222 120
90600 40.1908 -312277 -243.389 162691 72.2108 72.2108 36.027 120
90700 40.0509 -312275 139.902 162661 72.2064 72.2064 36.0248 120
90800 40.1631 -312277 420.324 162632 72.202 72.202 36.0226 120
90900 39.8603 -312277 -379.601 162673 72.2082 72.2082 36.0257 120
91000 40.1365 -312278 333.113 162641 72.2035 72.2035 36.0233 120
91100 39.3682 -312276 29.4733 162648 72.2045 72.2045 36.0238 120
91200 40.2214 -312277 49.8172 162658 72.2059 72.2059 36.0245 120
91300 40.4888 -312277 271.203 162642 72.2036 72.2036 36.0234 120
91400 40.2601 -312277 -308.431 162666 72.2072 72.2072 36.0252 120
91500 39.9772 -312277 22.9425 162650 72.2048 72.2048 36.024 120
91600 39.7211 -312277 -359.392 162638 72.2031 72.2031 36.0231 120
91700 39.7593 -312277 172.854 162634 72.2025 72.2025 36.0228 120
91800 39.9059 -312276 -219.857 162679 72.2091 72.2091 36.0261 120
91900 40.4208 -312277 204.813 162646 72.2043 72.2043 36.0237 120
92000 40.4065 -312277 110.227 162652 72.2051 72.2051 36.0241 120
92100 40.4521 -312277 -110.17 162676 72.2086 72.2086 36.0259 120
92200 40.205 -312277 488.427 162632 72.2021 72.2021 36.0226 120
92300 39.8347 -312277 -164.64 162660 72.2063 72.2063 36.0247 120
92400 40.1603 -312277 281.628 162638 72.2029 72.2029 36.0231 120
92500 40.14 -312276 -76.1625 162646 72.2042 72.2042 36.0237 120
92600 40.2047 -312277 -5.43595 162671 72.2079 72.2079 36.0256 120
92700 40.0431 -312276 -339.899 162699 72.212 72.212 36.0276 120
92800 39.6967 -312277 502.503 162627 72.2014 72.2014 36.0223 120
92900 39.9937 -312278 209.95 162631 72.202 72.202 36.0226 120
93000 39.7301 -312277 -164.852 162644 72.2039 72.2039 36.0235 120
93100 40.2114 -312276 -211.621 162648 72.2045 72.2045 36.0238 120
93200 40.1718 -312276 -114.283 162671 72.2079 72.2079 36.0255 120
93300 40.4821 -312277 -75.3826 162656 72.2057 72.2057 36.0245 120
93400 39.5817 -312276 180.492 162644 72.2039 72.2039 36.0235 120
93500 39.6752 -312277 29.3352 162643 72.2038 72.2038 36.0235 120
93600 40.0168 -312277 114.912 162671 72.2078 72.2078 36.0255 120
93700 39.9326 -312276 216.285 162656 72.2057 72.2057 36.0244 120
93800 40.2942 -312276 449.423 162623 72.2008 72.2008 36.022 120
93900 40.1062 -312276 -425.557 162677 72.2088 72.2088 36.026 120
94000 39.897 -312276 35.3956 162663 72.2067 72.2067 36.025 120
94100 39.801 -312277 7.77354 162637 72.2028 72.2028 36.023 120
94200 39.7526 -312277 131.699 162642 72.2035 72.2035 36.0234 120
94300 40.2165 -312277 -387.99 162673 72.2082 72.2082 36.0257 120
94400 40.2682 -312277 245.037 162644 72.2038 72.2038 36.0235 120
94500 40.3479 -312276 -36.4057 162647 72.2043 72.2043 36.0237 120
94600 39.9043 -312276 -50.5189 162666 72.2072 72.2072 36.0252 120
94700 39.5103 -312277 -306.706 162650 72.2048 72.2048 36.024 120
94800 39.5292 -312277 627.938 162600 72.1973 72.1973 36.0203 120
94900 39.8104 -312276 -297.234 162664 72.2068 72.2068 36.025 120
95000 40.3567 -312276 -214.774 162705 72.2129 72.2129 36.028 120
95100 40.0601 -312276 387.467 162633 72.2022 72.2022 36.0227 120
95200 39.9508 -312277 83.505 162629 72.2017 72.2017 36.0224 120
95300 39.7215 -312276 -486.181 162697 72.2118 72.2118 36.0275 120
95400 40.2 -312276 141.348 162675 72.2085 72.2085 36.0258 120
95500 39.929 -312276 -46.1974 162657 72.2058 72.2058 36.0245 120
95600 39.7453 -312277 -311.469 162638 72.203 72.203 36.0231 120
95700 39.9445 -312277 68.3351 162631 72.202 72.202 36.0226 120
95800 40.0049 -312277 -536.872 162697 72.2117 72.2117 36.0274 120
95900 40.6364 -312278 -16.0387 162660 72.2063 72.2063 36.0247 120
96000 40.2184 -312277 151.649 162617 72.1998 72.1998 36.0215 120
96100 40.3733 -312276 -448.529 162675 72.2085 72.2085 36.0259 120
96200 40.1132 -312277 -321.766 162672 72.208 72.208 36.0256 120
96300 39.7466 -312277 420.309 162610 72.1988 72.1988 36.021 120
96400 39.9944 -312277 43.1012 162642 72.2035 72.2035 36.0234 120
96500 40.1011 -312277 -809.808 162680 72.2092 72.2092 36.0262 120
96600 40.7245 -312277 358.933 162633 72.2022 72.2022 36.0227 120
96700 40.3075 -312277 -32.3454 162664 72.2069 72.2069 36.025 120
96800 39.9195 -312276 -112.529 162666 72.2071 72.2071 36.0251 120
96900 39.4287 -312275 587.432 162640 72.2034 72.2034 36.0233 120
97000 39.8919 -312277 -232.843 162666 72.2071 72.2071 36.0251 120
97100 40.1431 -312278 26.5321 162631 72.202 72.202 36.0226 120
97200 39.9164 -312277 265.106 162640 72.2033 72.2033 36.0232 120
97300 40.0119 -312276 -808.02 162702 72.2124 72.2124 36.0278 120
97400 40.5225 -312277 136.704 162638 72.203 72.203 36.0231 120
97500 40.3476 -312277 294.645 162639 72.2032 72.2032 36.0232 120
97600 39.7872 -312277 -355.334 162683 72.2097 72.2097 36.0264 120
97700 39.877 -312277 30.5205 162633 72.2022 72.2022 36.0227 120
97800 40.1911 -312277 84.5524 162612 72.1992 72.1992 36.0212 120
97900 40.0565 -312276 -117.154 162655 72.2055 72.2055 36.0243 120
98000 40.4448 -312276 -45.0971 162673 72.2082 72.2082 36.0257 120
98100 40.1537 -312277 245.781 162645 72.204 72.204 36.0236 120
98200 40.0778 -312277 -250.22 162664 72.2068 72.2068 36.025 120
98300 40.2276 -312278 361.69 162654 72.2054 72.2054 36.0243 120
98400 39.7455 -312276 -105.505 162654 72.2054 72.2054 36.0243 120
98500 39.9184 -312276 26.1704 162637 72.2029 72.2029 36.023 120
98600 39.9599 -312276 -112.466 162640 72.2033 72.2033 36.0233 120
98700 39.942 -312276 -207.823 162663 72.2067 72.2067 36.0249 120
98800 40.3988 -312277 106.729 162653 72.2053 72.2053 36.0242 120
98900 40.0259 -312277 11.1649 162658 72.2059 72.2059 36.0245 120
99000 40.1232 -312277 -492.353 162670 72.2077 72.2077 36.0254 120
99100 40.0538 -312277 357.251 162626 72.2013 72.2013 36.0222 120
99200 39.9905 -312276 -78.8198 162668 72.2075 72.2075 36.0253 120
99300 40.0511 -312277 230.89 162654 72.2053 72.2053 36.0242 120
99400 39.9429 -312276 102.095 162631 72.2019 72.2019 36.0226 120
99500 39.6583 -312276 -52.5183 162650 72.2048 72.2048 36.024 120
99600 40.296 -312277 -332.008 162683 72.2096 72.2096 36.0264 120
99700 40.3142 -312278 31.1299 162655 72.2056 72.2056 36.0244 120
99800 40.0091 -312277 49.0752 162623 72.2008 72.2008 36.022 120
99900 40.0359 -312276 -333.197 162654 72.2054 72.2054 36.0243 120
100000 40.2062 -312276 146.288 162655 72.2056 72.2056 36.0244 120
