# Time-averaged data for fix 2
# TimeStep c_thermo_temp c_thermo_pe c_thermo_press v_myVol v_myCella v_myCellb v_myCellc v_myCellgamma
0 467.648 -311460 2846.82 163171 72.2818 72.2818 36.0624 120
100 468.289 -311458 1298.06 163311 72.3024 72.3024 36.0727 120
200 476.151 -311430 1475.76 163450 72.323 72.323 36.083 120
300 492.46 -311424 764.396 163578 72.3418 72.3418 36.0923 120
400 491.306 -311423 248.589 163690 72.3584 72.3584 36.1006 120
500 480.338 -311440 -1069.23 163786 72.3725 72.3725 36.1076 120
600 470.018 -311460 -1840.33 163838 72.3802 72.3802 36.1115 120
700 466.86 -311466 -781.238 163836 72.3798 72.3798 36.1113 120
800 475.427 -311465 -935.032 163817 72.3771 72.3771 36.1099 120
900 489.194 -311460 -592.273 163778 72.3714 72.3714 36.1071 120
1000 489.627 -311448 933.067 163745 72.3665 72.3665 36.1047 120
1100 484.305 -311455 1638.52 163741 72.3659 72.3659 36.1044 120
1200 475.058 -311471 1072.74 163760 72.3687 72.3687 36.1058 120
1300 468.121 -311481 251.474 163781 72.3717 72.3717 36.1073 120
1400 475.401 -311489 635.504 163819 72.3773 72.3773 36.11 120
1500 480.5 -311474 607.305 163871 72.385 72.385 36.1139 120
1600 484.721 -311463 -37.5357 163922 72.3925 72.3925 36.1176 120
1700 484.416 -311465 -820.981 163952 72.3969 72.3969 36.1198 120
1800 484.021 -311488 -330.468 163968 72.3993 72.3993 36.121 120
1900 476.253 -311497 -124.044 163982 72.4013 72.4013 36.122 120
2000 473.555 -311496 -715.248 163980 72.401 72.401 36.1219 120
2100 481.441 -311491 -785.99 163968 72.3992 72.3992 36.121 120
2200 482.739 -311469 144.716 163960 72.3981 72.3981 36.1204 120
2300 490.085 -311478 -481.415 163969 72.3995 72.3995 36.1211 120
2400 477.21 -311475 -1.13841 163975 72.4003 72.4003 36.1215 120
2500 478.493 -311505 511.774 163987 72.4021 72.4021 36.1224 120
2600 474.119 -311509 -542.893 164003 72.4044 72.4044 36.1235 120
2700 478.259 -311505 327.712 164009 72.4053 72.4053 36.124 120
2800 483.794 -311492 -962.717 164026 72.4078 72.4078 36.1253 120
2900 490.296 -311493 388.832 164042 72.4102 72.4102 36.1265 120
3000 484.521 -311494 848.355 164072 72.4146 72.4146 36.1287 120
3100 477.966 -311505 -782.618 164102 72.4189 72.4189 36.1308 120
3200 474.824 -311511 -693.111 164105 72.4194 72.4194 36.131 120
3300 477.056 -311509 48.1778 164091 72.4174 72.4174 36.1301 120
3400 481.342 -311497 -533.44 164077 72.4153 72.4153 36.129 120
3500 484.719 -311487 552.699 164065 72.4136 72.4136 36.1281 120
3600 484.05 -311489 -301.148 164056 72.4123 72.4123 36.1275 120
3700 479.006 -311501 -22.6403 164063 72.4133 72.4133 36.128 120
3800 475.621 -311512 554.262 164073 72.4148 72.4148 36.1287 120
3900 476.676 -311516 -293.459 164084 72.4163 72.4163 36.1295 120
4000 476.527 -311502 1172.29 164104 72.4193 72.4193 36.131 120
4100 484.563 -311497 -473.431 164142 72.4249 72.4249 36.1338 120
4200 484.139 -311491 -592.502 164173 72.4294 72.4294 36.1361 120
4300 480.606 -311496 839.802 164197 72.4329 72.4329 36.1378 120
4400 477.151 -311509 -609.441 164228 72.4376 72.4376 36.1401 120
4500 476.46 -311519 -601.68 164239 72.4392 72.4392 36.1409 120
4600 476.642 -311513 -1148.89 164232 72.4381 72.4381 36.1404 120
4700 480.157 -311500 750.315 164198 72.4331 72.4331 36.1379 120
4800 482.818 -311494 323.09 164164 72.4281 72.4281 36.1354 120
4900 486.194 -311505 -215.454 164130 72.4231 72.4231 36.1329 120
5000 479.404 -311509 -835.039 164105 72.4195 72.4195 36.1311 120
5100 476 -311519 429.772 164087 72.4167 72.4167 36.1297 120
5200 475.39 -311517 184.42 164075 72.4151 72.4151 36.1289 120
5300 480.003 -311511 -209.015 164079 72.4156 72.4156 36.1291 120
5400 481.232 -311498 716.149 164091 72.4174 72.4174 36.1301 120
5500 485.22 -311502 -338.062 164117 72.4213 72.4213 36.132 120
5600 479.686 -311504 -549.63 164146 72.4255 72.4255 36.1341 120
5700 476.272 -311513 509.666 164167 72.4286 72.4286 36.1356 120
5800 475.399 -311517 -1019.37 164190 72.4319 72.4319 36.1373 120
5900 481.591 -311521 846.348 164203 72.4338 72.4338 36.1383 120
6000 481.375 -311507 624.525 164211 72.435 72.435 36.1388 120
6100 485.3 -311507 658.031 164206 72.4343 72.4343 36.1385 120
6200 481.758 -311508 -289.293 164202 72.4337 72.4337 36.1382 120
6300 475.924 -311512 -371.436 164197 72.433 72.433 36.1378 120
6400 476.019 -311522 500.249 164185 72.4311 72.4311 36.1369 120
6500 478.661 -311523 -883.045 164178 72.4302 72.4302 36.1364 120
6600 480.544 -311514 641.343 164175 72.4298 72.4298 36.1362 120
6700 483.829 -311512 998.92 164190 72.432 72.432 36.1373 120
6800 482.049 -311511 110.589 164217 72.4359 72.4359 36.1393 120
6900 478.197 -311514 -364.613 164244 72.4399 72.4399 36.1413 120
7000 480.425 -311527 -1211.78 164261 72.4424 72.4424 36.1426 120
7100 474.324 -311516 134.836 164270 72.4437 72.4437 36.1432 120
7200 480.684 -311518 -738.419 164268 72.4434 72.4434 36.143 120
7300 483.745 -311515 1192.16 164251 72.4409 72.4409 36.1418 120
7400 484.034 -311515 -351.128 164234 72.4384 72.4384 36.1405 120
7500 478.365 -311513 1020.5 164212 72.4352 72.4352 36.1389 120
7600 477.016 -311522 174.988 164200 72.4334 72.4334 36.138 120
7700 474.866 -311522 1409.22 164194 72.4325 72.4325 36.1376 120
7800 476.371 -311518 601.838 164202 72.4337 72.4337 36.1382 120
7900 479.024 -311513 -1465.06 164216 72.4357 72.4357 36.1392 120
8000 482.967 -311514 69.0445 164221 72.4365 72.4365 36.1396 120
8100 479.24 -311513 30.4127 164228 72.4376 72.4376 36.1401 120
8200 478.484 -311522 -110.375 164235 72.4386 72.4386 36.1406 120
8300 475.589 -311522 128.058 164237 72.4388 72.4388 36.1407 120
8400 477.137 -311521 664.427 164235 72.4385 72.4385 36.1406 120
8500 477.846 -311514 28.0814 164238 72.439 72.439 36.1408 120
8600 480.073 -311511 462.211 164237 72.4389 72.4389 36.1408 120
8700 478.392 -311510 -759.302 164235 72.4386 72.4386 36.1406 120
8800 477.502 -311515 1009.85 164222 72.4366 72.4366 36.1396 120
8900 479.073 -311527 -134.623 164218 72.4361 72.4361 36.1394 120
9000 476.786 -311526 -338.397 164224 72.4369 72.4369 36.1398 120
9100 481.657 -311528 -661.886 164231 72.4379 72.4379 36.1403 120
9200 481.94 -311520 -194.234 164224 72.437 72.437 36.1398 120
9300 481.459 -311515 846.565 164208 72.4346 72.4346 36.1387 120
9400 479.681 -311520 224.625 164194 72.4326 72.4326 36.1376 120
9500 482.368 -311536 308.185 164202 72.4337 72.4337 36.1382 120
9600 475.6 -311529 622.713 164221 72.4365 72.4365 36.1396 120
9700 478.082 -311531 770.07 164241 72.4395 72.4395 36.1411 120
9800 481.949 -311526 -869.366 164266 72.4431 72.4431 36.1429 120
9900 482.896 -311520 105.499 164271 72.4438 72.4438 36.1432 120
10000 484.678 -311524 -432.654 164266 72.4431 72.4431 36.1429 120
10100 477.401 -311521 -109.136 164256 72.4416 72.4416 36.1421 120
10200 475.739 -311529 -457.958 164240 72.4394 72.4394 36.141 120
10300 483.429 -311548 -163.607 164216 72.4357 72.4357 36.1392 120
10400 480.598 -311538 277.51 164184 72.4311 72.4311 36.1369 120
10500 478.304 -311524 -893.385 164155 72.4269 72.4269 36.1348 120
10600 484.16 -311530 1750.69 164138 72.4243 72.4243 36.1335 120
10700 483.397 -311533 358.511 164151 72.4262 72.4262 36.1345 120
10800 475.465 -311525 459.03 164173 72.4295 72.4295 36.1361 120
10900 482.672 -311544 -510.668 164200 72.4334 72.4334 36.138 120
11000 478.469 -311535 -0.229675 164215 72.4357 72.4357 36.1392 120
11100 483.096 -311537 -569.325 164224 72.4369 72.4369 36.1398 120
11200 480.135 -311525 -479.521 164232 72.4381 72.4381 36.1404 120
11300 484.936 -311535 129.403 164244 72.4399 72.4399 36.1413 120
11400 482.577 -311537 -582.417 164253 72.4412 72.4412 36.1419 120
11500 479.07 -311537 -700.8 164245 72.44 72.44 36.1414 120
11600 477.331 -311534 657.161 164227 72.4373 72.4373 36.14 120
11700 479.609 -311533 638.553 164217 72.4359 72.4359 36.1393 120
11800 481.32 -311530 -64.1534 164214 72.4355 72.4355 36.1391 120
11900 481.926 -311529 -155.696 164218 72.436 72.436 36.1393 120
12000 477.014 -311525 188.1 164220 72.4364 72.4364 36.1395 120
12100 485.43 -311546 -1060.2 164221 72.4365 72.4365 36.1396 120
12200 474.516 -311530 -83.9383 164215 72.4356 72.4356 36.1392 120
12300 474.883 -311529 102.24 164208 72.4346 72.4346 36.1386 120
12400 478.989 -311530 -614.435 164194 72.4325 72.4325 36.1376 120
12500 484.249 -311534 -699.344 164176 72.4298 72.4298 36.1362 120
12600 485.84 -311540 1233.17 164166 72.4284 72.4284 36.1356 120
12700 478.205 -311534 705.168 164179 72.4304 72.4304 36.1365 120
12800 477.807 -311539 614.841 164200 72.4334 72.4334 36.1381 120
12900 476.71 -311533 76.9388 164224 72.4369 72.4369 36.1398 120
13000 478.749 -311529 -881.313 164252 72.441 72.441 36.1418 120
13100 483.992 -311532 513.786 164265 72.443 72.443 36.1428 120
13200 478.903 -311526 -1421.56 164268 72.4435 72.4435 36.1431 120
13300 476.532 -311528 -551.37 164253 72.4412 72.4412 36.1419 120
13400 479.766 -311540 -336.554 164224 72.437 72.437 36.1398 120
13500 481.369 -311546 -153.783 164200 72.4335 72.4335 36.1381 120
13600 475.675 -311531 287.72 164178 72.4302 72.4302 36.1365 120
13700 481.67 -311533 1364.33 164166 72.4284 72.4284 36.1356 120
13800 483.593 -311533 689.365 164172 72.4292 72.4292 36.136 120
13900 483.782 -311541 66.1176 164187 72.4316 72.4316 36.1371 120
14000 476.915 -311535 249.324 164203 72.4339 72.4339 36.1383 120
14100 484.031 -311552 -415.758 164215 72.4356 72.4356 36.1392 120
14200 483.814 -311547 821.002 164231 72.4379 72.4379 36.1403 120
14300 481.356 -311535 214.052 164255 72.4414 72.4414 36.142 120
14400 480.48 -311530 -1114.72 164274 72.4443 72.4443 36.1435 120
14500 478.225 -311529 -1134.74 164276 72.4446 72.4446 36.1436 120
14600 477.269 -311537 -793.827 164259 72.4421 72.4421 36.1424 120
14700 475.106 -311537 128.092 164235 72.4386 72.4386 36.1406 120
14800 477.614 -311540 742.283 164220 72.4364 72.4364 36.1395 120
14900 482.637 -311542 252.329 164223 72.4368 72.4368 36.1398 120
15000 483.329 -311538 -57.4904 164235 72.4385 72.4385 36.1406 120
15100 479.966 -311532 -727.944 164244 72.4399 72.4399 36.1413 120
15200 481.803 -311543 -46.3083 164250 72.4408 72.4408 36.1417 120
15300 480.69 -311548 -211.616 164256 72.4417 72.4417 36.1422 120
15400 475.59 -311540 -703.018 164262 72.4426 72.4426 36.1426 120
15500 479.177 -311539 -90.2344 164267 72.4433 72.4433 36.143 120
15600 483.395 -311539 -315.281 164272 72.444 72.444 36.1433 120
15700 487.871 -311546 -907.837 164273 72.4441 72.4441 36.1434 120
15800 477.469 -311540 -176.129 164262 72.4425 72.4425 36.1426 120
15900 475.368 -311544 119.551 164248 72.4404 72.4404 36.1415 120
16000 474.337 -311538 -165.295 164238 72.439 72.439 36.1409 120
16100 480.723 -311542 671.827 164237 72.4388 72.4388 36.1407 120
16200 479.829 -311538 -1087.98 164248 72.4405 72.4405 36.1416 120
16300 482.28 -311544 -138.101 164247 72.4403 72.4403 36.1415 120
16400 480.088 -311541 299.505 164240 72.4393 72.4393 36.141 120
16500 480.65 -311544 103.21 164226 72.4373 72.4373 36.14 120
16600 477.507 -311550 1538.41 164217 72.436 72.436 36.1393 120
16700 475.714 -311550 612.81 164217 72.4359 72.4359 36.1393 120
16800 479.923 -311545 233.816 164226 72.4373 72.4373 36.14 120
16900 482.23 -311542 -114.928 164246 72.4402 72.4402 36.1414 120
17000 482.008 -311541 486.605 164262 72.4425 72.4425 36.1426 120
17100 477.719 -311539 848.4 164276 72.4446 72.4446 36.1436 120
17200 474.458 -311546 -857.875 164278 72.4448 72.4448 36.1437 120
17300 476.019 -311552 -371.799 164263 72.4426 72.4426 36.1426 120
17400 483.563 -311549 779.36 164245 72.4401 72.4401 36.1414 120
17500 477.511 -311532 1149.36 164229 72.4376 72.4376 36.1401 120
17600 480.06 -311540 131.553 164231 72.4379 72.4379 36.1403 120
17700 480.186 -311548 396.063 164239 72.4391 72.4391 36.1409 120
17800 475.538 -311546 -44.1626 164253 72.4412 72.4412 36.1419 120
17900 477.05 -311543 -298.379 164275 72.4445 72.4445 36.1436 120
18000 480.452 -311532 726.967 164298 72.4479 72.4479 36.1453 120
18100 479.623 -311532 -208.874 164325 72.4518 72.4518 36.1472 120
18200 480.207 -311543 -434.507 164345 72.4547 72.4547 36.1487 120
18300 474.817 -311540 -1097.97 164342 72.4543 72.4543 36.1485 120
18400 481.355 -311550 -766.877 164314 72.4501 72.4501 36.1464 120
18500 476.724 -311536 1281.09 164275 72.4444 72.4444 36.1435 120
18600 478.878 -311539 491.633 164249 72.4406 72.4406 36.1416 120
18700 481.957 -311547 -424.123 164234 72.4384 72.4384 36.1405 120
18800 477.873 -311541 238.438 164223 72.4367 72.4367 36.1397 120
18900 478.698 -311544 553.383 164219 72.4362 72.4362 36.1394 120
19000 475.684 -311537 1021.19 164229 72.4377 72.4377 36.1402 120
19100 480.296 -311539 -76.6776 164251 72.441 72.441 36.1418 120
19200 483.757 -311540 -181.971 164280 72.4451 72.4451 36.1439 120
19300 479.428 -311538 152.496 164304 72.4487 72.4487 36.1457 120
19400 477.526 -311548 -694.171 164320 72.4511 72.4511 36.1469 120
19500 480.154 -311554 401.948 164315 72.4504 72.4504 36.1465 120
19600 478.683 -311545 -347.03 164305 72.4488 72.4488 36.1457 120
19700 481.058 -311536 -433.552 164288 72.4463 72.4463 36.1445 120
19800 489.774 -311546 1417.02 164267 72.4432 72.4432 36.1429 120
19900 479.576 -311549 717.795 164267 72.4432 72.4432 36.1429 120
20000 482.516 -311561 772.91 164283 72.4457 72.4457 36.1442 120
20100 476.553 -311546 -172.306 164294 72.4473 72.4473 36.145 120
20200 479.977 -311542 441.622 164293 72.4471 72.4471 36.1449 120
20300 480.047 -311537 -19.5035 164295 72.4474 72.4474 36.145 120
20400 483.908 -311547 -112.517 164296 72.4475 72.4475 36.1451 120
20500 477.64 -311550 101.127 164301 72.4483 72.4483 36.1455 120
20600 478.773 -311556 -785.229 164311 72.4497 72.4497 36.1462 120
20700 478.07 -311547 83.6293 164313 72.4501 72.4501 36.1464 120
20800 484.689 -311554 -305.595 164329 72.4524 72.4524 36.1475 120
20900 480.879 -311544 -1032.09 164331 72.4526 72.4526 36.1476 120
21000 477.48 -311539 -2227.38 164314 72.4501 72.4501 36.1464 120
21100 480.71 -311547 -17.7163 164269 72.4436 72.4436 36.1431 120
21200 478.844 -311544 -78.9324 164224 72.4369 72.4369 36.1398 120
21300 479.957 -311550 45.7059 164200 72.4335 72.4335 36.1381 120
21400 477.253 -311556 2001.74 164181 72.4306 72.4306 36.1366 120
21500 476.076 -311554 802.663 164192 72.4323 72.4323 36.1375 120
21600 480.093 -311549 309.019 164237 72.4389 72.4389 36.1408 120
21700 484.427 -311548 -1639.97 164290 72.4467 72.4467 36.1447 120
21800 481.273 -311543 -599.657 164320 72.4511 72.4511 36.1469 120
21900 479.233 -311545 -1260.94 164332 72.4529 72.4529 36.1478 120
22000 471.727 -311548 -1163.55 164310 72.4497 72.4497 36.1461 120
22100 476.857 -311558 -699.377 164275 72.4445 72.4445 36.1436 120
22200 476.661 -311550 52.029 164242 72.4395 72.4395 36.1411 120
22300 478.405 -311547 401.364 164227 72.4373 72.4373 36.14 120
22400 485.809 -311557 -36.2817 164229 72.4377 72.4377 36.1402 120
22500 479.557 -311543 1239.64 164239 72.4391 72.4391 36.1409 120
22600 483.703 -311553 -666.612 164263 72.4427 72.4427 36.1427 120
22700 476.747 -311547 -519.694 164284 72.4458 72.4458 36.1442 120
22800 474.887 -311548 -174.732 164291 72.4468 72.4468 36.1447 120
22900 480.251 -311553 -132.679 164291 72.4468 72.4468 36.1447 120
23000 482.907 -311544 -728.803 164292 72.447 72.447 36.1448 120
23100 484.73 -311546 87.8672 164289 72.4465 72.4465 36.1446 120
23200 478.641 -311540 186.205 164285 72.4459 72.4459 36.1443 120
23300 482.572 -311552 -28.8731 164291 72.4469 72.4469 36.1448 120
23400 482.867 -311554 -472.618 164309 72.4494 72.4494 36.146 120
23500 480.279 -311549 67.3684 164328 72.4523 72.4523 36.1474 120
23600 484.086 -311555 -758.825 164349 72.4553 72.4553 36.149 120
23700 483.897 -311554 272.957 164353 72.4558 72.4558 36.1492 120
23800 481.272 -311547 163.349 164346 72.4549 72.4549 36.1487 120
23900 478.981 -311544 6.84102 164327 72.4521 72.4521 36.1474 120
24000 479.725 -311552 -539.179 164302 72.4483 72.4483 36.1455 120
24100 474.192 -311548 327.78 164264 72.4428 72.4428 36.1427 120
24200 475.945 -311552 -359.218 164244 72.4398 72.4398 36.1412 120
24300 481.538 -311551 830.758 164246 72.4401 72.4401 36.1414 120
24400 480.067 -311539 -91.8031 164272 72.444 72.444 36.1433 120
24500 483.614 -311549 -1197.19 164309 72.4494 72.4494 36.146 120
24600 479.341 -311552 -296.678 164324 72.4517 72.4517 36.1472 120
24700 477.868 -311555 56.2001 164327 72.452 72.452 36.1473 120
24800 477.438 -311551 332.706 164324 72.4517 72.4517 36.1472 120
24900 480.528 -311552 270.063 164315 72.4503 72.4503 36.1465 120
25000 481.656 -311548 -1167.27 164312 72.4498 72.4498 36.1462 120
25100 479.677 -311537 -1348.33 164294 72.4472 72.4472 36.1449 120
25200 480.039 -311530 819.73 164266 72.4432 72.4432 36.1429 120
25300 484.273 -311543 -528.085 164257 72.4417 72.4417 36.1422 120
25400 481.142 -311552 1283.09 164248 72.4404 72.4404 36.1416 120
25500 479.97 -311557 191.95 164263 72.4427 72.4427 36.1427 120
25600 478.356 -311553 -393.221 164278 72.4449 72.4449 36.1438 120
25700 481.636 -311548 -407.729 164298 72.4479 72.4479 36.1453 120
25800 479.045 -311535 -148.056 164329 72.4524 72.4524 36.1475 120
25900 482.38 -311545 -105.787 164365 72.4577 72.4577 36.1502 120
26000 480.626 -311549 -464.754 164389 72.4612 72.4612 36.1519 120
26100 482.104 -311554 -1102.14 164392 72.4616 72.4616 36.1521 120
26200 476.922 -311545 -29.95 164370 72.4583 72.4583 36.1505 120
26300 480.229 -311549 -534.681 164332 72.4528 72.4528 36.1477 120
26400 481.073 -311548 294.726 164275 72.4444 72.4444 36.1435 120
26500 481.222 -311543 -263.976 164240 72.4393 72.4393 36.141 120
26600 482.375 -311549 481.129 164223 72.4367 72.4367 36.1397 120
26700 480.448 -311557 -194.239 164219 72.4361 72.4361 36.1394 120
26800 476.362 -311555 1361.56 164226 72.4372 72.4372 36.14 120
26900 483.058 -311561 479.472 164262 72.4425 72.4425 36.1426 120
27000 486.337 -311555 -596.728 164303 72.4485 72.4485 36.1456 120
27100 480.95 -311542 458.653 164332 72.4528 72.4528 36.1477 120
27200 478.533 -311541 -936.622 164362 72.4572 72.4572 36.1499 120
27300 481.714 -311557 -2066.55 164385 72.4605 72.4605 36.1516 120
27400 478.586 -311554 194.518 164384 72.4604 72.4604 36.1515 120
27500 478.325 -311547 -1080.66 164365 72.4577 72.4577 36.1502 120
27600 482.705 -311540 753.534 164323 72.4515 72.4515 36.1471 120
27700 483.903 -311545 355.457 164294 72.4472 72.4472 36.1449 120
27800 479.763 -311547 368.418 164272 72.4439 72.4439 36.1433 120
27900 481.164 -311556 181.485 164261 72.4424 72.4424 36.1425 120
28000 474.661 -311543 125.592 164268 72.4434 72.4434 36.143 120
28100 475.631 -311542 1009.4 164286 72.446 72.446 36.1443 120
28200 482.174 -311544 930.735 164307 72.4491 72.4491 36.1459 120
28300 483.324 -311535 -180.824 164341 72.4541 72.4541 36.1484 120
28400 484.29 -311544 676.649 164377 72.4595 72.4595 36.1511 120
28500 479.511 -311547 -1347.76 164414 72.4649 72.4649 36.1538 120
28600 482.322 -311554 -433.271 164429 72.4671 72.4671 36.1549 120
28700 479.182 -311552 -672.399 164422 72.4661 72.4661 36.1544 120
28800 477.943 -311553 0.209684 164397 72.4623 72.4623 36.1525 120
28900 481.934 -311558 382.764 164349 72.4554 72.4554 36.149 120
29000 484.775 -311554 -52.1739 164297 72.4476 72.4476 36.1451 120
29100 485.679 -311549 48.8857 164249 72.4406 72.4406 36.1416 120
29200 482.068 -311550 591.284 164233 72.4383 72.4383 36.1405 120
29300 477.234 -311557 -46.5352 164244 72.4399 72.4399 36.1413 120
29400 479.209 -311559 1137.48 164275 72.4444 72.4444 36.1435 120
29500 482.919 -311559 -0.382939 164327 72.4521 72.4521 36.1473 120
29600 478.169 -311542 373.443 164370 72.4584 72.4584 36.1505 120
29700 487.105 -311556 -681.402 164397 72.4623 72.4623 36.1525 120
29800 480.197 -311550 -913.434 164399 72.4626 72.4626 36.1526 120
29900 474.831 -311562 -306.12 164378 72.4596 72.4596 36.1511 120
30000 477.699 -311563 35.7966 164336 72.4534 72.4534 36.148 120
30100 484.133 -311563 -384.33 164300 72.4481 72.4481 36.1454 120
30200 474.055 -311537 482.028 164260 72.4422 72.4422 36.1424 120
30300 483.154 -311550 2032.37 164221 72.4364 72.4364 36.1395 120
30400 480.305 -311551 393.95 164213 72.4354 72.4354 36.139 120
30500 473.303 -311551 553.184 164233 72.4383 72.4383 36.1405 120
30600 478.876 -311562 951.609 164272 72.444 72.444 36.1433 120
30700 483.577 -311561 1429.77 164325 72.4518 72.4518 36.1472 120
30800 481.793 -311553 -878.499 164389 72.4613 72.4613 36.1519 120
30900 479.809 -311548 -2422.3 164430 72.4672 72.4672 36.1549 120
31000 480.512 -311549 -993.868 164422 72.466 72.466 36.1543 120
31100 479.452 -311550 -287.338 164395 72.4621 72.4621 36.1523 120
31200 476.063 -311552 -1628.96 164361 72.4571 72.4571 36.1499 120
31300 478.781 -311559 -292.338 164310 72.4496 72.4496 36.1461 120
31400 479.083 -311548 -290.447 164256 72.4417 72.4417 36.1422 120
31500 485.721 -311553 2033.79 164218 72.4361 72.4361 36.1394 120
31600 476.932 -311539 -991.563 164230 72.4378 72.4378 36.1402 120
31700 480.506 -311552 727.975 164249 72.4406 72.4406 36.1416 120
31800 476.777 -311548 386.548 164288 72.4464 72.4464 36.1445 120
31900 483.015 -311559 379.182 164342 72.4543 72.4543 36.1485 120
32000 480.139 -311551 -329.514 164397 72.4624 72.4624 36.1525 120
32100 476.558 -311539 -1105.05 164438 72.4684 72.4684 36.1555 120
32200 484.991 -311546 -515.67 164446 72.4696 72.4696 36.1561 120
32300 485.185 -311544 -372.752 164422 72.466 72.466 36.1543 120
32400 481.267 -311553 485.878 164379 72.4597 72.4597 36.1511 120
32500 473.968 -311546 -401.557 164326 72.452 72.452 36.1473 120
32600 476.192 -311550 462.657 164265 72.443 72.443 36.1428 120
32700 478.846 -311549 101.896 164217 72.4359 72.4359 36.1393 120
32800 480.969 -311540 296.214 164184 72.4311 72.4311 36.1369 120
32900 488.237 -311552 1408.48 164180 72.4304 72.4304 36.1366 120
33000 478.788 -311548 1533.76 164220 72.4364 72.4364 36.1395 120
33100 473.665 -311544 1031.36 164301 72.4482 72.4482 36.1454 120
33200 483.099 -311557 169.269 164388 72.461 72.461 36.1518 120
33300 481.728 -311550 -1470.1 164461 72.4718 72.4718 36.1572 120
33400 482.265 -311546 -1494.75 164503 72.478 72.478 36.1603 120
33500 481.617 -311545 -1609.83 164494 72.4766 72.4766 36.1596 120
33600 480.086 -311553 -948.281 164436 72.4681 72.4681 36.1554 120
33700 474.61 -311552 127.717 164360 72.457 72.457 36.1498 120
33800 478.575 -311557 -190.875 164282 72.4455 72.4455 36.1441 120
33900 484.367 -311553 496.17 164201 72.4335 72.4335 36.1381 120
34000 482.334 -311545 966.71 164147 72.4256 72.4256 36.1341 120
34100 484.099 -311555 1900.42 164132 72.4234 72.4234 36.133 120
34200 478.526 -311552 1290.87 164162 72.4279 72.4279 36.1353 120
34300 478.533 -311557 -31.8045 164235 72.4386 72.4386 36.1406 120
34400 481.151 -311558 -445.802 164326 72.4519 72.4519 36.1473 120
34500 486.629 -311549 264.87 164400 72.4628 72.4628 36.1527 120
34600 478.094 -311534 -1714.77 164456 72.471 72.471 36.1568 120
34700 485.884 -311558 -1121.45 164476 72.474 72.474 36.1583 120
34800 477.171 -311551 -1915.07 164470 72.4731 72.4731 36.1579 120
34900 478.285 -311552 -1610.17 164421 72.4659 72.4659 36.1542 120
35000 480.632 -311553 184.468 164339 72.4538 72.4538 36.1482 120
35100 479.396 -311543 1437.59 164250 72.4408 72.4408 36.1417 120
35200 487.35 -311543 1670.99 164184 72.4311 72.4311 36.1369 120
35300 487.059 -311545 1366.79 164163 72.428 72.428 36.1353 120
35400 482.413 -311551 1911.82 164181 72.4306 72.4306 36.1366 120
35500 482.559 -311557 1361.97 164238 72.4389 72.4389 36.1408 120
35600 477.555 -311553 302.569 164320 72.4511 72.4511 36.1468 120
35700 479.982 -311559 -408.502 164403 72.4633 72.4633 36.153 120
35800 476.84 -311545 -846.842 164464 72.4722 72.4722 36.1574 120
35900 484.774 -311546 -923.812 164491 72.4762 72.4762 36.1594 120
36000 486.046 -311551 -1402.64 164483 72.4749 72.4749 36.1588 120
36100 478.334 -311548 -1166.49 164444 72.4693 72.4693 36.156 120
36200 478.237 -311551 627.127 164383 72.4603 72.4603 36.1515 120
36300 482.184 -311558 788.795 164323 72.4515 72.4515 36.1471 120
36400 484.429 -311561 48.5207 164281 72.4454 72.4454 36.144 120
36500 482.127 -311552 952.734 164254 72.4413 72.4413 36.142 120
36600 481.191 -311544 793.696 164248 72.4404 72.4404 36.1415 120
36700 483.278 -311549 -315.183 164270 72.4436 72.4436 36.1431 120
36800 479.143 -311555 711.22 164294 72.4472 72.4472 36.1449 120
36900 479.402 -311561 675.447 164339 72.4538 72.4538 36.1482 120
37000 477.923 -311553 367.597 164382 72.4602 72.4602 36.1514 120
37100 481.728 -311552 -572.53 164405 72.4635 72.4635 36.1531 120
37200 482.202 -311542 189.899 164397 72.4623 72.4623 36.1525 120
37300 488.813 -311539 51.1777 164377 72.4595 72.4595 36.1511 120
37400 488.561 -311546 -135.251 164342 72.4543 72.4543 36.1485 120
37500 487.93 -311558 1318.88 164304 72.4487 72.4487 36.1457 120
37600 482.409 -311559 -733.378 164289 72.4466 72.4466 36.1446 120
37700 478.167 -311557 1315.34 164277 72.4448 72.4448 36.1437 120
37800 479.78 -311562 1805.79 164301 72.4482 72.4482 36.1454 120
37900 480.244 -311554 -122.203 164358 72.4567 72.4567 36.1496 120
38000 482.089 -311545 -584.079 164410 72.4643 72.4643 36.1534 120
38100 485.514 -311553 332.064 164439 72.4686 72.4686 36.1556 120
38200 479.102 -311549 -1276.34 164442 72.469 72.469 36.1558 120
38300 481.482 -311558 -517.229 164407 72.4639 72.4639 36.1532 120
38400 479.174 -311554 -70.5703 164360 72.4569 72.4569 36.1498 120
38500 478.807 -311553 -212.518 164316 72.4504 72.4504 36.1465 120
38600 480.056 -311551 828.144 164274 72.4443 72.4443 36.1435 120
38700 486.502 -311557 359.842 164251 72.4408 72.4408 36.1418 120
38800 484.236 -311552 2145.08 164247 72.4403 72.4403 36.1415 120
38900 473.488 -311545 -340.339 164278 72.4448 72.4448 36.1437 120
39000 474.518 -311553 82.2767 164320 72.4511 72.4511 36.1469 120
39100 479.283 -311559 494.135 164369 72.4582 72.4582 36.1504 120
39200 481.453 -311554 -718.979 164416 72.4651 72.4651 36.1539 120
39300 484.606 -311555 -2652.86 164444 72.4692 72.4692 36.1559 120
39400 476.608 -311549 237.66 164435 72.468 72.468 36.1553 120
39500 474.737 -311561 -815.747 164406 72.4637 72.4637 36.1532 120
39600 481.192 -311568 874.762 164344 72.4546 72.4546 36.1486 120
39700 485.449 -311563 914.717 164293 72.4471 72.4471 36.1449 120
39800 485.081 -311559 1603.82 164260 72.4423 72.4423 36.1425 120
39900 479.803 -311551 1513.84 164249 72.4407 72.4407 36.1417 120
40000 473.652 -311552 444.514 164267 72.4432 72.4432 36.1429 120
40100 474.932 -311561 230.365 164313 72.45 72.45 36.1463 120
40200 477.203 -311558 -804.312 164381 72.46 72.46 36.1513 120
40300 475.881 -311549 -644.728 164443 72.4691 72.4691 36.1559 120
40400 481.934 -311556 -416.315 164486 72.4755 72.4755 36.159 120
40500 483.425 -311555 -1697.96 164502 72.4778 72.4778 36.1602 120
40600 482.147 -311550 -622.486 164489 72.4759 72.4759 36.1592 120
40700 483.304 -311558 -882.004 164446 72.4696 72.4696 36.1561 120
40800 480.852 -311564 372.146 164376 72.4593 72.4593 36.151 120
40900 480.94 -311568 1265.91 164299 72.4479 72.4479 36.1453 120
41000 478.514 -311554 760.033 164260 72.4422 72.4422 36.1424 120
41100 483.776 -311554 922.109 164250 72.4408 72.4408 36.1417 120
41200 476.475 -311541 1571.17 164280 72.4452 72.4452 36.1439 120
41300 475.053 -311544 158.761 164340 72.454 72.454 36.1483 120
41400 478.369 -311557 -726.401 164404 72.4634 72.4634 36.153 120
41500 475.267 -311561 -386.36 164439 72.4685 72.4685 36.1555 120
41600 473.188 -311566 -50.0173 164443 72.4691 72.4691 36.1559 120
41700 476.695 -311558 -184.503 164429 72.4671 72.4671 36.1549 120
41800 484.272 -311563 -179.829 164389 72.4612 72.4612 36.1519 120
41900 481.481 -311552 -537.445 164335 72.4532 72.4532 36.1479 120
42000 481.37 -311550 464.389 164286 72.446 72.446 36.1443 120
42100 479.871 -311554 608.656 164276 72.4446 72.4446 36.1436 120
42200 477.948 -311565 596.629 164296 72.4475 72.4475 36.1451 120
42300 477.336 -311564 98.2699 164323 72.4515 72.4515 36.1471 120
42400 479.202 -311557 -564.858 164339 72.4539 72.4539 36.1483 120
42500 482.508 -311556 550.749 164343 72.4545 72.4545 36.1485 120
42600 481.309 -311555 195.39 164353 72.4559 72.4559 36.1492 120
42700 480.668 -311558 -273.172 164362 72.4573 72.4573 36.1499 120
42800 478.398 -311560 -409.74 164371 72.4585 72.4585 36.1506 120
42900 476.761 -311559 -704.177 164357 72.4564 72.4564 36.1495 120
43000 479.041 -311554 548.773 164326 72.452 72.452 36.1473 120
43100 481.611 -311548 581.002 164303 72.4486 72.4486 36.1456 120
43200 481.477 -311550 647.204 164296 72.4475 72.4475 36.1451 120
43300 481.759 -311562 1136.21 164299 72.448 72.448 36.1453 120
43400 480.733 -311567 669.041 164329 72.4524 72.4524 36.1475 120
43500 476.105 -311556 -399.055 164377 72.4594 72.4594 36.151 120
43600 478.952 -311555 615.306 164424 72.4664 72.4664 36.1545 120
43700 482.645 -311555 -2056.28 164456 72.4711 72.4711 36.1568 120
43800 475.726 -311537 553.165 164447 72.4697 72.4697 36.1561 120
43900 486.962 -311556 -420.987 164427 72.4668 72.4668 36.1547 120
44000 478.088 -311551 -494.69 164393 72.4618 72.4618 36.1522 120
44100 475.752 -311557 517.93 164367 72.4579 72.4579 36.1503 120
44200 477.079 -311561 237.471 164353 72.4559 72.4559 36.1493 120
44300 478.239 -311553 -195.584 164349 72.4553 72.4553 36.1489 120
44400 480.776 -311547 250.006 164350 72.4555 72.4555 36.1491 120
44500 481.293 -311550 694.74 164364 72.4575 72.4575 36.1501 120
44600 483.361 -311560 -598.343 164393 72.4617 72.4617 36.1522 120
44700 481.789 -311560 -761.356 164430 72.4672 72.4672 36.1549 120
44800 480.213 -311561 -2118.43 164467 72.4727 72.4727 36.1576 120
44900 480.446 -311562 -1874.46 164479 72.4745 72.4745 36.1585 120
45000 484.241 -311572 -443.034 164470 72.473 72.473 36.1578 120
45100 480.434 -311562 -1538.97 164448 72.4698 72.4698 36.1562 120
45200 481.859 -311555 805.49 164409 72.4641 72.4641 36.1534 120
45300 484.355 -311555 164.386 164387 72.4608 72.4608 36.1517 120
45400 480.034 -311555 -421.159 164368 72.458 72.458 36.1503 120
45500 476.326 -311561 594.107 164348 72.4552 72.4552 36.1489 120
45600 476.97 -311563 -352.965 164347 72.455 72.455 36.1488 120
45700 483.055 -311566 -284.074 164352 72.4557 72.4557 36.1492 120
45800 477.681 -311548 -399.459 164365 72.4576 72.4576 36.1501 120
45900 478.609 -311550 242.671 164398 72.4626 72.4626 36.1526 120
46000 481.736 -311560 -1001.07 164444 72.4693 72.4693 36.156 120
46100 480.397 -311558 -1379.55 164459 72.4715 72.4715 36.157 120
46200 478.4 -311556 -831.177 164449 72.47 72.47 36.1563 120
46300 479.518 -311564 61.2729 164422 72.466 72.466 36.1543 120
46400 477.92 -311567 1701.38 164384 72.4604 72.4604 36.1515 120
46500 479.023 -311562 1601.49 164353 72.4559 72.4559 36.1493 120
46600 476.469 -311545 631.595 164346 72.4549 72.4549 36.1488 120
46700 482.329 -311553 -649.125 164360 72.4569 72.4569 36.1497 120
46800 483.317 -311561 -15.9379 164380 72.4598 72.4598 36.1512 120
46900 479.58 -311565 -223.984 164404 72.4635 72.4635 36.153 120
47000 475.974 -311572 428.505 164421 72.4658 72.4658 36.1542 120
47100 472.902 -311573 -1984.52 164441 72.4688 72.4688 36.1557 120
47200 477.969 -311561 -388.266 164433 72.4676 72.4676 36.1551 120
47300 477.692 -311549 -737.085 164403 72.4632 72.4632 36.1529 120
47400 485.939 -311559 881.52 164354 72.4561 72.4561 36.1493 120
47500 481.133 -311554 1351.73 164326 72.4519 72.4519 36.1473 120
47600 479.204 -311561 21.0575 164338 72.4537 72.4537 36.1481 120
47700 476.777 -311560 -650.427 164362 72.4573 72.4573 36.1499 120
47800 480.79 -311564 -1702.18 164379 72.4598 72.4598 36.1512 120
47900 482.935 -311550 138.078 164385 72.4606 72.4606 36.1516 120
48000 484.611 -311553 1268.32 164388 72.461 72.461 36.1518 120
48100 484.177 -311562 -387.917 164399 72.4627 72.4627 36.1526 120
48200 481.78 -311564 913.806 164408 72.4639 72.4639 36.1533 120
48300 475.688 -311554 16.3983 164423 72.4662 72.4662 36.1544 120
48400 484.069 -311567 -867.005 164441 72.4688 72.4688 36.1557 120
48500 485.026 -311550 -418.014 164449 72.47 72.47 36.1563 120
48600 486.866 -311550 -126.674 164446 72.4695 72.4695 36.1561 120
48700 487.379 -311562 185.692 164436 72.4681 72.4681 36.1554 120
48800 482.385 -311562 -577.45 164424 72.4664 72.4664 36.1545 120
48900 478.476 -311559 244.814 164411 72.4644 72.4644 36.1535 120
49000 481.659 -311566 464.193 164402 72.4631 72.4631 36.1529 120
49100 478.27 -311556 -127.025 164403 72.4633 72.4633 36.1529 120
49200 482.436 -311553 -554.108 164408 72.464 72.464 36.1533 120
49300 482.276 -311551 -80.1554 164401 72.4629 72.4629 36.1528 120
49400 476.526 -311552 67.9493 164395 72.4621 72.4621 36.1523 120
49500 475.753 -311559 -225.777 164390 72.4614 72.4614 36.152 120
49600 478.692 -311562 -238.45 164390 72.4614 72.4614 36.152 120
49700 479.228 -311557 -569.575 164391 72.4615 72.4615 36.1521 120
49800 483.623 -311558 665.648 164393 72.4618 72.4618 36.1522 120
49900 485.543 -311552 -499.482 164407 72.4638 72.4638 36.1532 120
50000 487.683 -311550 -1106.26 164425 72.4665 72.4665 36.1546 120
50100 481.553 -311553 -522.51 164441 72.4688 72.4688 36.1557 120
50200 480.708 -311561 -457.144 164441 72.4688 72.4688 36.1557 120
50300 475.921 -311556 -1418.57 164434 72.4678 72.4678 36.1552 120
50400 478.765 -311562 -212.958 164411 72.4644 72.4644 36.1535 120
50500 482.017 -311561 -0.304775 164395 72.4621 72.4621 36.1523 120
50600 486.217 -311556 -182.583 164387 72.4609 72.4609 36.1518 120
50700 478.928 -311545 -33.5878 164393 72.4617 72.4617 36.1522 120
50800 483.534 -311568 129.328 164396 72.4623 72.4623 36.1525 120
50900 478.967 -311563 -1026.19 164398 72.4625 72.4625 36.1526 120
51000 478.29 -311559 -755.021 164386 72.4608 72.4608 36.1517 120
51100 479.809 -311555 -195.809 164367 72.458 72.458 36.1503 120
51200 485.698 -311559 1037.7 164359 72.4568 72.4568 36.1497 120
51300 481.122 -311547 -1181.57 164365 72.4577 72.4577 36.1502 120
51400 485.307 -311564 184.594 164360 72.4569 72.4569 36.1498 120
51500 472.194 -311552 -406.228 164360 72.457 72.457 36.1498 120
51600 481.914 -311572 763.916 164369 72.4583 72.4583 36.1505 120
51700 476.387 -311555 -12.7218 164379 72.4598 72.4598 36.1512 120
51800 484.043 -311555 -436.731 164388 72.461 72.461 36.1518 120
51900 481.8 -311550 625.583 164389 72.4613 72.4613 36.1519 120
52000 483.882 -311560 91.895 164398 72.4625 72.4625 36.1525 120
52100 480.269 -311559 -308.074 164409 72.4642 72.4642 36.1534 120
52200 481.337 -311565 823.463 164416 72.4651 72.4651 36.1539 120
52300 480.921 -311566 496.773 164419 72.4656 72.4656 36.1541 120
52400 478.639 -311558 -213.181 164418 72.4655 72.4655 36.1541 120
52500 486.326 -311561 -151.252 164411 72.4644 72.4644 36.1535 120
52600 484.711 -311557 1142.69 164394 72.462 72.462 36.1523 120
52700 475.012 -311551 -15.6275 164395 72.4621 72.4621 36.1523 120
52800 482.531 -311574 388.918 164403 72.4633 72.4633 36.153 120
52900 478.538 -311564 -357.595 164407 72.4639 72.4639 36.1533 120
53000 484.623 -311570 -446.258 164411 72.4644 72.4644 36.1535 120
53100 484.627 -311564 -1500.07 164419 72.4656 72.4656 36.1541 120
53200 481.181 -311552 373.566 164413 72.4647 72.4647 36.1537 120
53300 488.976 -311552 455.183 164405 72.4635 72.4635 36.1531 120
53400 490.102 -311560 753.001 164399 72.4626 72.4626 36.1526 120
53500 484.325 -311564 106.162 164412 72.4645 72.4645 36.1536 120
53600 479.193 -311561 165.465 164426 72.4666 72.4666 36.1546 120
53700 478.707 -311562 269.751 164441 72.4688 72.4688 36.1557 120
53800 477.512 -311555 -295.655 164456 72.4711 72.4711 36.1568 120
53900 481.739 -311549 -903.701 164460 72.4717 72.4717 36.1571 120
54000 488.068 -311559 -884.456 164450 72.4701 72.4701 36.1564 120
54100 483.085 -311562 -624.974 164428 72.4669 72.4669 36.1548 120
54200 475.525 -311553 58.2059 164396 72.4623 72.4623 36.1524 120
54300 477.163 -311556 -202.6 164360 72.4569 72.4569 36.1498 120
54400 478.399 -311557 -43.0414 164321 72.4512 72.4512 36.1469 120
54500 483.02 -311561 1603.16 164300 72.4482 72.4482 36.1454 120
54600 482.725 -311561 369.215 164323 72.4515 72.4515 36.1471 120
54700 478.925 -311560 994.737 164350 72.4554 72.4554 36.149 120
54800 475.49 -311564 505.307 164395 72.462 72.462 36.1523 120
54900 475.077 -311560 -305.137 164445 72.4694 72.4694 36.156 120
55000 481.53 -311555 594.427 164476 72.4739 72.4739 36.1582 120
55100 487.097 -311563 -385.851 164492 72.4764 72.4764 36.1595 120
55200 473.753 -311545 -344.437 164506 72.4783 72.4783 36.1605 120
55300 481.475 -311568 74.7624 164502 72.4777 72.4777 36.1602 120
55400 479.441 -311569 -763.768 164478 72.4743 72.4743 36.1584 120
55500 481.469 -311568 467.16 164436 72.4681 72.4681 36.1554 120
55600 485.226 -311554 -600.83 164398 72.4625 72.4625 36.1526 120
55700 486.191 -311561 604.239 164369 72.4583 72.4583 36.1505 120
55800 479.665 -311561 1190.16 164354 72.4561 72.4561 36.1494 120
55900 482.676 -311573 1142.54 164358 72.4567 72.4567 36.1497 120
56000 481.824 -311571 71.9047 164385 72.4606 72.4606 36.1516 120
56100 480.333 -311555 584.316 164426 72.4666 72.4666 36.1546 120
56200 487.937 -311560 -1773.61 164475 72.4738 72.4738 36.1582 120
56300 483.936 -311557 805.885 164498 72.4771 72.4771 36.1599 120
56400 480.229 -311558 -251.471 164516 72.4798 72.4798 36.1612 120
56500 477.822 -311558 -768.554 164517 72.4799 72.4799 36.1613 120
56600 476.763 -311558 318.407 164500 72.4775 72.4775 36.16 120
56700 478.737 -311564 98.0776 164470 72.4732 72.4732 36.1579 120
56800 481.409 -311560 449.063 164416 72.4652 72.4652 36.1539 120
56900 478.783 -311547 267.075 164372 72.4587 72.4587 36.1507 120
57000 483.443 -311561 816.148 164350 72.4554 72.4554 36.149 120
57100 477.831 -311563 1044.48 164347 72.455 72.455 36.1488 120
57200 475.151 -311561 253.069 164363 72.4573 72.4573 36.15 120
57300 480.371 -311569 900.748 164383 72.4602 72.4602 36.1514 120
57400 480.276 -311563 -232.937 164423 72.4663 72.4663 36.1544 120
57500 478.146 -311556 -431.545 164469 72.4729 72.4729 36.1578 120
57600 475.852 -311552 -633.976 164504 72.4781 72.4781 36.1604 120
57700 480.913 -311563 -26.3861 164516 72.4798 72.4798 36.1612 120
57800 482.091 -311566 75.1178 164509 72.4788 72.4788 36.1607 120
57900 481.076 -311570 -9.36827 164487 72.4756 72.4756 36.1591 120
58000 475.859 -311571 -460.688 164467 72.4726 72.4726 36.1576 120
58100 476.545 -311571 -628.265 164438 72.4684 72.4684 36.1555 120
58200 480.848 -311564 -576.29 164404 72.4635 72.4635 36.153 120
58300 482.811 -311563 672.009 164377 72.4595 72.4595 36.1511 120
58400 480.262 -311561 157.892 164367 72.4579 72.4579 36.1503 120
58500 475.166 -311559 1008.63 164377 72.4595 72.4595 36.151 120
58600 474.216 -311572 266.219 164419 72.4656 72.4656 36.1541 120
58700 472.977 -311573 -194.193 164464 72.4722 72.4722 36.1574 120
58800 479.894 -311565 -1535.26 164497 72.477 72.477 36.1598 120
58900 481.788 -311562 -962.728 164501 72.4776 72.4776 36.1601 120
59000 482.282 -311560 -81.4074 164479 72.4744 72.4744 36.1585 120
59100 482.506 -311564 -94.203 164446 72.4696 72.4696 36.1561 120
59200 477.62 -311563 313.167 164409 72.4642 72.4642 36.1534 120
59300 477.424 -311569 596.298 164381 72.46 72.46 36.1513 120
59400 476.07 -311563 1167.02 164372 72.4587 72.4587 36.1506 120
59500 482.786 -311558 -98.0164 164396 72.4623 72.4623 36.1524 120
59600 480.264 -311553 -537.092 164437 72.4683 72.4683 36.1554 120
59700 475.712 -311553 -956.31 164474 72.4737 72.4737 36.1582 120
59800 479.124 -311568 436.474 164489 72.4759 72.4759 36.1592 120
59900 476.91 -311563 -695.785 164507 72.4786 72.4786 36.1606 120
60000 479.114 -311563 -1020.89 164511 72.4792 72.4792 36.1609 120
60100 479.687 -311563 -373.928 164489 72.4758 72.4758 36.1592 120
60200 479.462 -311561 46.1413 164452 72.4705 72.4705 36.1565 120
60300 479.233 -311559 1298.01 164408 72.464 72.464 36.1533 120
60400 483.32 -311565 711.393 164379 72.4597 72.4597 36.1511 120
60500 478.565 -311560 -661.476 164372 72.4586 72.4586 36.1506 120
60600 476.794 -311564 1024.4 164386 72.4608 72.4608 36.1517 120
60700 477.028 -311570 314.753 164420 72.4657 72.4657 36.1542 120
60800 478.311 -311565 837.902 164458 72.4713 72.4714 36.157 120
60900 484.77 -311563 462.034 164515 72.4797 72.4797 36.1611 120
61000 483.534 -311559 -1319.93 164572 72.488 72.488 36.1653 120
61100 480.104 -311560 -671.135 164590 72.4906 72.4906 36.1666 120
61200 475.357 -311561 -374.936 164569 72.4876 72.4876 36.1651 120
61300 475.458 -311561 -1561.03 164516 72.4798 72.4798 36.1612 120
61400 478.77 -311565 -357.6 164438 72.4684 72.4684 36.1555 120
61500 476.36 -311558 323.887 164363 72.4574 72.4574 36.15 120
61600 481.68 -311565 1647.45 164314 72.4502 72.4502 36.1464 120
61700 481.532 -311561 2173.38 164307 72.4491 72.4491 36.1459 120
61800 480.894 -311561 819.178 164354 72.4561 72.4561 36.1494 120
61900 481.977 -311573 -50.4641 164449 72.47 72.47 36.1563 120
62000 470.673 -311558 -1134.85 164551 72.485 72.485 36.1638 120
62100 472.673 -311556 -1155.41 164635 72.4974 72.4974 36.17 120
62200 481.517 -311555 -1709.9 164672 72.5028 72.5028 36.1727 120
62300 483.948 -311561 -1341.28 164642 72.4983 72.4983 36.1704 120
62400 484.039 -311569 -303.261 164563 72.4867 72.4867 36.1646 120
62500 480.402 -311571 -292.936 164460 72.4717 72.4717 36.1571 120
62600 475.827 -311563 226.064 164352 72.4558 72.4558 36.1492 120
62700 486.351 -311575 1974.54 164278 72.4449 72.4449 36.1438 120
62800 479.336 -311547 1288.33 164255 72.4415 72.4415 36.1421 120
62900 487.729 -311569 1510.3 164276 72.4446 72.4446 36.1436 120
63000 480.095 -311566 375.05 164338 72.4537 72.4537 36.1482 120
63100 476.636 -311563 619.34 164439 72.4685 72.4685 36.1556 120
63200 479.474 -311567 4.7231 164564 72.4869 72.4869 36.1647 120
63300 481.143 -311561 -1904.32 164667 72.502 72.502 36.1723 120
63400 483.11 -311550 -2505.03 164718 72.5094 72.5094 36.176 120
63500 480.995 -311549 -3536.18 164706 72.5077 72.5077 36.1751 120
63600 487.753 -311573 -394.505 164619 72.495 72.495 36.1688 120
63700 480.172 -311564 -345.178 164497 72.477 72.477 36.1598 120
63800 478.102 -311564 606.984 164363 72.4574 72.4574 36.15 120
63900 482.404 -311579 2104.41 164252 72.4411 72.4411 36.1419 120
64000 476.126 -311571 2933.36 164196 72.4329 72.4329 36.1378 120
64100 481.503 -311582 1838.77 164218 72.4361 72.4361 36.1394 120
64200 480.419 -311568 1530.07 164308 72.4492 72.4492 36.1459 120
64300 483.233 -311564 -227.102 164436 72.4681 72.4681 36.1554 120
64400 482.131 -311563 -1451.79 164570 72.4877 72.4878 36.1652 120
64500 479.628 -311568 -1589.81 164675 72.5032 72.5032 36.1729 120
64600 476.054 -311575 -1193.98 164720 72.5098 72.5098 36.1762 120
64700 475.282 -311571 -1601.59 164696 72.5062 72.5062 36.1744 120
64800 481.444 -311577 -231.936 164607 72.4932 72.4932 36.1679 120
64900 483.181 -311572 -470.73 164487 72.4756 72.4756 36.1591 120
65000 484.176 -311569 2348.05 164356 72.4563 72.4563 36.1495 120
65100 481.344 -311566 1006.57 164261 72.4423 72.4423 36.1425 120
65200 477.676 -311574 2818.24 164198 72.4331 72.4331 36.1379 120
65300 474.228 -311573 1553.25 164207 72.4344 72.4344 36.1385 120
65400 477.823 -311573 1707 164289 72.4464 72.4464 36.1445 120
65500 477.385 -311563 -818.349 164422 72.466 72.466 36.1543 120
65600 478.033 -311560 -1370.39 164553 72.4853 72.4853 36.1639 120
65700 483.391 -311569 -1901.66 164653 72.5 72.5 36.1713 120
65800 477.716 -311563 -2367.53 164701 72.507 72.507 36.1748 120
65900 479.999 -311574 -1569.74 164673 72.5029 72.5029 36.1727 120
66000 472.632 -311570 -1565.94 164577 72.4889 72.4889 36.1657 120
66100 473.322 -311565 1333.03 164446 72.4695 72.4695 36.1561 120
66200 483.307 -311572 267.606 164338 72.4537 72.4537 36.1481 120
66300 483.713 -311571 2279.99 164272 72.444 72.444 36.1433 120
66400 480.988 -311570 1527.88 164270 72.4437 72.4437 36.1432 120
66500 475.896 -311571 878.143 164325 72.4518 72.4518 36.1472 120
66600 476.443 -311581 1459.75 164416 72.4652 72.4652 36.1539 120
66700 475.622 -311568 -682.176 164523 72.4808 72.4808 36.1617 120
66800 483.3 -311567 -2043.45 164605 72.4929 72.4929 36.1677 120
66900 480.015 -311560 -1443.42 164635 72.4973 72.4973 36.1699 120
67000 481.655 -311569 -392.545 164629 72.4964 72.4964 36.1695 120
67100 479.595 -311574 -1143.48 164599 72.492 72.492 36.1673 120
67200 475.688 -311570 -993.157 164545 72.4841 72.4841 36.1633 120
67300 486.97 -311581 -281.637 164482 72.4749 72.4749 36.1587 120
67400 480.265 -311557 1788.87 164426 72.4666 72.4666 36.1546 120
67500 485.889 -311571 1892.45 164391 72.4615 72.4615 36.1521 120
67600 482.731 -311577 1815.36 164391 72.4614 72.4614 36.152 120
67700 479.596 -311575 824.176 164432 72.4676 72.4676 36.1551 120
67800 478.295 -311569 -1159.44 164500 72.4775 72.4775 36.16 120
67900 481.359 -311570 -130.336 164562 72.4866 72.4866 36.1646 120
68000 480.308 -311562 -109.85 164596 72.4916 72.4916 36.1671 120
68100 482.488 -311552 -1565.75 164601 72.4924 72.4924 36.1675 120
68200 485.792 -311557 -238.486 164573 72.4883 72.4883 36.1654 120
68300 480.059 -311562 -707.718 164532 72.4822 72.4822 36.1624 120
68400 483.794 -311576 -94.1362 164485 72.4753 72.4753 36.1589 120
68500 480.022 -311574 1039.63 164435 72.4679 72.4679 36.1552 120
68600 480.463 -311578 1056.74 164409 72.4641 72.4641 36.1533 120
68700 476.657 -311566 -246.849 164411 72.4644 72.4644 36.1535 120
68800 480.462 -311562 -86.3415 164435 72.468 72.468 36.1553 120
68900 477.147 -311552 -753.354 164477 72.4742 72.4742 36.1584 120
69000 477.628 -311564 -187.079 164519 72.4802 72.4802 36.1614 120
69100 477.834 -311573 -507.114 164534 72.4825 72.4825 36.1625 120
69200 475.243 -311566 822.115 164536 72.4828 72.4828 36.1627 120
69300 480.304 -311572 -1189.58 164553 72.4853 72.4853 36.1639 120
69400 479.009 -311562 -585.624 164547 72.4844 72.4844 36.1635 120
69500 487.987 -311569 -263.442 164523 72.4809 72.4809 36.1617 120
69600 488.898 -311558 630.529 164506 72.4784 72.4784 36.1605 120
69700 487.252 -311568 609.968 164505 72.4782 72.4782 36.1604 120
69800 480.508 -311565 -107.084 164523 72.4809 72.4809 36.1617 120
69900 477.408 -311567 -78.7813 164545 72.4841 72.4841 36.1634 120
70000 473.423 -311565 -451.039 164578 72.489 72.489 36.1658 120
70100 474.575 -311567 -867.709 164604 72.4928 72.4928 36.1677 120
70200 481.518 -311566 -566.074 164608 72.4934 72.4934 36.168 120
70300 484.606 -311566 -1805.68 164587 72.4903 72.4903 36.1664 120
70400 482.241 -311568 1186.23 164553 72.4853 72.4853 36.1639 120
70500 479.64 -311572 -112.55 164537 72.4829 72.4829 36.1627 120
70600 477.023 -311569 579.456 164536 72.4828 72.4828 36.1627 120
70700 475.433 -311564 -812.613 164537 72.4829 72.4829 36.1627 120
70800 478.428 -311566 23.5728 164538 72.4831 72.4831 36.1628 120
70900 483.476 -311570 -749.157 164547 72.4844 72.4844 36.1635 120
71000 486.308 -311563 -1096.18 164546 72.4842 72.4842 36.1634 120
71100 485.086 -311563 -243.599 164548 72.4845 72.4845 36.1635 120
71200 478.259 -311565 450.824 164549 72.4848 72.4848 36.1637 120
71300 476.912 -311566 57.0765 164550 72.4848 72.4848 36.1637 120
71400 481.549 -311575 1100.52 164546 72.4842 72.4842 36.1634 120
71500 481.426 -311571 -32.4866 164551 72.485 72.485 36.1638 120
71600 486.196 -311570 509 164551 72.485 72.485 36.1638 120
71700 483.923 -311562 -152.343 164543 72.4837 72.4837 36.1632 120
71800 479.281 -311568 -734.253 164533 72.4823 72.4823 36.1624 120
71900 479.103 -311576 308.178 164524 72.481 72.481 36.1618 120
72000 477.766 -311571 -32.4593 164512 72.4792 72.4792 36.1609 120
72100 483.362 -311574 998.396 164499 72.4773 72.4773 36.1599 120
72200 486.657 -311570 -411.066 164506 72.4784 72.4784 36.1605 120
72300 485.452 -311558 356.308 164520 72.4804 72.4804 36.1615 120
72400 481.863 -311563 -178.205 164538 72.483 72.483 36.1628 120
72500 480.082 -311573 1366.95 164540 72.4834 72.4834 36.163 120
72600 472.694 -311564 518.36 164550 72.4848 72.4848 36.1637 120
72700 479.907 -311576 -113.373 164557 72.4858 72.4858 36.1642 120
72800 481.176 -311570 -487.054 164562 72.4866 72.4866 36.1646 120
72900 481.203 -311560 387.587 164551 72.485 72.485 36.1638 120
73000 474.043 -311551 17.0958 164535 72.4827 72.4827 36.1626 120
73100 475.565 -311573 -81.1008 164516 72.4799 72.4799 36.1612 120
73200 479.772 -311580 1286.29 164496 72.477 72.477 36.1598 120
73300 481.024 -311576 945.933 164508 72.4787 72.4787 36.1606 120
73400 483.06 -311571 649.013 164542 72.4836 72.4836 36.1631 120
73500 482.426 -311565 -753.947 164578 72.4889 72.4889 36.1657 120
73600 480.74 -311569 -735.783 164604 72.4928 72.4928 36.1677 120
73700 483.036 -311587 -334.756 164614 72.4942 72.4942 36.1684 120
73800 479.526 -311580 -483.14 164608 72.4933 72.4933 36.1679 120
73900 478.716 -311569 318.712 164589 72.4906 72.4906 36.1666 120
74000 484.495 -311570 316.662 164552 72.4851 72.4851 36.1638 120
74100 486.049 -311574 154.999 164520 72.4805 72.4805 36.1615 120
74200 479.74 -311568 1081.77 164497 72.4771 72.4771 36.1598 120
74300 477.741 -311569 47.3244 164491 72.4762 72.4762 36.1594 120
74400 481.435 -311579 701.66 164496 72.4769 72.4769 36.1597 120
74500 478.163 -311577 -54.0831 164519 72.4803 72.4803 36.1614 120
74600 478.142 -311582 -82.8204 164542 72.4837 72.4837 36.1631 120
74700 470.702 -311562 704.045 164561 72.4865 72.4865 36.1645 120
74800 482.612 -311570 733.314 164581 72.4894 72.4894 36.166 120
74900 482.863 -311569 -621.44 164596 72.4916 72.4916 36.1671 120
75000 479.976 -311569 -639.915 164585 72.4899 72.4899 36.1662 120
75100 473.448 -311572 -695.376 164557 72.4859 72.4859 36.1642 120
75200 479.27 -311586 272.204 164524 72.481 72.481 36.1618 120
75300 482.301 -311585 541.319 164498 72.4773 72.4773 36.1599 120
75400 486.204 -311586 -979.787 164488 72.4758 72.4758 36.1592 120
75500 481.393 -311571 -182.617 164481 72.4747 72.4747 36.1586 120
75600 477.712 -311565 1712.34 164483 72.475 72.475 36.1588 120
75700 478.126 -311581 915.591 164507 72.4785 72.4785 36.1605 120
75800 477.759 -311586 15.4122 164545 72.4841 72.4841 36.1633 120
75900 474.035 -311570 -655.064 164574 72.4884 72.4884 36.1655 120
76000 482.38 -311575 -45.0033 164582 72.4895 72.4895 36.166 120
76100 480.598 -311570 -747.597 164577 72.4889 72.4889 36.1657 120
76200 478.174 -311568 -337.415 164563 72.4868 72.4868 36.1647 120
76300 473.421 -311568 -208.274 164547 72.4844 72.4844 36.1635 120
76400 474.579 -311582 485.519 164525 72.4812 72.4812 36.1619 120
76500 475.033 -311580 69.0899 164516 72.4799 72.4799 36.1612 120
76600 477.884 -311569 769.774 164512 72.4793 72.4793 36.1609 120
76700 480.43 -311572 -384.865 164523 72.4809 72.4809 36.1617 120
76800 482.493 -311576 565.547 164546 72.4842 72.4842 36.1634 120
76900 479.981 -311574 -743.201 164574 72.4884 72.4884 36.1655 120
77000 481.062 -311581 -684.882 164587 72.4903 72.4903 36.1664 120
77100 473.993 -311573 -259.891 164577 72.4887 72.4887 36.1657 120
77200 480.949 -311582 -388.964 164550 72.4848 72.4848 36.1637 120
77300 483.189 -311572 301.372 164510 72.4789 72.4789 36.1607 120
77400 482.351 -311568 672.867 164476 72.4739 72.4739 36.1583 120
77500 477.429 -311567 1410.21 164464 72.4722 72.4722 36.1574 120
77600 477.904 -311575 -298.63 164479 72.4744 72.4744 36.1585 120
77700 477.027 -311573 1232.02 164497 72.4771 72.4771 36.1598 120
77800 477.371 -311571 238.842 164537 72.4829 72.4829 36.1627 120
77900 478.824 -311569 -657.946 164581 72.4894 72.4894 36.166 120
78000 484.241 -311571 -1253.32 164619 72.495 72.495 36.1688 120
78100 482.815 -311557 -451.856 164632 72.4969 72.4969 36.1697 120
78200 485.049 -311565 -1270.72 164624 72.4956 72.4956 36.1691 120
78300 481.043 -311574 -4.21677 164582 72.4895 72.4895 36.166 120
78400 478.266 -311573 -79.9651 164525 72.4812 72.4812 36.1619 120
78500 479.112 -311574 121.414 164478 72.4743 72.4743 36.1584 120
78600 480.908 -311574 683.314 164455 72.4709 72.4709 36.1567 120
78700 480.948 -311563 762.796 164459 72.4715 72.4715 36.157 120
78800 482.495 -311561 582.498 164474 72.4737 72.4737 36.1581 120
78900 480.039 -311573 730.274 164509 72.4789 72.4789 36.1607 120
79000 476.141 -311572 -500.135 164558 72.486 72.486 36.1643 120
79100 480.926 -311579 -304.616 164603 72.4926 72.4926 36.1676 120
79200 477.897 -311566 -961.188 164641 72.4983 72.4983 36.1704 120
79300 484.902 -311569 -439.514 164656 72.5004 72.5004 36.1714 120
79400 485.439 -311566 274.958 164646 72.4989 72.4989 36.1707 120
79500 482.501 -311573 -537.838 164616 72.4945 72.4945 36.1685 120
79600 473.894 -311569 -603.103 164570 72.4877 72.4877 36.1652 120
79700 478.786 -311580 703.914 164516 72.4799 72.4799 36.1612 120
79800 478.329 -311571 451.225 164484 72.4752 72.4752 36.1589 120
79900 483.888 -311571 708.519 164478 72.4742 72.4742 36.1584 120
80000 484.684 -311572 599.449 164501 72.4776 72.4776 36.1601 120
80100 480.275 -311575 -1378.85 164550 72.4848 72.4848 36.1637 120
80200 478.836 -311575 72.2723 164601 72.4923 72.4923 36.1674 120
80300 473.074 -311562 -255.405 164641 72.4982 72.4982 36.1704 120
80400 483.959 -311577 -1010.65 164660 72.5011 72.5011 36.1718 120
80500 485.067 -311576 -768.889 164650 72.4995 72.4995 36.171 120
80600 482.845 -311574 512.994 164616 72.4946 72.4946 36.1685 120
80700 482.099 -311586 515.988 164580 72.4893 72.4893 36.1659 120
80800 475.657 -311578 835.562 164541 72.4835 72.4835 36.163 120
80900 480.138 -311576 753.607 164501 72.4777 72.4777 36.1601 120
81000 482.225 -311568 865.224 164478 72.4742 72.4742 36.1584 120
81100 482.591 -311570 1153.2 164468 72.4728 72.4728 36.1577 120
81200 482.779 -311579 1012.24 164493 72.4765 72.4765 36.1595 120
81300 476.591 -311574 372.515 164544 72.484 72.484 36.1633 120
81400 481.258 -311584 -708.8 164600 72.4922 72.4922 36.1674 120
81500 482.616 -311569 -1257.53 164649 72.4994 72.4994 36.171 120
81600 483.056 -311564 -2308.79 164665 72.5017 72.5017 36.1721 120
81700 476.06 -311560 -453.824 164640 72.498 72.498 36.1703 120
81800 482.694 -311581 -252.656 164593 72.4912 72.4912 36.1669 120
81900 476.771 -311573 298.381 164536 72.4827 72.4827 36.1627 120
82000 476.965 -311570 -350.113 164480 72.4745 72.4745 36.1586 120
82100 483.729 -311571 2146.83 164429 72.4671 72.4671 36.1548 120
82200 486.574 -311563 1551.17 164421 72.466 72.466 36.1543 120
82300 483.794 -311566 -334.05 164454 72.4708 72.4708 36.1567 120
82400 480.73 -311571 69.9714 164510 72.4789 72.4789 36.1607 120
82500 478.282 -311572 -171.525 164581 72.4895 72.4895 36.166 120
82600 479.682 -311578 -1117.79 164640 72.498 72.498 36.1703 120
82700 477.27 -311572 -1941.5 164662 72.5013 72.5013 36.1719 120
82800 484.226 -311571 472.751 164641 72.4982 72.4982 36.1703 120
82900 481.034 -311559 -1317.6 164604 72.4928 72.4928 36.1677 120
83000 483.151 -311573 -39.9241 164556 72.4857 72.4857 36.1641 120
83100 481.784 -311582 697.725 164497 72.477 72.477 36.1598 120
83200 476.638 -311572 557.122 164446 72.4696 72.4696 36.1561 120
83300 478.251 -311573 1146.97 164434 72.4678 72.4678 36.1552 120
83400 483.055 -311575 427.262 164467 72.4727 72.4727 36.1576 120
83500 487.005 -311572 -340.755 164516 72.4799 72.4799 36.1612 120
83600 486.179 -311564 -220.896 164567 72.4873 72.4873 36.1649 120
83700 485.054 -311581 -1131.12 164628 72.4962 72.4962 36.1694 120
83800 477.955 -311573 724.228 164675 72.5032 72.5032 36.1729 120
83900 479.591 -311578 -1750.29 164707 72.5079 72.5079 36.1752 120
84000 480.586 -311575 -1412.94 164696 72.5063 72.5063 36.1744 120
84100 483.109 -311569 -470.273 164649 72.4994 72.4994 36.171 120
84200 481.358 -311562 192.321 164576 72.4886 72.4886 36.1656 120
84300 480.666 -311577 153.394 164500 72.4775 72.4775 36.16 120
84400 476.92 -311580 1527.24 164429 72.467 72.467 36.1548 120
84500 480.318 -311581 2092.82 164375 72.4592 72.4592 36.1509 120
84600 482.511 -311576 1825.55 164375 72.4592 72.4592 36.1509 120
84700 480.945 -311568 1165.27 164432 72.4675 72.4675 36.1551 120
84800 484.185 -311578 -103.28 164524 72.4811 72.4811 36.1618 120
84900 478.184 -311585 -808.81 164620 72.4951 72.4951 36.1688 120
85000 479.252 -311584 -1549.67 164692 72.5056 72.5056 36.1741 120
85100 482.14 -311578 -1354.91 164723 72.5102 72.5102 36.1764 120
85200 481.916 -311572 -617.731 164711 72.5085 72.5085 36.1755 120
85300 485.226 -311578 -899.047 164650 72.4995 72.4995 36.171 120
85400 476.508 -311570 -512.804 164555 72.4856 72.4856 36.1641 120
85500 468.398 -311572 -150.907 164453 72.4707 72.4707 36.1566 120
85600 474.109 -311582 1071.15 164362 72.4572 72.4572 36.1499 120
85700 478.551 -311578 2487.83 164321 72.4512 72.4512 36.1469 120
85800 478.23 -311571 1563.23 164350 72.4555 72.4555 36.1491 120
85900 478.673 -311569 984.297 164440 72.4686 72.4686 36.1556 120
86000 481.935 -311575 1091.82 164569 72.4876 72.4876 36.1651 120
86100 478.836 -311575 -1895.86 164705 72.5076 72.5076 36.175 120
86200 474.463 -311573 -1685.11 164800 72.5215 72.5215 36.182 120
86300 478.477 -311577 -2480.57 164831 72.5261 72.5261 36.1843 120
86400 482.273 -311571 -2944 164792 72.5204 72.5204 36.1814 120
86500 483.422 -311569 -1070.21 164683 72.5043 72.5043 36.1734 120
86600 479.647 -311568 -599.537 164546 72.4842 72.4842 36.1634 120
86700 480.85 -311578 1511.31 164422 72.4661 72.4661 36.1543 120
86800 476.565 -311572 1572.87 164345 72.4547 72.4547 36.1487 120
86900 481.415 -311582 1385.37 164317 72.4506 72.4506 36.1466 120
87000 478.586 -311574 2214.48 164357 72.4565 72.4565 36.1495 120
87100 481.023 -311574 369.252 164469 72.473 72.473 36.1578 120
87200 486.528 -311573 -893.091 164614 72.4942 72.4942 36.1684 120
87300 479.568 -311559 -1572.05 164745 72.5134 72.5134 36.178 120
87400 478.522 -311570 -2496.65 164834 72.5265 72.5265 36.1845 120
87500 483.895 -311587 -2611.21 164851 72.529 72.529 36.1857 120
87600 479.422 -311576 -928.804 164789 72.5199 72.5199 36.1812 120
87700 475.837 -311563 -788.354 164672 72.5027 72.5027 36.1726 120
87800 488.425 -311574 534.253 164528 72.4817 72.4817 36.1621 120
87900 483.39 -311561 2531.36 164400 72.4629 72.4629 36.1527 120
88000 480.642 -311577 2088.21 164334 72.4531 72.4531 36.1479 120
88100 474.476 -311571 1976.02 164344 72.4547 72.4547 36.1486 120
88200 479.927 -311584 1283.67 164420 72.4658 72.4658 36.1542 120
88300 478.712 -311575 1166.8 164525 72.4812 72.4812 36.1619 120
88400 477.831 -311564 -654.611 164644 72.4987 72.4987 36.1706 120
88500 484.006 -311570 -1509.16 164740 72.5127 72.5127 36.1776 120
88600 482.688 -311574 -2512.88 164779 72.5185 72.5185 36.1805 120
88700 483.97 -311592 -391.303 164761 72.5158 72.5158 36.1792 120
88800 478.47 -311582 -2154.67 164701 72.507 72.507 36.1747 120
88900 479.149 -311574 487.36 164595 72.4915 72.4915 36.167 120
89000 486.05 -311578 934.252 164493 72.4764 72.4764 36.1595 120
89100 481.998 -311572 1824.01 164425 72.4665 72.4665 36.1545 120
89200 483.047 -311579 1702.55 164416 72.4651 72.4651 36.1539 120
89300 480.426 -311577 967.377 164464 72.4722 72.4722 36.1574 120
89400 480.697 -311579 871.991 164536 72.4828 72.4828 36.1627 120
89500 483.918 -311586 -116.72 164607 72.4932 72.4932 36.1679 120
89600 479.126 -311576 -656.694 164676 72.5034 72.5034 36.1729 120
89700 480.519 -311572 -1944.83 164717 72.5093 72.5093 36.1759 120
89800 484.339 -311573 -1783.58 164704 72.5075 72.5075 36.175 120
89900 488.152 -311581 -39.9914 164651 72.4997 72.4997 36.1711 120
90000 480.537 -311582 -682.101 164586 72.4902 72.4902 36.1664 120
90100 477.563 -311581 1131.86 164501 72.4776 72.4776 36.1601 120
90200 479.012 -311581 1438.79 164438 72.4683 72.4683 36.1555 120
90300 481.497 -311579 967.357 164419 72.4656 72.4656 36.1541 120
90400 481.128 -311572 797.767 164438 72.4684 72.4684 36.1555 120
90500 484.822 -311571 1045.77 164491 72.4761 72.4761 36.1594 120
90600 487.543 -311570 478.112 164562 72.4866 72.4866 36.1646 120
90700 484.507 -311577 1161.68 164644 72.4987 72.4987 36.1706 120
90800 475.53 -311572 -1293.04 164727 72.5108 72.5108 36.1767 120
90900 474.841 -311572 -976.288 164764 72.5163 72.5163 36.1794 120
91000 481.335 -311577 -481.93 164750 72.5142 72.5142 36.1783 120
91100 485.5 -311575 -969.282 164702 72.5072 72.5072 36.1748 120
91200 485.698 -311572 494.564 164629 72.4964 72.4964 36.1695 120
91300 479.759 -311577 990.198 164566 72.4872 72.4872 36.1649 120
91400 473.807 -311575 384.692 164525 72.4812 72.4812 36.1619 120
91500 477.375 -311577 1034.98 164511 72.4791 72.4791 36.1608 120
91600 483.256 -311578 737.349 164519 72.4803 72.4803 36.1614 120
91700 481.623 -311571 -220.434 164555 72.4855 72.4855 36.164 120
91800 481.87 -311574 785.302 164603 72.4926 72.4926 36.1676 120
91900 473.144 -311574 -1429.34 164665 72.5018 72.5018 36.1721 120
92000 478.237 -311584 -1381.16 164702 72.5072 72.5072 36.1748 120
92100 480.229 -311578 -1591.31 164700 72.5068 72.5068 36.1747 120
92200 483.935 -311579 440.275 164653 72.4999 72.4999 36.1712 120
92300 473.498 -311559 505.401 164601 72.4924 72.4924 36.1675 120
92400 477.627 -311570 -386.355 164553 72.4853 72.4853 36.1639 120
92500 482.34 -311585 1032.71 164509 72.4788 72.4788 36.1607 120
92600 475 -311585 684.948 164484 72.4752 72.4752 36.1589 120
92700 474.629 -311586 346.159 164487 72.4755 72.4755 36.1591 120
92800 480.697 -311585 217.321 164513 72.4794 72.4794 36.161 120
92900 479.087 -311573 928.746 164554 72.4855 72.4855 36.164 120
93000 479.22 -311571 -299.21 164607 72.4932 72.4932 36.1679 120
93100 482.123 -311575 -370.551 164655 72.5003 72.5003 36.1714 120
93200 479.654 -311576 -497.771 164694 72.506 72.506 36.1743 120
93300 477.416 -311582 -2779.79 164704 72.5075 72.5075 36.175 120
93400 477.331 -311582 471.439 164670 72.5025 72.5025 36.1725 120
93500 477.679 -311569 -233.668 164618 72.4948 72.4948 36.1687 120
93600 478.396 -311564 -548.433 164547 72.4844 72.4844 36.1635 120
93700 480.766 -311572 1272.46 164473 72.4736 72.4736 36.1581 120
93800 479.07 -311577 1401.15 164437 72.4682 72.4682 36.1554 120
93900 478.247 -311582 482.857 164452 72.4705 72.4705 36.1565 120
94000 474.198 -311574 308.787 164510 72.479 72.479 36.1608 120
94100 481.295 -311575 394.353 164599 72.492 72.492 36.1673 120
94200 478.443 -311560 -520.394 164683 72.5044 72.5044 36.1735 120
94300 480.107 -311567 -1395.49 164729 72.5111 72.5111 36.1768 120
94400 477.257 -311572 -515.866 164731 72.5113 72.5113 36.1769 120
94500 477.903 -311581 -2283.36 164697 72.5065 72.5065 36.1745 120
94600 480.1 -311582 294.27 164623 72.4956 72.4956 36.169 120
94700 483.296 -311579 -585.954 164547 72.4844 72.4844 36.1635 120
94800 487.84 -311571 1736.81 164482 72.4749 72.4749 36.1587 120
94900 494.627 -311570 392.964 164460 72.4717 72.4717 36.1571 120
95000 482.891 -311566 571.37 164473 72.4735 72.4735 36.1581 120
95100 480.116 -311569 982.771 164505 72.4782 72.4782 36.1604 120
95200 476.323 -311573 -1398.76 164564 72.4869 72.4869 36.1647 120
95300 485.123 -311595 -336.142 164618 72.4948 72.4948 36.1687 120
95400 478.143 -311577 -1245.03 164661 72.5011 72.5011 36.1718 120
95500 481.996 -311574 -1432.87 164681 72.504 72.504 36.1733 120
95600 479.746 -311565 -804.03 164678 72.5037 72.5037 36.1731 120
95700 480.981 -311569 -75.573 164653 72.5 72.5 36.1713 120
95800 479.855 -311584 47.074 164611 72.4938 72.4938 36.1682 120
95900 478.941 -311585 41.942 164555 72.4855 72.4855 36.164 120
96000 478.769 -311577 408.35 164506 72.4784 72.4784 36.1605 120
96100 482.472 -311577 832.368 164484 72.4752 72.4752 36.1589 120
96200 479.368 -311571 623.796 164496 72.4769 72.4769 36.1597 120
96300 475.342 -311566 1007.05 164532 72.4821 72.4821 36.1624 120
96400 479.513 -311574 -727.003 164588 72.4904 72.4904 36.1665 120
96500 478.242 -311575 -679.859 164636 72.4975 72.4975 36.17 120
96600 479.374 -311581 -853.033 164656 72.5004 72.5004 36.1714 120
96700 473.478 -311574 -605.835 164633 72.497 72.497 36.1698 120
96800 479.897 -311581 879.489 164589 72.4906 72.4906 36.1666 120
96900 477.61 -311565 226.514 164551 72.4849 72.4849 36.1638 120
97000 482.21 -311570 167.308 164521 72.4805 72.4805 36.1616 120
97100 479.233 -311572 90.8307 164514 72.4795 72.4795 36.161 120
97200 477.198 -311584 67.6596 164523 72.4809 72.4809 36.1617 120
97300 476.824 -311582 -345.928 164547 72.4844 72.4844 36.1635 120
97400 483.659 -311585 -329.356 164562 72.4866 72.4866 36.1646 120
97500 482.162 -311576 -186.49 164565 72.4871 72.4871 36.1648 120
97600 481.521 -311572 146.391 164569 72.4876 72.4876 36.1651 120
97700 471.568 -311564 506.285 164575 72.4884 72.4884 36.1655 120
97800 474.495 -311583 437.083 164584 72.4898 72.4898 36.1662 120
97900 478.089 -311584 -827.31 164590 72.4907 72.4907 36.1666 120
98000 485.161 -311586 628.108 164582 72.4895 72.4895 36.166 120
98100 485.828 -311584 -5.75626 164570 72.4877 72.4877 36.1651 120
98200 478.052 -311570 44.9233 164560 72.4864 72.4864 36.1645 120
98300 485.693 -311592 -690.949 164563 72.4867 72.4867 36.1646 120
98400 475.612 -311588 528.453 164563 72.4868 72.4868 36.1647 120
98500 476.085 -311587 667.996 164570 72.4878 72.4878 36.1652 120
98600 480.11 -311582 32.5328 164583 72.4897 72.4897 36.1661 120
98700 482.363 -311580 320.236 164601 72.4924 72.4924 36.1675 120
98800 480.721 -311575 -1358.02 164614 72.4943 72.4943 36.1684 120
98900 483.348 -311579 -1460.71 164613 72.494 72.494 36.1683 120
99000 480.911 -311578 1063.66 164585 72.49 72.49 36.1663 120
99100 480.052 -311588 677.294 164561 72.4865 72.4865 36.1645 120
99200 476.022 -311582 391.396 164532 72.4823 72.4823 36.1624 120
99300 482.229 -311580 1821.91 164520 72.4805 72.4805 36.1615 120
99400 481.868 -311571 564.984 164538 72.4831 72.4831 36.1628 120
99500 482.121 -311574 345.65 164562 72.4866 72.4866 36.1646 120
99600 479.156 -311576 351.917 164579 72.4891 72.4891 36.1658 120
99700 478.791 -311580 928.757 164594 72.4913 72.4913 36.1669 120
99800 481.168 -311585 -693.61 164611 72.4938 72.4938 36.1681 120
99900 484.991 -311578 -398.655 164629 72.4964 72.4964 36.1695 120
100000 485.181 -311569 -509.423 164636 72.4975 72.4975 36.17 120
