# Time-averaged data for fix 2
# TimeStep c_thermo_temp c_thermo_pe c_thermo_press v_myVol v_myCella v_myCellb v_myCellc v_myCellgamma c_thermo_press[1] c_thermo_press[2] c_thermo_press[3] c_thermo_press[4] c_thermo_press[5] c_thermo_press[6]
0 48.7138 -311831 0.134605 163260 72.9431 73.0075 35.3995 120 57.7352 -14.989 -42.3424 436.645 -253.936 2098.66
50 48.4675 -311829 303.732 163267 72.9497 73.0052 35.399 120 -117.265 702.468 325.993 511.49 -206.136 2200.57
100 48.9159 -311829 -412.316 163290 72.9555 73.0068 35.4003 120 -545.894 -554.023 -137.032 820.274 -269.642 1996.14
150 48.5798 -311829 -15.0433 163291 72.9574 73.0044 35.4007 120 112.239 -467.264 309.895 177.582 -52.4254 2361.1
200 48.6896 -311829 295.297 163290 72.9583 73.0009 35.4019 120 -126.602 671.128 341.364 566.63 -132.08 1998.53
250 48.1316 -311829 -247.707 163296 72.9583 73.0017 35.4028 120 -499.747 325.508 -568.883 483.293 -52.6584 2288.17
300 47.4669 -311830 -313.468 163292 72.9565 73.0052 35.4012 120 -285.602 -260.117 -394.683 511.724 -359.123 2190.22
350 47.5771 -311831 -31.6336 163282 72.9538 73.0084 35.3987 120 -153.981 -249.784 308.864 161.586 -303.594 2109.18
400 47.4059 -311832 -89.2422 163271 72.9497 73.0091 35.3979 120 37.9306 -100.304 -205.353 996.523 -386.542 2080.6
450 47.3468 -311831 160.368 163257 72.9473 73.0067 35.3973 120 566.845 -121.459 35.7189 531.817 -331.11 1759.55
500 47.7741 -311831 -47.3541 163258 72.9499 73.0031 35.3979 120 -461.077 145.729 173.286 244.26 -331.054 1895.16
550 47.9603 -311831 42.342 163271 72.9525 73.0022 35.4 120 155.771 33.9156 -62.661 293.526 7.71009 2199.82
600 48.1411 -311830 -15.6356 163287 72.9564 73.0018 35.4017 120 -174.368 217.283 -89.8216 369.371 -61.5479 2089.7
650 47.961 -311828 -30.0078 163298 72.9582 73.0023 35.4029 120 -64.2494 -12.8312 -12.9428 388.721 365.604 2516.08
700 48.4737 -311828 -51.0603 163306 72.9583 73.0028 35.4044 120 -312.577 17.1575 142.239 413.953 -292.519 2275.69
750 48.7174 -311829 -201.226 163305 72.9544 73.0027 35.4061 120 59.2121 -168.746 -494.144 280.789 -223.864 2506.72
800 48.5132 -311828 195.577 163285 72.9502 72.9991 35.4056 120 275.139 336.873 -25.2802 480.98 -109.95 2000.51
850 48.2493 -311829 53.7127 163261 72.947 72.9956 35.4035 120 134.089 183.432 -156.383 556.936 -34.4966 2205.53
900 47.8968 -311830 625.857 163241 72.943 72.9964 35.4007 120 493.052 716.408 668.11 308.678 -110.699 2013.34
950 47.7372 -311831 395.906 163251 72.9413 73.0039 35.4002 120 370.365 395.438 421.913 320.495 -33.9075 2183.04
1000 47.4368 -311831 -75.3831 163277 72.9421 73.0123 35.4013 120 -19.1256 -474.907 267.883 320.074 -211.484 2135.68
1050 47.277 -311831 -39.6286 163298 72.9433 73.0167 35.4032 120 651.769 -230.246 -540.409 792.352 -150.771 2270.9
1100 46.8711 -311830 -163.902 163316 72.9493 73.0187 35.4032 120 91.6634 -531.584 -51.7844 746.001 -117.162 2011.01
1150 47.6658 -311831 -358.375 163318 72.9542 73.0157 35.4026 120 -469.865 -478.692 -126.567 438.78 -86.6194 2297.93
1200 48.1734 -311831 108.18 163286 72.9531 73.0071 35.4005 120 223.274 -3.4258 104.692 430.431 -62.8224 1693.12
1250 48.6691 -311831 443.508 163254 72.952 72.9981 35.3986 120 222.212 335.015 773.296 371.879 95.8172 2318.65
1300 48.2087 -311828 128.867 163250 72.9526 72.9944 35.3992 120 -257.431 685.332 -41.3021 780.122 47.7331 2084.19
1350 48.7962 -311829 431.574 163268 72.9531 72.998 35.401 120 194.042 548.458 552.221 457.504 92.9354 2374.5
1400 48.8619 -311829 -296.911 163309 72.9559 73.0063 35.4045 120 -467.326 -275.236 -148.172 243.108 -323.279 2043.85
1450 48.7339 -311829 -640.461 163327 72.9543 73.0107 35.4071 120 -580.933 -578.353 -762.098 551.592 100.876 2347.27
1500 48.345 -311830 -240.244 163307 72.947 73.0096 35.4069 120 -19.66 -387.504 -313.567 671.257 -228.352 2245.89
1550 47.7582 -311830 -74.2898 163278 72.9423 73.0047 35.4052 120 437.584 -365.171 -295.282 398.005 -126.201 2109.76
1600 47.2816 -311831 -126.625 163247 72.9417 72.9973 35.4023 120 123.81 268.573 -772.258 437.01 151.166 2103.2
1650 47.0169 -311831 608.728 163221 72.9433 72.9938 35.3977 120 346.132 623.419 856.632 574.594 -317.657 1862.95
1700 46.9299 -311831 295.689 163240 72.9493 72.9984 35.3965 120 -15.6048 368.648 534.023 399.596 42.7031 2313.5
1750 47.8877 -311832 -18.9125 163289 72.9568 73.009 35.3984 120 76.6904 -199.363 65.9351 538.423 -663.118 2232.89
1800 48.1442 -311831 -579.549 163335 72.9627 73.0176 35.4014 120 -630.648 -564.2 -543.8 493.115 -110.614 1883.35
1850 48.045 -311830 -139.211 163344 72.9625 73.0195 35.4025 120 -522.334 50.637 54.0652 97.5876 -78.4182 2037.22
1900 48.5163 -311829 -538.601 163328 72.9573 73.0181 35.4022 120 -355.501 -613.041 -647.26 441.071 -120.348 1741.21
1950 48.8834 -311830 37.2758 163285 72.9503 73.0106 35.4 120 154.651 -110.052 67.228 521.598 263.348 2473.62
2000 49.0285 -311829 345.416 163245 72.9452 73.0006 35.3986 120 353.311 97.8469 585.089 338.522 -464.092 1846.66
2050 48.5216 -311829 399.759 163234 72.9435 72.9934 35.4005 120 633.591 527.202 38.4832 236.583 -167.033 2283.31
2100 48.2104 -311829 271.305 163260 72.9477 72.9937 35.4039 120 553.366 106.032 154.519 252.581 -99.267 1908.53
2150 48.1533 -311830 -593.578 163298 72.9552 72.9978 35.4066 120 -909.616 114.89 -986.007 679.158 18.8238 1913.07
2200 47.7544 -311830 -396.148 163318 72.9577 73.0043 35.4066 120 -684.831 -318.12 -185.492 43.2163 38.1466 2273.86
2250 47.8295 -311831 -622.262 163312 72.955 73.0069 35.4052 120 -526.339 -414.033 -926.414 -63.9152 -345.252 2014.03
2300 47.496 -311831 153.895 163276 72.9487 73.0056 35.4012 120 462.217 -272.948 272.415 682.337 -219.938 2294.67
2350 47.2859 -311831 398.834 163254 72.9465 73.0035 35.3985 120 326.439 334.098 535.965 674.484 -131.372 1612.95
2400 47.4981 -311831 169.533 163268 72.9503 73.0043 35.3992 120 91.0385 139.465 278.095 427.422 -178.024 2281.07
2450 47.8696 -311830 -323.676 163300 72.956 73.0074 35.4019 120 -442.956 -333.187 -194.885 318.858 7.24735 2176.27
2500 48.0558 -311829 44.2762 163317 72.959 73.0089 35.4035 120 -1.23077 -94.3799 228.439 381.55 -447.155 2099.9
2550 48.6553 -311829 -137.186 163329 72.9619 73.0083 35.405 120 284.651 -124.541 -571.67 558.434 -319.182 2284.29
2600 48.1243 -311827 22.8255 163325 72.9645 73.0052 35.4044 120 -385.01 126.49 326.997 593.154 82.5667 2351.1
2650 48.6896 -311829 7.25469 163315 72.9635 73.003 35.4037 120 -157.12 31.0784 147.806 292.004 152.243 2004.87
2700 48.5587 -311829 -296.572 163297 72.9601 73.0006 35.4027 120 -317.45 -87.0159 -485.25 552.015 111.674 1938.5
2750 48.3259 -311830 39.6723 163266 72.9557 72.9965 35.4001 120 -147.499 200.38 66.1354 234.459 38.4862 2424.31
2800 47.667 -311830 -43.6715 163245 72.951 72.9955 35.3982 120 -190.335 -34.9175 94.2379 829.168 281.204 2362.26
2850 47.5983 -311830 590.71 163244 72.9466 72.9974 35.3991 120 322.142 671.602 778.386 499.505 -351.928 2317.83
2900 47.2338 -311831 -263.792 163278 72.9462 73.0048 35.4031 120 -125.874 -193.612 -471.889 656.94 -187.43 1958.86
2950 47.7485 -311832 -43.0137 163304 72.9467 73.0105 35.4059 120 101.28 -151.524 -78.7962 548.886 -384.753 2294.51
3000 47.1778 -311830 -307.977 163326 72.9489 73.0138 35.4079 120 -1.7161 -382.605 -539.61 495.994 -373.282 1774.86
3050 47.7865 -311831 -392.867 163325 72.9504 73.014 35.4069 120 -255.288 -325.784 -597.53 579.102 -80.0458 1931.06
3100 48.2097 -311831 -2.08298 163294 72.9487 73.0094 35.4033 120 132.981 -184.584 45.354 691.23 -102.665 2165.35
3150 47.5819 -311828 549.986 163266 72.9483 73.0022 35.4008 120 991.372 321.512 337.075 860.101 27.3622 1768.31
3200 48.6822 -311829 416.559 163270 72.9546 72.9994 35.4 120 345.534 548.156 355.988 158.842 84.83 2253.01
3250 48.5193 -311828 -277.239 163289 72.9629 73.0016 35.3991 120 -610.51 89.4811 -310.689 415.762 -33.401 1878.61
3300 48.6791 -311829 -16.6946 163296 72.966 73.0048 35.3974 120 -225.999 -204.968 380.884 234.065 -261.723 2079.75
3350 48.2178 -311828 -136.035 163300 72.9654 73.0067 35.3978 120 -320.519 -43.5761 -44.0099 493.041 -24.6119 1790.8
3400 48.4572 -311830 -200.82 163296 72.9606 73.0064 35.3994 120 -600.75 -261.771 260.06 687.662 -200.689 2375.94
3450 47.8946 -311831 74.7913 163284 72.9526 73.0036 35.402 120 -140.069 -113.011 477.454 363.42 -148.115 2115.42
3500 47.6417 -311831 101.147 163274 72.9449 73.0006 35.4051 120 365.341 216.742 -278.641 148.517 -471.937 2470.58
3550 47.7853 -311832 -150.697 163267 72.9397 72.9996 35.4066 120 116.351 103.209 -671.651 191.958 395.171 1770.85
3600 47.7431 -311832 151.132 163256 72.9367 72.9995 35.4056 120 129.417 446.251 -122.271 758.404 -264.703 2190.96
3650 47.6075 -311831 -60.4639 163263 72.9379 73.0031 35.4049 120 218.477 -444.937 45.0684 567.087 40.7987 2125.08
3700 47.93 -311831 -39.8742 163278 72.9419 73.006 35.4048 120 269.558 -208.135 -181.045 434.455 -89.5962 2295.92
3750 48.4675 -311831 209.35 163296 72.949 73.0069 35.4047 120 193.009 250.789 184.252 397.701 -234.942 2026.2
3800 48.1925 -311829 -629.778 163326 72.9589 73.0094 35.4053 120 -835.442 -526.742 -527.15 331.289 -56.5301 2281.58
3850 48.5866 -311829 -110.456 163323 72.9625 73.0078 35.4036 120 -272.732 -61.4512 2.8148 555.283 253.606 2027.41
3900 48.4069 -311829 -134.894 163300 72.9624 73.003 35.4011 120 -26.2063 -400.723 22.2458 554.246 -216.292 2357.87
3950 48.1775 -311829 332.926 163272 72.96 72.9969 35.399 120 35.4893 913.865 49.4239 199.552 -38.3966 1940.91
4000 48.8093 -311831 329.003 163266 72.9594 72.9977 35.3976 120 229.917 92.1962 664.896 431.36 -320.418 2375.47
4050 47.8376 -311830 44.9485 163284 72.9612 73.0005 35.3992 120 -187.892 7.15861 315.579 446.92 -361.512 2569.73
4100 47.8497 -311830 -168.032 163303 72.96 73.003 35.4029 120 -487.11 204.373 -221.359 403.647 -502.699 2178.88
4150 47.3756 -311831 -299.164 163309 72.9546 73.0061 35.4052 120 -263.388 -443.165 -190.939 505.111 -42.4572 2335.94
4200 47.458 -311831 106.844 163297 72.9478 73.0066 35.4056 120 305.822 100.041 -85.3303 415.79 -56.0765 1572.85
4250 47.486 -311831 -66.4683 163285 72.943 73.0074 35.4051 120 233.229 -380.833 -51.8007 276.461 223.219 1882.86
4300 48.226 -311832 83.5495 163272 72.9397 73.0069 35.404 120 509.578 -67.5824 -191.347 580.628 -101.006 2299.1
4350 48.02 -311830 266.109 163265 72.9417 73.006 35.4019 120 354.663 187.251 256.412 773.594 -301.267 2044.18
4400 48.3263 -311830 195.503 163270 72.9474 73.0044 35.4011 120 323.195 247.377 15.9387 292.071 -147.39 2272.13
4450 48.4306 -311830 -478.371 163289 72.9543 73.005 35.4016 120 -720.265 -288.177 -426.672 316.236 -327.746 2331.61
4500 48.6647 -311829 157.802 163297 72.9569 73.0051 35.4019 120 -394.77 366.704 501.473 210.377 -203.751 2364.36
4550 48.4305 -311829 -122.217 163310 72.9576 73.0072 35.4034 120 -89.1992 -24.83 -252.623 565.336 143.258 1831.39
4600 48.0779 -311828 56.4135 163320 72.957 73.0103 35.4045 120 193.166 -19.3423 -4.58368 697.786 -559.249 2018.48
4650 47.9823 -311829 -579.594 163325 72.9568 73.0117 35.4048 120 -390.518 -477.093 -871.17 265.864 -212.05 2110.91
4700 47.8019 -311830 -150.441 163302 72.9551 73.0079 35.4027 120 -163.961 -712.444 425.083 433.396 -273.495 1814.02
4750 47.4447 -311830 -47.3977 163268 72.9516 72.9993 35.401 120 -137.666 -250.685 246.158 797.312 -219.101 2106.03
4800 47.4543 -311831 392.277 163245 72.9492 72.9916 35.4011 120 236.319 795.731 144.781 512.264 120.79 2281.94
4850 47.9736 -311832 525.998 163255 72.9512 72.9906 35.4027 120 170.816 861.273 545.903 2.99682 -13.6297 2335.87
4900 47.4241 -311830 -72.6891 163285 72.9563 72.9957 35.4043 120 91.7492 -26.849 -282.967 599.624 277.48 2326.76
4950 47.8497 -311830 -241.022 163304 72.96 73.0021 35.4034 120 -335.243 206.15 -593.974 643.209 -219.219 2098.08
5000 48.0629 -311829 -60.1605 163309 72.9597 73.0098 35.4009 120 -358.038 138.523 39.0333 317.999 136.24 1967.24
5050 48.3222 -311829 -478.54 163312 72.957 73.0166 35.3995 120 -449.736 -692.477 -293.408 362.376 58.502 2414.21
5100 48.7844 -311830 -91.821 163301 72.9508 73.0174 35.3998 120 -189.019 -661.203 574.76 534.204 68.1167 1795.4
5150 48.6075 -311829 -38.1621 163281 72.9425 73.0114 35.4025 120 -228.367 77.5341 36.3468 295.136 -264.334 2276.47
5200 48.4428 -311829 185.935 163262 72.9347 73.0057 35.405 120 382.857 322.161 -147.212 405.906 -314.759 1888.49
5250 48.2432 -311829 409.466 163265 72.9343 73.0025 35.4074 120 789.655 227.872 210.872 712.613 -154.803 1815.27
5300 47.8696 -311829 -386.462 163288 72.9395 73.0022 35.4098 120 -60.9667 -329.052 -769.367 470.875 -332.115 1747.68
5350 47.7473 -311830 -194.276 163295 72.9463 73.0012 35.4087 120 350.411 -122.055 -811.183 76.993 -242.316 2228.03
5400 47.5308 -311831 -300.154 163296 72.9577 72.9989 35.4044 120 -395.667 -35.8853 -468.91 392.876 310.854 2054.6
5450 47.4631 -311831 199.334 163286 72.9663 72.9974 35.3988 120 -65.9736 526.089 137.888 296.318 -443.373 2285.79
5500 47.0366 -311830 -360.799 163279 72.9705 72.9999 35.394 120 -674.724 -365.295 -42.3774 -92.1842 27.125 2017.54
5550 47.7461 -311831 61.6868 163263 72.9682 73.0004 35.3914 120 -396.989 -36.8716 618.922 610.424 -292.807 2002.35
5600 47.7417 -311830 237.152 163256 72.9612 73.0002 35.3935 120 45.8115 273.479 392.167 351.605 -111.801 2418.1
5650 48.2638 -311830 542.699 163269 72.9544 73.0015 35.3988 120 557.549 421.508 649.041 447.026 -239.158 2011.16
5700 48.3209 -311829 -324.575 163296 72.9511 73.0044 35.405 120 -566.282 -303.256 -104.187 539.572 -359.887 2543.34
5750 48.7696 -311829 -315.041 163306 72.9455 73.0051 35.4095 120 -310.006 -60.4232 -574.695 677.126 -21.6761 2059.82
5800 48.5154 -311829 373.171 163306 72.9395 73.0059 35.412 120 696.272 403.16 20.0803 666.628 -222.002 2013.22
5850 48.1163 -311828 -182.353 163314 72.9375 73.0094 35.4131 120 139.49 193.277 -879.827 401.054 -48.8083 2205.22
5900 48.3207 -311829 -92.4165 163304 72.9376 73.0116 35.4098 120 157.26 -44.1816 -390.328 714.564 -77.2814 2251.71
5950 48.1035 -311830 135.757 163290 72.9408 73.0119 35.4049 120 823.25 -339.038 -76.9419 602.034 -410.339 2161.38
6000 47.3147 -311830 -78.6684 163286 72.9494 73.0094 35.4011 120 -135.377 -246.957 146.328 575.336 -48.2554 2160.58
6050 47.4064 -311831 200.138 163281 72.9583 73.0041 35.3983 120 -93.2652 437.417 256.262 281.355 -7.24761 2089
6100 47.5996 -311832 260.271 163279 72.9657 73.0011 35.3959 120 -46.353 255.524 571.641 611.12 -50.3395 1742.24
6150 47.4301 -311831 170.873 163287 72.97 73.0017 35.3951 120 -356.045 456.742 411.922 92.1247 -149.754 2253.48
6200 47.4925 -311830 -386.226 163307 72.9706 73.0056 35.3973 120 -890.019 -284.481 15.8222 350.831 -26.2497 2013.47
6250 47.5275 -311829 -297.969 163316 72.9656 73.0068 35.4011 120 -391.294 -601.976 99.3635 306.871 -88.5374 1796.95
6300 48.0988 -311829 -478.48 163302 72.956 73.0027 35.4046 120 -285.766 -516.984 -632.689 306.755 -171.706 2365.77
6350 48.2703 -311829 350.68 163262 72.9433 72.9961 35.4054 120 437.163 547.238 67.6398 297.801 -188.931 1764.58
6400 48.5872 -311829 633.021 163249 72.9357 72.9963 35.4063 120 783.774 797.756 317.534 570.128 -317.375 2139.42
6450 48.3644 -311828 56.768 163285 72.9376 73.0051 35.4087 120 26.6102 333.171 -189.477 454.943 -243.858 2106.93
6500 48.4859 -311829 -601.117 163316 72.942 73.0134 35.4093 120 -7.75114 -865.366 -930.235 450.972 -565.54 1973.36
6550 48.2529 -311830 203.484 163314 72.9456 73.0151 35.4064 120 220.196 149.099 241.158 582.684 131.278 2400.03
6600 47.803 -311830 -185.208 163311 72.9502 73.016 35.4031 120 -178.308 -133.209 -244.106 468.033 -351.145 1982.43
6650 47.4081 -311831 -89.4156 163298 72.9536 73.0148 35.3992 120 59.5363 -334.114 6.33139 372.176 -306.464 2091.78
6700 47.5198 -311831 -284.386 163283 72.9562 73.012 35.3959 120 -585.803 -378.612 111.256 384.091 -367.137 1758.87
6750 47.3261 -311831 111.696 163261 72.9556 73.0061 35.3943 120 -261.86 272.292 324.656 460.78 -330.2 2040.46
6800 47.5182 -311831 303.188 163261 72.956 73.0024 35.3959 120 292.246 -2.44285 619.761 336.643 -395.12 2057.61
6850 47.8993 -311830 -18.3371 163290 72.9603 73.0015 35.4006 120 -83.9542 -61.5419 90.4848 419.925 -55.6949 2298.19
6900 47.6244 -311829 -319.34 163315 72.9626 73.0017 35.4049 120 -676.695 -140.333 -140.992 481.893 -452.729 2099.1
6950 48.2889 -311829 -203.359 163319 72.9601 72.9998 35.4077 120 -529.826 28.9793 -109.231 209.943 122.282 1914.47
7000 48.4338 -311828 -50.8517 163302 72.9534 72.996 35.4092 120 123.327 10.5428 -286.425 324.868 -147.015 2141.9
7050 48.4828 -311828 325.49 163276 72.9448 72.9938 35.4087 120 412.679 710.837 -147.047 427.339 37.4954 2272.01
7100 48.345 -311829 504.033 163272 72.9419 72.997 35.4079 120 664.856 516.021 331.222 553.633 -52.7295 2648.04
7150 48.3053 -311830 158.145 163295 72.9473 73.003 35.4073 120 -161.597 776.613 -140.58 313.376 332.725 2299.77
7200 48.0692 -311830 -110.748 163317 72.9522 73.0123 35.4052 120 -288.397 92.7496 -136.597 439.545 -167.771 2101.11
7250 47.9537 -311831 -505.938 163326 72.9535 73.0208 35.4025 120 -310.26 -1131.45 -76.1018 603.528 97.4386 2121.21
7300 47.3895 -311831 -24.0974 163307 72.9515 73.0196 35.3997 120 228.567 -282.049 -18.8097 758.324 -78.3137 1752.13
7350 47.8148 -311832 643.977 163270 72.9502 73.0118 35.3962 120 122.455 588.579 1220.9 591.056 69.7641 2137.94
7400 47.0759 -311830 220.535 163254 72.949 73.0064 35.3958 120 231.803 338.869 90.934 889.003 -211.766 2180.3
7450 47.3229 -311830 367.566 163270 72.9515 73.0058 35.3984 120 146.613 226.482 729.603 23.4245 -84.218 2163.73
7500 48.0632 -311830 -654.254 163311 72.9574 73.0071 35.4038 120 -816.17 -485.84 -660.751 370.774 -62.1055 2351.74
7550 48.0217 -311829 98.8143 163318 72.9564 73.0045 35.407 120 -245.294 260.441 281.295 627.232 -148.288 1645.05
7600 48.1087 -311829 -222.11 163317 72.9523 73.0033 35.4095 120 -173.653 -213.203 -279.473 386.189 293.711 2323.88
7650 48.7572 -311829 -61.5752 163308 72.9492 73.0005 35.4103 120 164.32 10.3677 -359.414 734.348 -59.3889 1741.83
7700 48.8781 -311829 73.313 163303 72.9486 72.9991 35.4102 120 241.364 270.215 -291.64 652.133 -104.437 2409.36
7750 48.4899 -311829 -41.6067 163300 72.9493 73.0009 35.4083 120 87.1613 -176.32 -35.6615 66.401 -82.8836 2030.04
7800 47.8085 -311829 -95.2641 163282 72.9495 73.0004 35.4047 120 93.4986 119.001 -498.292 159.417 -243.96 2415.35
7850 48.2195 -311831 257.068 163258 72.9502 72.9993 35.3997 120 212.182 186.606 372.418 424.23 -84.5666 2088.05
7900 48.1795 -311832 126.724 163248 72.9529 72.9999 35.3959 120 -90.4582 -67.8862 538.515 552.522 -301.772 2016.77
7950 47.491 -311831 289.664 163263 72.9573 73.0024 35.3959 120 -174.06 518.665 524.388 474.18 -431.209 2373.58
8000 47.0523 -311830 -69.6443 163307 72.9628 73.0092 35.3993 120 6.61519 -584.797 369.249 512.204 29.371 2191.56
8050 47.2094 -311830 -553.104 163340 72.9671 73.0117 35.4032 120 -774.454 -550.363 -334.496 489.564 -81.6879 2090.59
8100 47.6732 -311830 -458.883 163332 72.9629 73.0076 35.4054 120 -596.836 -504.532 -275.281 375.845 20.3686 1864.75
8150 48.0779 -311830 316.742 163286 72.952 72.9987 35.4052 120 261.564 266.783 421.88 139.734 -406.328 1866.38
8200 48.0799 -311829 168.208 163254 72.9427 72.9924 35.4056 120 321.734 116.863 66.0259 333.341 -55.2484 2127.24
8250 48.6183 -311830 288.498 163252 72.9388 72.9917 35.4075 120 175.372 515.066 175.055 267.554 -156.586 2048.78
8300 48.1838 -311828 7.63576 163277 72.9411 72.9961 35.4096 120 432.283 247.888 -657.264 430.344 60.6248 2013.77
8350 48.6022 -311829 -10.2801 163304 72.947 73.0027 35.4096 120 109.854 203.17 -343.864 638.589 8.61297 2134.23
8400 48.1598 -311829 -780.802 163327 72.9525 73.0103 35.408 120 -642.126 -733.327 -966.952 492.668 60.8166 1877.06
8450 48.393 -311830 37.0451 163314 72.9529 73.0125 35.404 120 -176.73 8.85589 279.009 553.629 191.982 2291.27
8500 47.8899 -311830 0.295773 163293 72.9513 73.0121 35.4005 120 -41.2188 -115.944 158.05 544.84 -274.73 1889.92
8550 47.3193 -311830 467.477 163273 72.9489 73.01 35.3984 120 338.232 241.725 822.472 490.082 -32.7841 2010.08
8600 47.3637 -311831 138.324 163273 72.9478 73.0093 35.3993 120 -33.5772 18.6299 429.921 495.031 -138.426 2184.28
8650 47.4345 -311831 25.7127 163293 72.9494 73.0091 35.4027 120 252.529 -265.641 90.2499 541.299 69.6308 2069.37
8700 47.7051 -311831 -160.688 163320 72.9548 73.0076 35.4069 120 -317.225 -303.583 138.744 658.701 139.542 1823.8
8750 47.8541 -311830 -488.326 163331 72.9567 73.003 35.4105 120 -412.623 -173.257 -879.099 174.943 -45.973 2077.26
8800 48.2674 -311830 -98.4974 163306 72.9545 72.9958 35.4097 120 -171.571 410.138 -534.059 146.975 -64.3254 2015.41
8850 48.4466 -311829 521.413 163279 72.9531 72.9923 35.4062 120 586.737 1002.78 -25.2733 385.552 -188.582 2424.93
8900 48.3198 -311829 153.503 163278 72.9556 72.9976 35.4022 120 237.447 312.658 -89.5965 614.303 -201.168 2024.45
8950 48.3341 -311829 -147.849 163288 72.9584 73.0063 35.3987 120 -245.766 -397.774 199.994 505.978 254.777 2230.82
9000 47.9882 -311828 -179.052 163284 72.957 73.0102 35.3966 120 -561.752 -369.761 394.357 490.875 17.3658 2268.36
9050 48.4301 -311830 292.833 163259 72.9501 73.0073 35.396 120 418.72 76.7888 382.989 680.221 -156.319 2382.89
9100 47.8577 -311830 484.952 163254 72.9477 73.0047 35.3974 120 695.66 392.145 367.053 498.972 -281.574 2060.3
9150 47.7272 -311830 378.328 163292 72.9545 73.0075 35.401 120 462.339 -211.367 884.011 513.785 -425.883 2092.25
9200 47.6788 -311831 -781.404 163344 72.9643 73.0103 35.4061 120 -876.307 -636.885 -831.019 470.5 35.8411 2458.19
9250 47.5619 -311831 -501.86 163344 72.9644 73.0067 35.4077 120 -560.621 -757.636 -187.324 452.153 -241.4 1967.5
9300 47.5432 -311831 118.727 163303 72.9578 72.9968 35.407 120 -221.802 633.886 -55.9031 35.5784 -138.367 1909.83
9350 47.8996 -311831 163.949 163269 72.9508 72.9927 35.4049 120 -121.034 770.287 -157.405 501.543 -177.699 2079.06
9400 47.688 -311830 542.313 163258 72.9447 72.9988 35.4025 120 282.304 608.408 736.226 771.109 -104.319 1952.65
9450 48.4006 -311830 179.578 163279 72.9422 73.0101 35.4028 120 552.263 -37.3524 23.8224 609.714 62.0408 2323.67
9500 48.596 -311830 -86.4764 163316 72.9452 73.0204 35.4043 120 46.4622 -316.504 10.6125 451.054 -34.7403 2150.4
9550 48.2284 -311829 -514.632 163333 72.9473 73.0245 35.405 120 -253.788 -726.427 -563.683 576.688 61.7836 1708.35
9600 48.4268 -311829 -4.39578 163308 72.9461 73.0184 35.4033 120 324.696 -462.426 124.543 317.27 -295.953 2029.26
9650 48.2749 -311829 224.691 163279 72.9464 73.0081 35.4017 120 248.179 139.027 286.868 323.289 -388.963 2353.76
9700 48.0289 -311829 -202.635 163267 72.9498 72.9996 35.4015 120 -211.093 64.0115 -460.823 268.042 -238.554 2084.07
9750 47.8593 -311830 372.462 163251 72.9522 72.9924 35.4006 120 346.033 83.58 687.772 366.696 130.012 1731.38
9800 47.5882 -311830 83.807 163261 72.9575 72.9871 35.4026 120 90.2742 225.9 -64.7535 229.707 -203.294 2091.35
9850 47.3362 -311830 -33.1392 163286 72.9627 72.9851 35.4066 120 -579.315 542.651 -62.7539 39.903 -217.77 2336.56
9900 47.704 -311831 -229.055 163303 72.9612 72.9882 35.4095 120 -53.3988 -15.9509 -617.815 383.207 -262.713 1716.91
9950 47.9992 -311831 -272.132 163306 72.9572 72.9929 35.4097 120 -95.449 -16.4112 -704.535 365.765 131.58 2224.37
10000 48.2738 -311831 376.779 163297 72.9525 72.9984 35.4074 120 -77.0647 625.646 581.756 333.113 -39.272 1906.23
10050 48.0341 -311830 85.8296 163298 72.9468 73.0069 35.4064 120 267.729 -148.439 138.198 336.96 149.958 2333.45
10100 48.4743 -311830 -199.325 163300 72.9423 73.0137 35.4056 120 503.45 -843.559 -257.865 754.479 -233.688 1989.47
10150 48.5243 -311830 -366.854 163289 72.9406 73.0142 35.4038 120 5.14819 -408.382 -697.329 369.331 41.4908 2358.48
10200 48.8213 -311830 485.333 163267 72.9405 73.0114 35.4005 120 879.536 21.5857 554.876 598.125 -342.048 2150.76
10250 48.4174 -311829 61.2016 163281 72.9491 73.0099 35.4001 120 -298.441 93.0689 388.977 425.394 120.009 1954.21
10300 48.1468 -311829 -417.458 163300 72.9584 73.0084 35.4004 120 -541.285 -308.106 -402.984 501.162 0.863828 1915.31
10350 48.2263 -311831 255.863 163300 72.9636 73.005 35.3995 120 -133.123 64.1727 836.541 480.835 -321.513 1948.28
10400 47.7024 -311830 173.877 163308 72.966 73.0021 35.4014 120 31.1056 58.1208 432.404 175.223 227.065 2057.64
10450 47.1927 -311829 -210.581 163320 72.9657 72.9996 35.4055 120 -269.131 -148.927 -213.685 341.128 -58.3752 2199.66
10500 47.318 -311830 -295.715 163316 72.9618 72.9955 35.4083 120 -518.851 -29.574 -338.72 379.447 163.93 2342.57
10550 47.6133 -311831 -212.983 163287 72.9535 72.9905 35.4085 120 -185.391 325.708 -779.267 481.974 -300.939 2080.04
10600 48.0671 -311831 328.952 163258 72.9455 72.9905 35.4062 120 106.974 468.521 411.361 455.991 -55.7548 2372.65
10650 47.6305 -311830 298.69 163258 72.9415 72.997 35.4049 120 527.946 536.44 -168.317 490.777 -249.796 1984.42
10700 48.313 -311830 263.451 163279 72.9435 73.0071 35.4037 120 364.097 83.2404 343.014 450.249 122.166 1975.99
10750 48.1488 -311829 -165.264 163302 72.9481 73.0144 35.403 120 -75.4732 -670.054 249.736 450.26 -149.148 2205.78
10800 48.3832 -311829 -460.468 163311 72.951 73.0152 35.4031 120 -540.517 -551.297 -289.59 667.388 -27.1005 2187.95
10850 48.2493 -311828 459.628 163299 72.9499 73.0115 35.4027 120 458.826 65.6435 854.416 385.853 -185.118 2275.82
10900 48.6139 -311830 40.9686 163300 72.9513 73.0066 35.4046 120 246.096 136.414 -259.604 375.863 -74.5939 1951.11
10950 47.9492 -311829 150.424 163307 72.9543 73.0037 35.4061 120 93.4399 280.046 77.7853 670.263 -671.617 2344.36
11000 47.8137 -311830 -601.539 163312 72.9577 73.0016 35.4066 120 -969.408 -113.728 -721.481 255.528 106.597 1651.35
11050 47.7302 -311830 369.254 163295 72.9563 72.9982 35.4053 120 224.616 440.881 442.263 261.232 62.4521 2108.9
11100 47.6978 -311831 -259.775 163294 72.9555 72.9986 35.4052 120 -235.433 -174.194 -369.699 519.487 -77.087 2336.14
11150 47.5986 -311831 -321.832 163281 72.9509 72.9995 35.404 120 -476.453 -112.751 -376.293 758.825 1.72307 2399.22
11200 47.6882 -311831 412.522 163252 72.9438 72.9987 35.4016 120 478.941 101.842 656.784 326.147 -382.943 2075.61
11250 47.6522 -311831 304.23 163247 72.9425 72.997 35.4021 120 575.072 194.724 142.895 494.821 -181.867 2233.87
11300 48.4512 -311831 -291.525 163274 72.9483 72.9985 35.4045 120 -87.3359 -370.248 -416.99 262.174 -205.079 1829.5
11350 47.9855 -311829 101.349 163297 72.9539 73.0015 35.4053 120 -36.415 411.836 -71.3744 186.877 -286.039 2294.3
11400 48.4255 -311829 -242.754 163319 72.9564 73.0082 35.4055 120 -299.201 -144.653 -284.407 272.579 19.7523 2135.4
11450 48.2854 -311828 -399.202 163325 72.9563 73.0122 35.4049 120 -22.3842 -416.144 -759.077 513.83 -26.1709 2397.39
11500 48.6834 -311829 242.516 163315 72.9575 73.0118 35.4024 120 47.5126 -114.189 794.224 471.327 20.1121 2300.68
11550 48.3128 -311829 -330.4 163315 72.9583 73.0116 35.402 120 -370.699 -493.421 -127.081 116.029 -38.2352 2011.64
11600 48.1865 -311830 -35.4262 163298 72.9551 73.0078 35.4018 120 -319.924 -282.366 496.011 406.197 16.0597 2288.2
11650 47.7575 -311830 -227.73 163277 72.9498 73.0018 35.4026 120 -360.503 -13.7484 -308.938 460.729 -259.612 1675.21
11700 47.0447 -311830 394.649 163258 72.9441 72.998 35.4032 120 404.802 511.498 267.647 167.57 -128.292 2067.61
11750 47.3922 -311831 24.6761 163263 72.9423 72.9987 35.4048 120 127.186 71.8984 -125.056 730.931 -39.5036 1728.29
11800 47.644 -311831 -207.413 163281 72.9443 73.0013 35.4064 120 -403.53 33.2296 -251.938 571.971 -7.42258 2250.16
11850 47.5494 -311830 16.024 163298 72.9479 73.0039 35.4071 120 306.109 -89.1607 -168.877 481.642 43.6855 2305.55
11900 48.0994 -311831 99.9724 163315 72.9528 73.0067 35.4072 120 58.4758 -55.8919 297.333 442.546 -24.1849 1871.51
11950 47.7181 -311829 -283.478 163328 72.9571 73.0083 35.4071 120 -487.861 -282.782 -79.7913 660.66 -110.751 1844.43
12000 48.7559 -311830 -224.599 163318 72.9576 73.0056 35.4059 120 -325.528 -166.225 -182.045 236.208 -12.4261 2148.3
12050 47.948 -311829 250.305 163291 72.9544 73.0001 35.4043 120 444.787 253.233 52.895 440.967 1.06601 2284.71
12100 48.3372 -311829 -27.8989 163271 72.9517 72.9979 35.4023 120 202.877 202.614 -489.188 257.362 -167.662 2680.56
12150 48.7145 -311830 420.954 163259 72.9507 73.0003 35.3992 120 270.303 654.373 338.187 517.131 -241.058 2060.59
12200 48.4748 -311830 -140.358 163277 72.9524 73.0081 35.3984 120 2.90742 -611.723 187.741 771.266 -384.614 2083.58
12250 47.6787 -311829 -125.009 163294 72.9536 73.0109 35.4003 120 -278.736 -460.131 363.84 338.396 -59.0404 2018.17
12300 47.6674 -311830 -366.905 163291 72.9511 73.0066 35.4028 120 -286.844 -158.545 -655.325 730.862 -191.861 2520.3
12350 48.0161 -311831 412.522 163276 72.9477 73.0014 35.4038 120 699.745 229.114 308.707 721.411 231.732 2043.66
12400 47.4901 -311831 -226.361 163286 72.9508 72.999 35.4055 120 -95.222 267.887 -851.746 56.5569 -398.15 1978.34
12450 47.7892 -311831 149.414 163293 72.9539 72.9999 35.4052 120 -55.4136 199.35 304.307 350.796 276.786 1952.85
12500 47.7747 -311831 139.172 163305 72.9556 73.0038 35.4051 120 22.6851 77.0254 317.806 619.687 -116.562 2349.32
12550 47.5089 -311830 -290.818 163315 72.9552 73.007 35.4058 120 -622.349 26.1919 -276.296 410.147 -37.2656 2206.05
12600 48.0911 -311830 -300.054 163305 72.9508 73.0078 35.4055 120 -117.469 -564.761 -217.932 372.235 -141.373 1990.7
12650 48.6239 -311830 469.79 163279 72.9462 73.005 35.4033 120 249.887 736.219 423.263 523.841 500.021 2470.16
12700 48.0036 -311829 156.264 163273 72.9447 73.0064 35.4022 120 230.805 195.072 42.9156 464.23 53.4943 2055.5
12750 48.57 -311830 116.046 163286 72.9469 73.0099 35.4021 120 187.408 71.3076 89.422 576.919 -83.5901 2054.41
12800 48.1864 -311829 255.167 163310 72.9513 73.0143 35.403 120 448.637 -41.826 358.69 444.504 339.552 1834.2
12850 48.3591 -311829 -636.474 163333 72.9566 73.0173 35.404 120 -733.576 -738.2 -437.647 422.3 -279.424 2147.43
12900 48.1355 -311830 -200.02 163322 72.957 73.0135 35.4033 120 -508.009 -168.969 76.9171 460.275 -118.173 2034.32
12950 47.8313 -311830 -178.263 163296 72.9539 73.006 35.4028 120 73.4574 -227.963 -380.282 393.012 -628.457 2144.31
13000 47.9662 -311831 386.313 163268 72.9505 72.9988 35.402 120 598.367 263.193 297.378 745.171 -386.538 2140.56
13050 47.6097 -311831 -88.6292 163265 72.951 72.9959 35.4025 120 65.0271 4.99323 -335.908 210.21 -233.169 2339.9
13100 47.7553 -311831 90.7061 163266 72.9528 72.9945 35.4025 120 126.312 142.13 3.67549 254.21 -31.0644 2271.61
13150 47.9961 -311831 15.5999 163274 72.956 72.9951 35.4024 120 -62.8266 42.5087 67.1176 669.661 -55.9236 2268.91
13200 47.8427 -311830 -420.704 163288 72.9585 72.9978 35.4027 120 -662.866 -423.23 -176.015 415.313 -224.674 2385.91
13250 48.1903 -311830 101.779 163284 72.9566 72.9977 35.4028 120 113.783 164.081 27.4732 265.994 -87.7244 2011.01
13300 48.5453 -311830 297.62 163272 72.955 72.9967 35.4016 120 100.49 573.356 219.013 563.757 -94.8344 1893.13
13350 48.227 -311829 -38.6863 163280 72.9563 72.9991 35.4015 120 -28.3193 237.315 -325.055 369.331 -96.7248 2097.2
13400 48.5019 -311830 38.4679 163298 72.9579 73.004 35.4023 120 -184.861 -47.4385 347.703 411.142 -348.375 2412.4
13450 48.4378 -311829 -248.48 163323 72.9575 73.0105 35.4048 120 36.9159 -440.168 -342.187 323.381 -194.793 1731.16
13500 48.4679 -311829 -343.018 163340 72.9554 73.0156 35.407 120 -386.474 -403.279 -239.302 500.582 -187.395 2365.51
13550 47.8064 -311829 -482.841 163324 72.9487 73.0161 35.4065 120 -285.072 -196.579 -966.872 669.921 -552.412 1917.25
13600 47.9256 -311830 213.91 163278 72.9413 73.012 35.4021 120 444.127 -88.8678 286.47 667.568 -219.949 2385.07
13650 47.7139 -311830 294.228 163255 72.939 73.0082 35.4 120 -105.826 387.617 600.893 555.233 -350.343 1932.53
13700 47.5107 -311831 43.209 163260 72.9396 73.0074 35.4014 120 309.526 -220.479 40.5806 688.832 -6.91733 2448.19
13750 47.2383 -311830 101.094 163275 72.9441 73.0055 35.4033 120 142.13 -24.8513 186.002 463.97 -260.037 2141.6
13800 47.6114 -311830 14.3272 163296 72.9506 73.0029 35.406 120 89.3634 101.654 -148.035 482.979 171.26 1853.95
13850 47.9921 -311830 23.8408 163311 72.9561 73.0011 35.4074 120 287.13 -43.2691 -172.339 359.145 -332.856 2119.12
13900 47.9996 -311829 -551.401 163313 72.9597 72.9999 35.4067 120 -411.554 -241.941 -1000.71 148.303 -66.8431 2146.08
13950 48.1748 -311829 123.251 163292 72.9596 72.9985 35.4029 120 82.7915 151.21 135.752 489.187 65.0139 2368.45
14000 48.2949 -311829 468.955 163285 72.9587 73.0012 35.4004 120 603.132 250.442 553.29 268.062 -87.9827 2261.22
14050 48.0922 -311829 -364.575 163302 72.9617 73.0059 35.4004 120 -695.115 -263.159 -135.451 658.598 122.336 2402.49
14100 48.1347 -311829 -352.648 163312 72.9616 73.0084 35.4013 120 -501.757 -226.698 -329.488 343.405 -223.493 1867.19
14150 48.3018 -311830 -318.402 163310 72.9576 73.0103 35.402 120 -512.62 65.3954 -507.982 249.215 -13.222 2442.04
14200 47.7181 -311830 185.338 163299 72.9513 73.0126 35.4014 120 240.432 121.106 194.476 477.888 -330.971 1984.5
14250 47.4521 -311829 228.959 163297 72.9476 73.0154 35.4016 120 278.054 -105.4 514.224 641.797 -294.171 1850.17
14300 48.3475 -311832 -238.938 163302 72.9467 73.0161 35.4028 120 70.0717 -446.255 -340.631 573.395 -291.965 2064.08
14350 47.4315 -311830 -18.1258 163291 72.9463 73.0121 35.4024 120 -2.77234 -137.991 86.3861 597.172 -13.0033 2118.47
14400 47.3456 -311830 164.77 163277 72.9464 73.0065 35.402 120 392.952 -174.619 275.977 751.353 -101.104 1857.55
14450 48.2468 -311831 207.31 163275 72.9499 73.0014 35.4025 120 -277.315 374.291 524.955 401.007 -137.268 2108
14500 48.0494 -311830 98.2556 163281 72.9524 72.9977 35.4044 120 120.271 146.623 27.8724 5.05005 -220.125 2124.67
14550 48.2699 -311829 -235.839 163288 72.9549 72.9949 35.4059 120 -163.143 -250.73 -293.643 304.24 -168.791 2379.56
14600 48.2175 -311829 234.805 163283 72.9543 72.9926 35.4062 120 194.786 274.608 235.023 604.345 -34.6716 2088.86
14650 48.2644 -311829 -16.5333 163288 72.954 72.9934 35.407 120 -1.62214 352.037 -400.014 338.755 -266.452 2292
14700 48.2519 -311829 -223.945 163298 72.9557 72.9975 35.4064 120 -271.917 32.3921 -432.309 359.95 3.19843 2163.32
14750 47.7595 -311829 -9.24129 163294 72.956 73.0021 35.4032 120 -134.905 19.2713 87.9098 262.18 -183.4 2093.4
14800 48.1941 -311830 312.205 163289 72.954 73.0076 35.4004 120 142.625 -25.106 819.096 679.993 295.083 2218.66
14850 47.4616 -311829 319.936 163296 72.952 73.0126 35.4005 120 339.928 300.437 319.444 890.291 -72.4498 2102.6
14900 47.7328 -311830 -390.206 163313 72.9525 73.0172 35.4018 120 -353.796 -236.384 -580.437 355.155 200.528 2053.6
14950 47.6391 -311830 -113.944 163313 72.9501 73.0188 35.4022 120 -191.662 -293.108 142.937 393.249 -347.363 2089.99
15000 47.3783 -311830 61.4597 163294 72.9447 73.0143 35.4029 120 212.116 -380.911 353.174 606.671 131.15 2128.42
15050 48.0729 -311830 -47.1826 163272 72.9396 73.0061 35.4046 120 115.126 134.331 -391.005 597.599 -346.911 2379.46
15100 47.9854 -311830 569.951 163261 72.937 73.0016 35.4055 120 925.598 644.681 139.573 318.953 -132.743 2193.81
15150 47.6765 -311829 43.6264 163282 72.9426 73.0027 35.4067 120 341.622 -7.47666 -203.266 627.598 -289.14 2224.59
15200 48.6442 -311830 -166.914 163307 72.9528 73.0045 35.4064 120 -97.1264 -265.411 -138.206 358.382 -509.285 1962.14
15250 48.0978 -311829 -379.03 163320 72.9616 73.0049 35.4048 120 -566.124 -496.953 -74.0123 305.49 21.366 2387.98
15300 48.0949 -311828 -132.719 163315 72.9648 73.0044 35.4025 120 -196.131 -145.628 -56.398 505.241 -141.995 1698.39
15350 48.4844 -311830 11.3938 163300 72.965 73.003 35.3998 120 -260.626 -155.222 450.03 94.6609 74.9289 2084.97
15400 47.9989 -311830 -238.363 163291 72.9637 73.0011 35.3993 120 -593.451 231.133 -352.77 320.782 16.49 1896.23
15450 48.0557 -311831 204.363 163281 72.9595 73.0011 35.3992 120 248.142 -0.273019 365.22 551.938 -169.383 2048.46
15500 47.9645 -311831 20.1427 163272 72.9547 72.9999 35.4002 120 66.7218 -138.464 132.17 438.283 -93.1666 2310.54
15550 47.9542 -311831 128.74 163271 72.9496 72.9993 35.4027 120 233.663 522.833 -370.275 626.446 -582.402 2340.33
15600 48.0203 -311831 316.692 163291 72.9476 73.004 35.4058 120 217.933 455.175 276.969 203.618 -133.146 1839.43
15650 47.5688 -311830 -495.932 163325 72.9484 73.0117 35.4091 120 -372.308 -397.137 -718.352 616.327 -99.3439 2190.11
15700 47.9663 -311830 -415.222 163330 72.9468 73.0152 35.4092 120 31.9564 -819.764 -457.858 435.762 13.7867 2253.35
15750 48.4036 -311830 228.08 163302 72.9442 73.0107 35.4066 120 315.723 158.665 209.852 196.072 123.703 2152.87
15800 48.1419 -311830 -7.39832 163280 72.9448 73.006 35.4037 120 347.699 -141.389 -228.506 473.948 22.3908 2280.09
15850 48.3489 -311830 80.4172 163277 72.9506 73.0041 35.4013 120 -169.891 366.566 44.5767 354.513 -391.59 2184.69
15900 47.9345 -311829 -66.1453 163284 72.9559 73.0048 35.3997 120 -530.825 136.098 196.29 442.79 -319.449 2078.44
15950 47.9213 -311829 70.0784 163281 72.9552 73.0054 35.3992 120 -216.853 58.0901 368.998 276.779 -379.591 2321.73
16000 48.2759 -311830 345.529 163282 72.9524 73.0068 35.4 120 346.201 182.615 507.771 679.536 85.7227 1757.6
16050 47.9748 -311830 294.132 163296 72.9524 73.0081 35.4026 120 382.595 109.071 390.729 618.939 -99.2929 2106.36
16100 48.3815 -311831 -419.36 163317 72.9541 73.0084 35.4062 120 -524.565 -461.203 -272.311 353.498 -55.8013 2074.56
16150 47.1428 -311829 -211.029 163319 72.9526 73.0067 35.4081 120 -192.915 -187.437 -252.735 470.789 75.8275 2358.61
16200 47.7869 -311830 528.408 163301 72.9485 73.0029 35.4081 120 542.164 561.113 481.946 506.609 -440.35 2353.5
16250 47.6037 -311830 -76.8958 163293 72.9471 73.0017 35.4075 120 61.1334 332.973 -624.794 955.364 -160.643 2190.11
16300 47.6375 -311830 183.571 163290 72.9497 73.0035 35.4047 120 214.733 105.705 230.274 317.754 -437.05 2292.03
16350 47.9402 -311830 -498.914 163304 72.9561 73.0065 35.4032 120 -936.463 -289.292 -270.987 406.998 -159.254 2274.9
16400 47.5257 -311829 154.972 163298 72.9572 73.0064 35.4014 120 11.2302 -122.937 576.624 530.027 -322.684 1984.07
16450 48.5747 -311830 161.807 163287 72.9547 73.0047 35.401 120 92.266 117.283 275.872 456.084 -103.781 1930.19
16500 48.6156 -311829 13.1629 163283 72.9522 73.0027 35.4024 120 304.634 -319.344 54.1986 457.774 -332.335 1975.44
16550 48.2968 -311829 -181.244 163289 72.9526 73.0002 35.4047 120 -196.117 389.083 -736.698 452.746 24.1485 2378.45
16600 48.1812 -311829 6.32548 163291 72.9523 73.0003 35.4053 120 -106.727 60.5281 65.1751 535.2 -444.237 2044.28
16650 47.9732 -311829 -41.3813 163297 72.9523 73.0024 35.4056 120 136.951 38.8024 -299.897 442.827 78.8724 2115.97
16700 48.6382 -311831 62.5203 163302 72.9534 73.0044 35.405 120 114.74 -106.166 178.988 320.949 -148.174 2218.47
16750 47.8706 -311830 324.604 163299 72.9542 73.0044 35.4042 120 296.461 317.141 360.21 362.385 -293.71 2369.07
16800 47.8721 -311831 51.6734 163302 72.9558 73.0049 35.4038 120 -190.94 132.91 213.05 258.778 -172.567 1758.24
16850 47.4202 -311830 -167.285 163309 72.957 73.0052 35.4045 120 -270.862 -43.1042 -187.887 418.597 -307.192 2217.15
16900 47.445 -311830 -110.43 163312 72.9563 73.0047 35.4057 120 -129.705 13.0929 -214.678 336.791 258.27 1736.28
16950 47.8927 -311831 74.4515 163306 72.9533 73.0047 35.4059 120 -91.4331 149.76 165.028 436.054 -371.936 2152.92
17000 47.6913 -311830 -31.7782 163298 72.9486 73.0055 35.406 120 -12.6118 88.5214 -171.244 251.888 -37.8329 2115.05
17050 48.2761 -311830 195.014 163290 72.9446 73.0072 35.4055 120 294.256 194.264 96.5204 673.804 154.498 2368.8
17100 47.9726 -311828 -111.213 163298 72.9458 73.0095 35.4055 120 343.079 -229.537 -447.182 230.828 -52.8982 2456.78
17150 48.3079 -311829 -126.771 163304 72.9499 73.0099 35.4045 120 -44.4157 -137.183 -198.716 445.364 -181.965 2340.95
17200 47.9504 -311829 -456.269 163300 72.9525 73.0085 35.4031 120 -268.252 -963.552 -137.003 538.166 65.4797 2319.53
17250 48.3275 -311830 50.4955 163273 72.9519 73.0012 35.4012 120 105.257 -160.931 207.161 543.87 18.8044 1995.46
17300 48.0265 -311829 317.368 163256 72.9518 72.9949 35.4006 120 284.75 863.702 -196.349 375.006 -373.415 1801.99
17350 48.2678 -311830 451.469 163268 72.9543 72.9963 35.4013 120 590.108 391.978 372.321 532.069 -339.614 2144.67
17400 47.4387 -311830 -174.87 163305 72.9604 73.0021 35.4035 120 -322.371 -345.025 142.787 690.974 -38.2573 1642.45
17450 47.8605 -311831 -235.066 163330 72.9633 73.0052 35.406 120 -505.221 -399.951 199.973 306.531 -135.009 2012.34
17500 48.0028 -311831 -585.694 163331 72.9597 73.0042 35.4084 120 -354.754 -1007.56 -394.77 260.909 260.61 1980.49
17550 47.5304 -311831 153.81 163297 72.9519 72.9965 35.4086 120 261.484 278.289 -78.3435 183.366 75.1702 2313.33
17600 47.9622 -311831 350.686 163267 72.9458 72.9911 35.4076 120 507.162 797.442 -252.545 382.575 -222.459 2436.04
17650 48.0553 -311830 246.886 163262 72.9458 72.9918 35.4062 120 321.893 277.871 140.894 561.132 -426.631 2003.32
17700 48.1909 -311829 72.9348 163277 72.95 72.997 35.405 120 79.7933 91.734 47.277 304.354 -31.7607 1721.76
17750 48.2499 -311830 228.719 163297 72.954 73.0054 35.4033 120 82.1974 315.296 288.664 381.172 -141.077 2260.79
17800 48.6624 -311829 -191.782 163323 72.9575 73.0162 35.402 120 29.4823 -495.412 -109.416 808.287 -405.781 1983.01
17850 48.141 -311828 -225.016 163331 72.959 73.0212 35.4006 120 -521.332 -275.135 121.418 442.805 -39.7619 2123.72
17900 47.9495 -311828 49.4505 163316 72.9554 73.0211 35.3992 120 -174.012 -346.444 668.807 443.562 -155.988 2146.69
17950 48.2884 -311830 123.937 163296 72.9504 73.0157 35.3997 120 72.5397 -88.7894 388.06 251.693 40.1656 2166.21
18000 47.5598 -311830 -320.655 163283 72.9462 73.0082 35.4026 120 -185.862 -404.809 -371.293 581.819 -230.331 1698.67
18050 47.8552 -311831 438.976 163274 72.9434 73.0007 35.4056 120 666.262 592.794 57.8714 785.393 -155.418 1878.78
18100 47.6972 -311831 241.127 163294 72.9485 72.9997 35.408 120 280.597 632.557 -189.775 451.191 -368.579 2387.57
18150 47.8934 -311832 -555.221 163324 72.957 73.0035 35.4086 120 -430.586 -739.106 -495.971 290.662 -341.074 2434.03
