# Time-averaged data for fix 2
# TimeStep c_thermo_temp c_thermo_pe c_thermo_press v_myVol v_myCella v_myCellb v_myCellc v_myCellgamma c_thermo_press[1] c_thermo_press[2] c_thermo_press[3] c_thermo_press[4] c_thermo_press[5] c_thermo_press[6]
0 48.9008 -311832 63.2013 163296 72.9511 73.0028 35.4058 120 382.799 171.505 -364.7 845.371 -660.117 1686.9
50 49.3299 -311832 493.326 163279 72.9474 73.0021 35.4041 120 631.727 256.193 592.057 800.701 -511.557 1780.58
100 49.2182 -311831 73.1325 163298 72.9513 73.0058 35.4046 120 422.304 55.0034 -257.91 675.469 -696.274 1905.56
150 49.3549 -311831 20.4033 163332 72.9589 73.0111 35.4057 120 -284.554 -14.7897 360.554 897.781 -968.912 1717.95
200 49.4818 -311830 -403.927 163357 72.964 73.0141 35.4072 120 -231.789 -722.204 -257.787 636.764 -806.739 2215.06
250 49.2722 -311830 -134.866 163353 72.9659 73.0107 35.4071 120 -54.7056 -219.746 -130.146 482.919 -1049.38 1953.42
300 48.9362 -311830 5.13299 163331 72.9656 73.0045 35.4054 120 -37.1276 188.851 -136.325 754.754 -728.364 1857.82
350 49.1055 -311831 -11.1081 163306 72.9647 72.9998 35.4028 120 -210.548 493.405 -316.182 924.408 -880.804 2242.9
400 49.07 -311831 589.55 163295 72.9644 72.9999 35.4005 120 403.039 888.925 476.687 962.33 -969.841 2087.56
450 49.3997 -311832 213.19 163321 72.9669 73.008 35.4009 120 305.097 151.242 183.23 1039.3 -724.1 1853.33
500 48.9524 -311832 -418.706 163350 72.9689 73.0156 35.4027 120 -330.11 -757.233 -168.775 762.134 -970.731 1702.69
550 48.7102 -311831 -341.869 163349 72.9666 73.0154 35.4037 120 -299.185 -560.03 -166.393 811.645 -796.962 1733.74
600 48.9034 -311832 -316.593 163327 72.9631 73.0093 35.4034 120 -182.531 -136.453 -630.795 500.277 -741.614 1704.39
650 48.9923 -311832 246.69 163297 72.9607 73.0021 35.4016 120 354.031 88.8557 297.182 788.313 -761.928 1928.65
700 49.0711 -311832 557.616 163285 72.9618 72.9966 35.4012 120 627.63 545.783 499.435 820.464 -478.048 2011.27
750 49.1809 -311832 144.943 163303 72.9677 72.9962 35.4023 120 -350.207 465.076 319.962 820.586 -686.56 2077.41
800 48.8955 -311832 12.7458 163328 72.9723 72.9995 35.4039 120 151.168 125.447 -238.378 963.199 -610.441 1973.8
850 48.825 -311831 -423.047 163347 72.9762 73.0027 35.4046 120 -431.374 -153.297 -684.47 570.53 -844.939 2140.01
900 49.0475 -311831 373.728 163345 72.9762 73.0052 35.4029 120 -97.0441 562.384 655.845 557.455 -832.968 1703.14
950 48.8858 -311831 -377.062 163353 72.9749 73.0101 35.403 120 -78.6008 -781.335 -271.249 1062.06 -646.174 1964.5
1000 49.183 -311833 -305.634 163342 72.9734 73.0074 35.4026 120 -52.9958 -542.214 -321.692 896.623 -974.494 2214.65
1050 48.4831 -311831 98.7129 163309 72.9705 72.9997 35.4007 120 17.162 88.0822 190.894 994.462 -546.956 1567.26
1100 49.1697 -311833 481.276 163282 72.9673 72.9934 35.3994 120 415.714 902.061 126.053 1048.21 -379.717 1926.37
1150 48.9013 -311832 189.347 163297 72.9698 72.9952 35.4005 120 -89.9622 321.738 336.266 406.894 -605.641 2051.77
1200 48.583 -311831 -55.6839 163340 72.9756 73.0018 35.4039 120 -5.49514 -97.7547 -63.8019 674.858 -600.385 2571.16
1250 48.9613 -311832 -173.986 163376 72.9802 73.0071 35.4069 120 -163.193 -367.484 8.7173 898.801 -582.79 1938.41
1300 48.9401 -311831 -503.546 163384 72.9802 73.0083 35.408 120 -643.099 -504.416 -363.125 1034.38 -1100.47 2011.74
1350 48.8603 -311832 -541.927 163361 72.9753 73.005 35.407 120 -497.413 -229.872 -898.495 966.214 -1008.22 2330.66
1400 49.1247 -311832 -36.4218 163317 72.9681 73.0009 35.403 120 370.316 26.3321 -505.914 821.27 -665.457 2056.08
1450 49.6031 -311833 381.227 163281 72.9642 72.9996 35.3977 120 325.416 519.738 298.527 848.773 -509.34 2310.89
1500 49.249 -311832 563.92 163276 72.9651 73.0036 35.3943 120 459.971 531.663 700.127 783.685 -825.888 2041.54
1550 49.3659 -311832 341.197 163308 72.9702 73.0106 35.3952 120 -110.229 431.172 702.647 908.897 -846.908 2080.4
1600 48.9712 -311832 -523.358 163358 72.9754 73.0188 35.3996 120 -612.116 -943.906 -14.0532 918.447 -733.185 1891.6
1650 48.9568 -311832 -494.276 163374 72.9756 73.0178 35.4036 120 -591.961 -682.814 -208.054 689.899 -738.779 2572.38
1700 48.8942 -311832 -89.3512 163359 72.9711 73.01 35.4062 120 -441.628 360.007 -186.433 799.513 -777.886 1900.78
1750 48.9611 -311833 35.0751 163332 72.964 73.0032 35.407 120 509.354 -236.385 -167.744 932.701 -395.812 2294.85
1800 48.499 -311832 246.602 163305 72.9606 72.9969 35.4059 120 512.827 473.842 -246.861 651.921 -970.048 1965.84
1850 49.2959 -311833 104.763 163290 72.9625 72.9935 35.4035 120 221.598 299.558 -206.866 568.558 -735.976 2377.62
1900 49.1865 -311833 356.063 163287 72.968 72.9917 35.401 120 -142.253 553.965 656.477 427.164 -747.265 1739.91
1950 48.6034 -311831 123.676 163308 72.9739 72.9952 35.401 120 87.1901 286.949 -3.11047 910.874 -1068.36 1959.24
2000 48.7099 -311831 -17.0444 163342 72.9795 73.0024 35.402 120 -146.404 -267.992 363.263 920.341 -580.975 1736.06
2050 49.2847 -311832 -304.417 163360 72.9819 73.0072 35.4025 120 -448.118 48.0694 -513.201 749.028 -1043.04 2113.74
2100 48.7019 -311830 -113.611 163352 72.9792 73.0102 35.4007 120 -311.147 -381.486 351.801 689.742 -744.501 1926.71
2150 49.3052 -311832 -295.402 163337 72.9746 73.0091 35.4002 120 -252.946 -285.312 -347.948 786.523 -780.233 2229.66
2200 48.8747 -311831 380.106 163326 72.9705 73.0073 35.4007 120 133.196 471.684 535.439 870.063 -695.673 2173.87
2250 49.2424 -311832 -37.6695 163334 72.9678 73.0077 35.4034 120 220.515 -253.218 -80.3055 822.538 -1145.91 2145.12
2300 48.5241 -311832 -143.502 163333 72.9661 73.0053 35.4053 120 125.238 -289.366 -266.376 938.2 -1053.17 2466.83
2350 48.9722 -311832 135.279 163318 72.9637 73.0011 35.4052 120 309.069 382.228 -285.461 442.166 -1021.74 2029.75
2400 49.176 -311833 -23.791 163308 72.9636 72.9996 35.4039 120 182.498 80.9574 -334.829 557.62 -580.474 2005.87
2450 49.2377 -311834 61.7616 163303 72.9649 73.0002 35.4019 120 295.98 0.190433 -110.885 614.481 -803.433 2059.16
2500 48.9685 -311833 241.689 163304 72.9678 73.0014 35.4 120 108.413 323.712 292.941 737.326 -911.233 1785.07
2550 48.6275 -311832 482.93 163327 72.9737 73.0059 35.4 120 91.0788 553.598 804.114 637.373 -717.83 2196.04
2600 49.2818 -311833 -576.5 163378 72.9813 73.0142 35.4033 120 -546.035 -798.039 -385.425 673.148 -635.735 2432
2650 48.9207 -311832 -600.113 163401 72.9842 73.0168 35.4057 120 -553.176 -893.839 -353.323 478.049 -817.142 1590.65
2700 49.4362 -311832 -356.075 163376 72.9798 73.0109 35.4053 120 -286.95 -431.379 -349.896 853.834 -311.36 2519.73
2750 49.4506 -311832 306.42 163319 72.9711 73 35.4023 120 215.501 210.355 493.406 683.968 -752.463 1904.42
2800 49.1282 -311832 379.56 163282 72.9654 72.9913 35.4012 120 454.725 629.273 54.6812 741.641 -937.254 2273.13
2850 49.0514 -311832 492.757 163288 72.9662 72.9907 35.4025 120 213.672 833.974 430.625 493.074 -849.932 2050.98
2900 48.8705 -311832 -27.0922 163328 72.9712 72.9989 35.4049 120 360.448 -23.0139 -418.71 693.196 -373.494 1980.01
2950 49.3958 -311833 -335.068 163375 72.9796 73.009 35.406 120 -596.342 -299.591 -109.272 847.977 -907.855 1966.17
3000 48.5133 -311832 -407.514 163394 72.9833 73.0147 35.4056 120 -683.851 -337.752 -200.938 706.248 -626.732 1998.14
3050 48.2918 -311832 -489.121 163367 72.9777 73.0133 35.4032 120 -530.796 -137.825 -798.742 786.134 -463.265 2327.57
3100 48.6715 -311833 95.1651 163319 72.9676 73.0092 35.3997 120 259.523 -274.392 300.365 928.242 -1146.62 1914.63
3150 48.8527 -311833 545.189 163277 72.9591 73.004 35.3972 120 748.721 744.934 141.913 1156.83 -701.429 1749.01
3200 48.5563 -311832 621.812 163263 72.956 73.0023 35.3965 120 421.949 401.969 1041.52 702.991 -815.255 1669.1
3250 49.0237 -311833 390.952 163287 72.9581 73.004 35.3998 120 594.855 110.849 467.153 734.298 -976.117 2023.39
3300 48.9385 -311831 -6.39501 163348 72.968 73.0098 35.4055 120 396.329 52.6827 -468.197 1003.53 -767.686 2297.75
3350 49.1175 -311831 -607.448 163417 72.9808 73.0176 35.4104 120 -883.629 -653.242 -285.472 662.847 -630.076 2503.34
3400 49.4097 -311832 -1113.71 163424 72.9833 73.0156 35.4117 120 -1030.58 -1067.81 -1242.74 904.871 -790.841 2227.52
3450 49.1256 -311832 -67.5775 163348 72.9729 73.0012 35.4071 120 -384.296 187.396 -5.8326 746.424 -659.999 2066.58
3500 49.1334 -311832 535.422 163268 72.9604 72.9886 35.402 120 770.212 795.497 40.5566 496.096 -631.672 2151.36
3550 49.135 -311833 595.899 163242 72.9567 72.9861 35.3993 120 609.395 545.388 632.914 918.655 -831.122 1845.51
3600 48.8701 -311832 378.274 163270 72.9619 72.9912 35.4004 120 463.634 659.566 11.6232 873.82 -769.334 2393.17
3650 48.9453 -311833 70.447 163333 72.9719 73.003 35.4035 120 93.2623 25.2652 92.8136 356.689 -950.103 1999.41
3700 48.3097 -311831 -275.239 163400 72.9821 73.016 35.4068 120 -117.095 -416.43 -292.191 790.134 -808.173 2127.02
3750 48.512 -311832 -940.352 163432 72.9867 73.0233 35.408 120 -887.248 -1319.56 -614.248 876.688 -707.461 1747.56
3800 48.8675 -311833 -365.303 163397 72.9806 73.0184 35.4057 120 -456.938 -299.389 -339.583 772.895 -1108.31 2072.31
3850 48.7334 -311832 -44.7975 163329 72.9684 73.009 35.4016 120 -193.969 176.48 -116.903 778.398 -704.391 1997.31
3900 48.7912 -311832 765.087 163272 72.9574 73.0019 35.3978 120 760.886 956.825 577.55 1127.51 -1056.53 2148.21
3950 48.9775 -311832 447.274 163270 72.9558 73.0028 35.3979 120 484.462 421.914 435.445 802.566 -882.371 2714.51
4000 49.1942 -311832 314.167 163306 72.9607 73.0077 35.4009 120 304.453 -139.514 777.563 785.466 -706.219 2038.21
4050 49.8261 -311833 -457.152 163353 72.9672 73.012 35.4059 120 -462.903 -604.68 -303.873 736.751 -439.305 2259.77
4100 49.417 -311832 -313.576 163369 72.9688 73.011 35.409 120 -298.271 -440.374 -202.083 686.191 -817.485 2226.45
4150 49.3978 -311832 -612.835 163361 72.9683 73.0059 35.41 120 0.115338 -539.547 -1299.07 966.941 -781.765 2238.19
4200 49.2043 -311832 540.193 163333 72.97 72.998 35.4069 120 607.949 577.027 435.603 724.577 -544.57 2061.57
4250 49.0753 -311834 36.723 163331 72.9759 72.9963 35.4043 120 35.8996 298.866 -224.596 848.474 -883.769 2021.91
4300 48.7679 -311834 300.638 163341 72.9827 73.0005 35.4013 120 15.7212 335.419 550.774 685.362 -935.185 2288.25
4350 48.4838 -311834 -302.005 163359 72.9875 73.0064 35.4 120 -442.608 -328.792 -134.617 911.473 -628.017 1836.74
4400 48.6053 -311834 -42.5184 163356 72.9859 73.0089 35.3989 120 -391.574 25.4646 238.554 526.151 -746.112 2172.91
4450 48.332 -311833 -43.7516 163344 72.9786 73.0103 35.3992 120 -209.969 -75.4143 154.128 470.386 -613.025 2184.11
4500 48.8519 -311833 -114.764 163329 72.9692 73.0112 35.4 120 30.8214 -494.812 119.699 815.3 -842.771 1913.84
4550 49.3456 -311833 160.54 163312 72.9615 73.008 35.4015 120 268.609 -97.626 310.637 664.544 -320.742 2353.55
4600 49.4938 -311833 291.48 163301 72.9558 73.0029 35.4044 120 269.703 322.202 282.533 844.862 -1247.54 1997.72
4650 49.7236 -311832 238.629 163302 72.9518 73.0009 35.4077 120 541.028 517.906 -343.049 1012.53 -511.903 2265.25
4700 49.6809 -311832 302.267 163320 72.9532 73.0039 35.4093 120 409.259 271.732 225.811 1207.51 -988.134 1884.48
4750 49.3351 -311832 -281.312 163350 72.96 73.0087 35.4103 120 -177.377 -152.285 -514.273 897.67 -988.334 1805.16
4800 49.5729 -311833 -214.911 163362 72.9659 73.0114 35.4086 120 -248.295 37.713 -434.15 982.54 -753.052 1797.68
4850 48.9419 -311832 85.6823 163356 72.9691 73.0124 35.4053 120 304.544 -507.971 460.473 806.937 -1080.32 2044.2
4900 48.572 -311833 109.036 163354 72.9739 73.0108 35.4034 120 149.458 250.473 -72.8217 693.811 -510.409 1576.34
4950 48.4635 -311833 -7.74922 163353 72.9798 73.009 35.4012 120 -444.471 -63.8856 485.109 795.176 -672.699 1991.29
5000 48.8257 -311835 -108.686 163339 72.9817 73.0049 35.3992 120 -55.8663 -113.556 -156.635 1009.27 -930.438 2365.66
5050 48.4716 -311834 472.963 163319 72.981 73.001 35.3971 120 383.664 397.176 638.049 558.485 -832.664 2056.76
5100 48.2783 -311833 -23.3979 163312 72.9787 72.9991 35.3975 120 -254.749 32.9367 151.619 696.914 -766.997 2537.38
5150 48.6213 -311832 167.481 163303 72.9715 72.9985 35.3995 120 -38.0393 253.112 287.37 878.31 -605.373 1950.21
5200 49.3157 -311833 684.398 163302 72.962 73.0005 35.4029 120 561.063 633.984 858.148 591.476 -1233.73 2390.5
5250 49.3809 -311832 -219.738 163325 72.9568 73.0071 35.4072 120 255.302 -98.4226 -816.095 349.533 -931.595 2283.58
5300 49.4269 -311832 149.112 163338 72.9551 73.0133 35.4079 120 348.528 -172.447 271.254 935.975 -905.001 2104.76
5350 49.0533 -311831 -349.54 163346 72.9553 73.0166 35.408 120 55.4803 -527.749 -576.35 782.191 -780.051 1751.23
5400 49.5142 -311832 36.3401 163334 72.9556 73.0147 35.4061 120 462.834 -464.498 110.684 836.695 -407.941 2181.9
5450 49.6261 -311833 44.0969 163328 72.9611 73.0087 35.4049 120 115.223 24.3421 -7.2747 1323.78 -767.44 1902.7
5500 48.8736 -311833 149.197 163330 72.9696 73.0029 35.404 120 -56.3246 519.601 -15.6842 636.569 -668.654 1988.66
5550 48.7722 -311834 247.841 163334 72.9774 72.9995 35.4028 120 260.56 317.73 165.234 490.807 -655.818 1866.64
5600 48.5905 -311834 -87.5618 163344 72.9845 72.9981 35.4022 120 -249.399 -46.7053 33.4185 698.874 -804.747 2180.66
5650 48.0906 -311833 303.118 163343 72.9872 72.9967 35.4012 120 131.064 460.325 317.963 444.796 -708.056 1913
5700 48.4706 -311834 -109.672 163349 72.9885 72.9985 35.4013 120 -299.148 -195.234 165.367 599.906 -767.831 2082.96
5750 48.6716 -311833 -275.835 163346 72.9853 72.9993 35.4017 120 -403.951 -309.969 -113.587 628.379 -808.027 2349.2
5800 48.9778 -311833 -105.704 163325 72.9775 72.9978 35.4017 120 -129.396 210.273 -397.988 811.646 -347.305 2361.4
5850 49.2723 -311833 599.485 163299 72.9686 72.9969 35.4009 120 535.635 733.683 529.136 808.238 -682.433 2357.6
5900 49.4342 -311832 119.204 163304 72.9636 73.0019 35.4017 120 7.28576 510.028 -159.701 525.904 -837.485 1971.72
5950 49.9798 -311832 -174.009 163327 72.9617 73.0105 35.4035 120 -47.0442 -215.047 -259.935 697.361 -885.071 2089.28
6000 49.4854 -311831 189.97 163346 72.9611 73.0159 35.4054 120 552.731 -30.5107 47.6911 796.075 -969.308 1575.8
6050 49.5494 -311832 -216.13 163370 72.9639 73.0186 35.408 120 -141.927 -409.243 -97.2186 769.701 -960.688 1946.06
6100 48.8163 -311832 -422.877 163380 72.966 73.0175 35.4095 120 -198.269 -481.238 -589.123 990.17 -768.608 2126.55
6150 48.8649 -311833 -354.867 163356 72.9654 73.0116 35.4076 120 -23.5966 -474.807 -566.197 823.895 -798.196 2068.01
6200 48.5908 -311834 700.679 163317 72.9643 73.0036 35.4036 120 459.242 502.235 1140.56 860.606 -641.017 2123.83
6250 48.3132 -311834 131.213 163307 72.9662 72.9996 35.4023 120 184.338 245.894 -36.593 813.276 -728.478 2239.19
6300 48.3455 -311834 -48.5475 163311 72.9705 72.9988 35.4014 120 189.483 -474.076 138.95 508.822 -782.896 2189.22
6350 48.7226 -311834 369.681 163317 72.9757 72.9966 35.4013 120 241.499 424.42 443.125 423.823 -629.815 2130.84
6400 48.8959 -311833 -92.9532 163332 72.9802 72.996 35.4028 120 -430.318 107.838 43.6206 484.447 -907.918 1769.3
6450 49.0913 -311832 -97.9683 163340 72.9808 72.9961 35.4041 120 -803.516 362.16 147.451 781.475 -932.908 2142.59
6500 49.7068 -311833 87.254 163340 72.9756 72.9995 35.405 120 -54.4054 200.721 115.446 587.428 -574.109 1989.45
6550 49.5674 -311831 -102.568 163345 72.9692 73.006 35.4059 120 307.535 -117.216 -498.023 547.209 -858.561 1998.17
6600 49.5015 -311831 230.536 163345 72.9654 73.0114 35.4052 120 124.559 122.092 444.958 1074.41 -1045.73 1953.96
6650 49.772 -311832 196.578 163355 72.9651 73.0157 35.4055 120 227.502 269.705 92.5271 833.155 -743.559 2236.7
6700 49.562 -311833 -158.188 163375 72.9676 73.0211 35.406 120 -364.983 -117.817 8.23448 731.954 -589.16 2132.84
6750 48.8755 -311832 -321.132 163377 72.9675 73.0236 35.4052 120 178.18 -734.076 -407.501 967.385 -789.265 1985.86
6800 48.4463 -311833 -101.453 163351 72.9656 73.019 35.4028 120 -32.7778 -374.63 103.049 827.433 -937.321 1813.03
6850 48.6981 -311835 22.7631 163319 72.9643 73.0111 35.4004 120 111.896 -138.464 94.8581 857.349 -1088.91 1756.16
6900 48.7183 -311835 614.831 163286 72.9628 73.0019 35.3984 120 521.348 586.028 737.116 865.551 -423.088 2056.56
6950 48.2842 -311834 83.5517 163279 72.9643 72.9955 35.3991 120 332.289 -148.691 67.0574 894.756 -819.655 1954.13
7000 48.8871 -311834 612.693 163293 72.9697 72.9917 35.4015 120 453.869 462.626 921.586 713.978 -573.044 2258.44
7050 48.6206 -311833 304.987 163333 72.978 72.9931 35.4054 120 124.557 509.483 280.92 473.43 -430.914 2031.6
7100 49.4902 -311832 -420.104 163384 72.9865 72.9987 35.4097 120 -726.953 13.8874 -547.245 412.643 -985.495 2111.13
7150 49.5524 -311832 -592.263 163414 72.9885 73.0055 35.412 120 -1068.4 -475.647 -232.74 889.427 -941.661 2101.09
7200 49.3923 -311831 -331.343 163402 72.9818 73.0087 35.4109 120 -613.53 33.4639 -413.964 775.094 -412.081 1817.57
7250 49.7302 -311832 -72.5661 163352 72.9687 73.0077 35.4069 120 22.555 -177.55 -62.7031 926.074 -953.394 2156.54
7300 49.7124 -311833 268.234 163292 72.9556 73.0043 35.4019 120 891.876 313.244 -400.419 724.335 -430.663 1968.27
7350 48.9663 -311832 817.079 163257 72.9519 73.0032 35.3966 120 579.1 893.226 978.91 447.373 -754.068 2432.94
7400 48.9791 -311834 878.679 163282 72.957 73.0094 35.3966 120 1090.39 353.418 1192.23 833.141 -660.812 1777.93
7450 48.6568 -311834 -145.004 163345 72.9687 73.0189 35.4 120 420.141 -624.638 -230.515 1013.13 -885.214 1715.47
7500 48.5259 -311834 -729.984 163387 72.9809 73.0209 35.4023 120 -1210.83 -814.243 -164.885 609.046 -786.775 1941.48
7550 48.4926 -311834 -65.4526 163390 72.9844 73.0151 35.4041 120 -522.815 126.928 199.53 591.794 -902.809 1645.92
7600 48.2051 -311833 -54.9971 163382 72.9818 73.0093 35.4062 120 131.003 -169.787 -126.207 678.803 -610.468 1789.25
7650 49.0944 -311834 -367.184 163371 72.9785 73.0033 35.4084 120 -348.886 16.3294 -768.996 965.602 -732.6 2095.37
7700 49.1242 -311832 62.723 163353 72.9727 73 35.4089 120 113.635 366.094 -291.56 767.757 -842.772 2277.22
7750 49.4023 -311832 -286.27 163333 72.9662 72.9991 35.4081 120 -206.982 -394.201 -257.628 742.683 -787.158 2014.38
7800 49.9622 -311834 305.006 163295 72.9585 72.9961 35.4052 120 102.238 560.701 252.079 1029 -679.817 2388.92
7850 49.7417 -311832 909.243 163272 72.9531 72.998 35.4018 120 1223.53 736.551 767.646 1013.43 -980.883 1941.72
7900 49.7995 -311832 320.964 163295 72.9564 73.0068 35.401 120 852.746 -11.7524 121.899 717.743 -601.617 1898.6
7950 49.0446 -311832 20.426 163338 72.966 73.0153 35.4015 120 -70.6041 -170.423 302.305 648.687 -801.552 2092.95
8000 49.3538 -311833 -168.563 163374 72.9754 73.0191 35.403 120 -311.943 -406.556 212.809 985.977 -857.719 2424.75
8050 49.0544 -311834 -448.768 163391 72.9806 73.0178 35.4047 120 -747.868 -591.948 -6.48852 890.216 -876.562 1653.65
8100 48.4346 -311834 -415.5 163374 72.9777 73.0115 35.4054 120 -408.794 -244.88 -592.825 646.259 -618.759 2580.38
8150 48.2257 -311834 346.264 163333 72.9704 73.0034 35.404 120 154.027 545.735 339.032 841.368 -802.985 2174.22
8200 48.4972 -311834 99.5203 163306 72.9645 72.9996 35.403 120 70.7266 298.57 -70.7361 704.889 -714.854 1965.38
8250 48.4335 -311833 784.5 163295 72.9618 72.9988 35.4023 120 797.787 908.997 646.716 787.484 -898.372 2024.2
8300 49.1407 -311833 349.307 163320 72.9655 73.0034 35.4036 120 370.677 196.511 480.734 819.486 -800.107 2008.8
8350 48.9659 -311832 -142.791 163356 72.971 73.0089 35.4062 120 -34.6943 -427.423 33.7437 775.706 -603.75 2273.45
8400 49.5562 -311832 -595.527 163380 72.9749 73.011 35.4083 120 -484.427 -625.377 -676.778 754.785 -641.609 2025.56
8450 49.6177 -311831 -370.852 163365 72.9731 73.0081 35.4074 120 -320.159 -155.912 -636.486 987.748 -400.895 2169.95
8500 49.6656 -311832 46.3738 163328 72.9675 73.0032 35.4045 120 88.2505 -296.364 347.235 895.356 -511.413 1901.57
8550 49.3659 -311832 429.283 163303 72.9636 72.9989 35.4031 120 582.826 473.475 231.547 772.703 -802.059 2265.81
8600 49.1077 -311832 106.614 163309 72.9655 72.9999 35.403 120 78.2697 310.877 -69.3055 578.972 -710.273 1650.08
8650 49.123 -311834 129.549 163327 72.9692 73.0048 35.4027 120 394.27 25.577 -31.2007 871.86 -630.191 2354.38
8700 48.5018 -311833 -35.3194 163347 72.9746 73.0096 35.4021 120 -210.882 -68.5172 173.441 753.479 -751.208 2021.96
8750 48.2933 -311833 -157.903 163356 72.9773 73.0128 35.4011 120 -282.584 -19.8436 -171.28 695.806 -584.108 2190.39
8800 48.4194 -311834 -26.8931 163352 72.9772 73.0133 35.4002 120 -463.22 -401.767 784.308 622.896 -564.099 2224.85
8850 48.3599 -311834 -293.363 163347 72.9736 73.0099 35.4025 120 -349.149 -348.462 -182.477 800.994 -641.107 2133.13
8900 48.788 -311834 564.62 163329 72.9661 73.0049 35.4045 120 374.037 552.592 767.232 1101.03 -944.856 1967.06
8950 48.9746 -311833 290.547 163332 72.9619 73.0031 35.4081 120 734.493 389.391 -252.242 900.132 -641.034 2059.65
9000 49.5916 -311832 -179.574 163344 72.9636 73.0033 35.4098 120 319.433 -128.972 -729.185 994.133 -890.588 2258.91
9050 49.2369 -311831 -313.664 163341 72.9659 73.0031 35.4081 120 -148.571 -317.546 -474.875 590.492 -740.183 1788.57
9100 49.7525 -311832 57.481 163327 72.9668 73.0036 35.4045 120 -194.625 286.32 80.748 809.355 -1167.06 2473.55
9150 49.391 -311832 255.471 163318 72.9677 73.0059 35.4011 120 176.671 51.1371 538.604 809.069 -757.439 2031.41
9200 49.3298 -311832 344.753 163323 72.9697 73.0081 35.4001 120 -123.408 181.438 976.228 809.905 -845.192 2329.82
9250 49.7497 -311834 -266.174 163348 72.9712 73.0119 35.4029 120 14.5525 -312.925 -500.15 860.455 -827.831 2115.24
9300 49.0208 -311833 -172.482 163363 72.9723 73.0133 35.4048 120 -33.9796 -412.659 -70.808 1101.33 -919.967 2087.75
9350 48.7224 -311835 126.748 163363 72.9726 73.0117 35.4055 120 275.553 161.717 -57.0267 870.461 -704.733 1912.29
9400 47.8926 -311833 -635.424 163365 72.9746 73.0101 35.4058 120 -594.321 -591.219 -720.733 352.301 -399.589 2030.23
9450 48.3168 -311833 140.099 163340 72.9739 73.0024 35.4045 120 -113.102 443.821 89.5778 627.62 -1065.24 2087.46
9500 48.8243 -311834 393.845 163319 72.9715 72.9955 35.4043 120 434.363 584.402 162.771 465.749 -1008.47 2032.62
9550 49.2807 -311834 109.327 163317 72.971 72.9938 35.4049 120 14.084 59.8679 254.03 880.148 -586.708 2281.9
9600 49.1921 -311833 211.584 163317 72.9699 72.9944 35.4053 120 120.849 321.821 192.081 689.991 -1127.95 2365.31
9650 49.2332 -311832 -20.2857 163316 72.9683 72.9968 35.4046 120 -261.199 298.389 -98.0471 756.947 -629.319 1857.14
9700 49.5054 -311832 190.188 163322 72.9669 73.0018 35.4042 120 -239.808 411.327 399.045 815.998 -738.386 1798.86
9750 49.3292 -311831 176.46 163348 72.9668 73.0094 35.4061 120 476.227 54.4298 -1.27746 853.7 -860.242 2164.11
9800 49.2395 -311832 -537.197 163374 72.9685 73.0158 35.4078 120 -319.76 -696.119 -595.712 740.606 -531.591 2023.4
9850 49.5172 -311833 47.3052 163367 72.9676 73.0152 35.4072 120 65.6939 -48.1546 124.376 768.547 -1072.15 2220.83
9900 48.562 -311832 -63.0574 163352 72.9673 73.0117 35.4056 120 27.3929 -104.31 -112.255 737.211 -711.104 1769.58
9950 48.4499 -311834 -140.078 163324 72.9661 73.0077 35.4022 120 40.4251 -183.207 -277.453 712.782 -816.78 2067.1
10000 48.3618 -311834 683.107 163300 72.9643 73.0047 35.3993 120 446.264 360.08 1242.98 843.549 -466.07 2448.08
10050 48.1897 -311834 195.202 163311 72.9654 73.0052 35.4009 120 204.996 -5.49504 386.105 982.79 -898.553 2136.44
10100 48.6027 -311834 -83.4964 163339 72.9688 73.0071 35.4045 120 41.6631 18.8343 -310.987 723.879 -638.918 2272.8
10150 49.0986 -311834 136.437 163366 72.9735 73.0088 35.4072 120 231.842 200.71 -23.2426 363.609 -514.125 1973.19
10200 48.6706 -311832 -390.264 163386 72.9784 73.0093 35.4089 120 -376.52 -211.753 -582.519 765.299 -900.839 1888.69
10250 49.4869 -311832 -292.419 163378 72.9786 73.0052 35.409 120 -764.283 103.13 -216.103 533.759 -373.462 1761.95
10300 49.321 -311831 17.4303 163346 72.9731 73.0007 35.407 120 65.4039 415.912 -429.025 556.193 -762.911 2038.1
10350 49.648 -311832 -0.808274 163312 72.966 73.0003 35.4033 120 -20.5262 4.15213 13.9493 726.926 -643.39 2062.83
10400 49.7502 -311832 730.528 163291 72.9608 73.0029 35.4 120 715.793 525.374 950.418 536.119 -460.777 2444.11
10450 49.4516 -311833 -15.1075 163311 72.9614 73.0098 35.4005 120 196.991 -320.378 78.064 1106.06 -675.56 1954.35
10500 48.9682 -311833 -168.801 163339 72.9659 73.0139 35.4025 120 216.814 -420.825 -302.392 838.312 -703.88 2482.03
10550 48.5786 -311833 -147.503 163364 72.9732 73.0138 35.4044 120 166.787 -410.682 -198.615 812.039 -1045.65 2057.85
10600 48.2965 -311833 146.891 163370 72.9786 73.0107 35.4046 120 65.8398 127.944 246.889 589.517 -591.256 1971.63
10650 48.2741 -311834 -209.35 163364 72.981 73.0067 35.4041 120 -744.807 83.9816 32.7767 874.683 -757.63 2032.27
10700 48.4709 -311834 6.8583 163347 72.9787 73.0025 35.4036 120 -243.38 318.523 -54.5681 931.495 -888.887 2335.99
10750 48.8185 -311834 -212.676 163334 72.9752 73.0014 35.4028 120 -133.328 -314.599 -190.102 499.852 -803.884 1867.6
10800 49.0543 -311834 193.56 163327 72.9721 73.0017 35.4029 120 354.694 156.363 69.6234 594.879 -789.24 2318.29
10850 48.902 -311833 -161.277 163339 72.9721 73.0038 35.4045 120 -556.129 -140.114 212.411 691.733 -875.696 2338.49
10900 48.9472 -311831 73.5323 163345 72.969 73.0042 35.4069 120 -54.9019 254.044 21.4549 936.314 -794.525 1982.59
10950 49.7626 -311832 -186.343 163358 72.9672 73.0065 35.4097 120 31.9054 -55.9097 -535.026 531.029 -608.768 1830.35
11000 49.396 -311831 -287.968 163363 72.9677 73.0073 35.4101 120 -119.591 -262.639 -481.675 890.007 -994.359 2173.94
11050 49.5567 -311832 -173.736 163349 72.967 73.0069 35.4076 120 -87.7492 82.7217 -516.179 932.36 -610.777 2146.87
11100 49.5203 -311833 401.325 163328 72.9645 73.0081 35.4036 120 291.413 320.137 592.425 400.538 -584.969 1979.91
11150 48.7697 -311833 235.748 163322 72.963 73.0096 35.4023 120 450.815 -65.6967 322.127 836.739 -544.738 1975.34
11200 48.6923 -311834 23.9049 163331 72.9655 73.01 35.4029 120 310.433 -156.269 -82.4496 780.16 -925.414 2104.4
11250 48.3877 -311834 -173.471 163342 72.9706 73.0087 35.4034 120 112.852 -88.1503 -545.113 773.498 -418.885 1915.38
11300 48.4859 -311834 -199.671 163348 72.9758 73.0071 35.4029 120 -154.781 -67.3289 -376.902 693.635 -1154.1 1938.51
11350 48.2876 -311834 -174.947 163352 72.9787 73.0068 35.4026 120 -589.52 -62.9224 127.602 928.318 -502.445 2146.1
11400 48.526 -311833 -41.369 163354 72.9775 73.0072 35.4034 120 -318.464 119.489 74.8679 531.842 -738.57 2115.89
11450 48.507 -311832 -199.907 163360 72.9743 73.0099 35.4049 120 -215.454 -185.274 -198.993 624.7 -1059.7 2213.12
11500 49.6075 -311833 -224.825 163359 72.9709 73.0108 35.4059 120 -9.47603 -408.667 -256.331 775.867 -692.232 2369.67
11550 49.1509 -311831 -219.518 163346 72.9686 73.0076 35.4057 120 -221.75 85.6758 -522.481 691.334 -725.664 2077.75
11600 49.9693 -311832 451.982 163326 72.9653 73.0053 35.4042 120 234.8 566.214 554.933 696.578 -635.244 2052.91
11650 49.2384 -311831 213.912 163322 72.963 73.0063 35.4039 120 690.435 -66.5611 17.8636 575.441 -437.463 1907.78
11700 49.6062 -311833 68.3649 163324 72.9641 73.0064 35.4038 120 -117.264 209.854 112.504 666.45 -836.667 2010.3
11750 49.1689 -311834 161.145 163324 72.9644 73.0067 35.4036 120 -184.211 427.283 240.363 756.882 -870.888 1861.11
11800 48.783 -311834 -57.65 163333 72.9646 73.0091 35.4042 120 126.054 -84.2925 -214.712 900.701 -517.659 2319.49
11850 48.5323 -311834 281.233 163346 72.9671 73.011 35.4048 120 467.945 263.966 111.789 844.547 -707.755 2259.66
11900 48.4099 -311834 -65.9043 163365 72.972 73.0138 35.4053 120 -20.4059 16.0788 -193.386 885.212 -598.569 2017.39
11950 48.1323 -311834 -374.659 163370 72.9757 73.0142 35.4044 120 -403.644 -542.082 -178.252 640.543 -841.699 2001.27
12000 48.6894 -311834 -12.7759 163356 72.9767 73.0096 35.403 120 56.2571 22.4604 -117.045 708.978 -705.334 1983.7
12050 49.0989 -311834 10.6339 163345 72.978 73.0065 35.4015 120 -139.523 100.486 70.939 852.197 -568.851 2078.13
12100 48.8783 -311833 -268.577 163334 72.977 73.0042 35.4007 120 -192.576 -530.878 -82.2782 670.726 -796.762 1895.32
12150 49.1953 -311832 512.552 163316 72.9731 73 35.4009 120 180.674 507.294 849.688 587.641 -632.172 2031.08
12200 49.2982 -311831 220.982 163331 72.9723 72.9993 35.4046 120 191.99 315.264 155.692 513.15 -947.111 1801.01
12250 49.5735 -311832 -386.214 163356 72.9721 73.0019 35.4089 120 -97.7404 -70.151 -990.751 815.907 -821.588 2314.5
12300 49.3572 -311832 -181.147 163363 72.9702 73.0049 35.4099 120 -110.69 -62.2786 -370.471 644.268 -659.883 1938.72
12350 49.1468 -311832 -409.165 163355 72.9685 73.0059 35.4086 120 -304.64 -388.565 -534.289 599.169 -885.891 2439.56
12400 48.877 -311834 -324.97 163335 72.9662 73.0044 35.406 120 -118.891 -527.697 -328.322 685.801 -469.471 2100.87
12450 48.1761 -311833 487.736 163323 72.9658 73.0033 35.4041 120 454.462 546.328 462.418 659.262 -955.208 2002.22
12500 47.8795 -311833 -147.156 163341 72.9684 73.0078 35.4047 120 -275.553 243.939 -409.854 994.767 -478.905 2171.83
12550 48.368 -311834 177.009 163358 72.9679 73.0146 35.4053 120 506.396 -273.705 298.336 753.458 -768.248 2270.28
12600 48.3841 -311834 -371.283 163371 72.9694 73.0177 35.4058 120 -41.133 -693.752 -378.965 419.582 -955.779 2139.8
12650 48.4832 -311833 201.629 163357 72.9699 73.0132 35.4047 120 131.156 278.32 195.41 513.849 -853.429 2229.94
12700 49.1722 -311833 -111.127 163343 72.971 73.0086 35.4034 120 275.474 -224.591 -384.265 789.822 -1218.33 2276.83
12750 49.6131 -311833 221.77 163331 72.9748 73.0041 35.4011 120 236.576 132.095 296.641 849.247 -747.905 2074.67
12800 49.8485 -311833 13.0152 163336 72.9806 73.0023 35.4004 120 -452.862 314.997 176.911 578.618 -749.807 1797.82
12850 49.5501 -311832 -28.4562 163352 72.983 73.0043 35.4017 120 -534.152 174.191 274.593 671.865 -616.501 2276.96
12900 49.5805 -311832 -246.438 163366 72.9801 73.0081 35.4042 120 -169.633 -467.568 -102.113 444.923 -594.072 2085.59
12950 49.7413 -311834 -96.9453 163354 72.9724 73.0075 35.4056 120 94.141 -101.208 -283.768 692.244 -670.38 2155.99
13000 49.088 -311834 128.729 163331 72.9639 73.0058 35.4056 120 347.681 -179.407 217.913 622.985 -648.43 2346.98
13050 48.7542 -311834 189.227 163322 72.9598 73.0055 35.4057 120 701.753 40.1758 -174.247 808.815 -807.22 1785.73
13100 48.9402 -311835 18.4689 163330 72.9617 73.0076 35.4057 120 105.839 -29.1095 -21.3234 838.175 -1097.49 1953.68
13150 48.3355 -311834 -138.65 163344 72.966 73.0098 35.4054 120 101.847 -187.707 -330.09 645.882 -624.611 1889.37
13200 48.2682 -311834 -190.506 163356 72.9719 73.0106 35.405 120 -58.0072 -99.6281 -413.882 472.57 -806.993 2252.06
13250 48.6012 -311833 -70.56 163365 72.9779 73.0109 35.4037 120 -39.0411 11.2251 -183.864 583.237 -750.779 1985.41
13300 49.191 -311834 -266.006 163364 72.9829 73.0113 35.401 120 -97.2938 -609.231 -91.4928 537.531 -663.615 2090.18
13350 48.7818 -311832 121.018 163347 72.9849 73.0082 35.3978 120 -187.766 80.5863 470.233 488.988 -501.557 1984.08
13400 49.2816 -311832 -63.507 163331 72.9844 73.0044 35.3964 120 -594.769 -158.583 562.831 930.14 -846.143 2055.56
13450 49.6635 -311832 36.607 163324 72.981 72.9997 35.3988 120 42.505 -47.9315 115.248 817.518 -481.262 1879.43
13500 49.9075 -311833 -7.03908 163326 72.9783 72.9942 35.4031 120 -508.253 382.651 104.485 371.622 -757.43 1961.12
13550 49.124 -311832 307.69 163329 72.9731 72.9921 35.4073 120 498.683 379.605 44.7814 692.892 -525.635 1770.47
13600 48.6269 -311832 -18.8951 163342 72.9694 72.9956 35.4103 120 459.829 -218.396 -298.118 437.167 -1004.5 2308.08
13650 48.9568 -311834 27.63 163358 72.9708 72.9995 35.4113 120 15.2118 503.909 -436.231 716.846 -761.586 2063.68
13700 48.6793 -311833 -104.07 163371 72.9731 73.0054 35.4101 120 -330.663 38.7535 -20.3021 773.648 -1019.83 2109.38
13750 48.1019 -311833 3.81272 163368 72.9711 73.0115 35.4075 120 403.744 -146.225 -246.08 537.437 -809.098 1937.57
13800 48.0256 -311834 103.728 163348 72.9687 73.0146 35.4026 120 20.0243 -64.1636 355.322 673.216 -994.592 2145.06
13850 48.2911 -311834 87.1762 163321 72.9658 73.0153 35.3979 120 -69.9843 -159.4 490.913 958.592 -593.866 1951.29
13900 48.7525 -311834 343.039 163312 72.9649 73.0156 35.3963 120 532.985 -115.115 611.247 1042.96 -766.322 2111.55
13950 49.2822 -311834 33.9781 163330 72.9698 73.0146 35.3983 120 173.725 -399.43 327.639 501.234 -234.642 2348.75
14000 49.0957 -311832 -444.342 163359 72.977 73.0117 35.4025 120 -469.28 -522.642 -341.106 689.678 -826.892 2007.46
14050 49.1966 -311831 -226.227 163376 72.9813 73.0067 35.4065 120 -303.655 -99.7051 -275.321 930.659 -431.849 2154.95
14100 49.1518 -311832 -258.966 163372 72.9816 73 35.4087 120 -573.515 56.758 -260.141 870.044 -598.224 2149.06
14150 49.7545 -311834 45.8458 163344 72.9767 72.9928 35.4085 120 147.373 422.983 -432.819 405.443 -936.643 1770.88
14200 49.0028 -311833 378.192 163315 72.9694 72.991 35.4067 120 250.366 589.826 294.385 630.914 -927.433 2261.9
14250 48.7567 -311833 -140.605 163306 72.9627 72.9958 35.4056 120 39.7913 62.6988 -524.305 904.698 -1078.91 2208.19
14300 48.2737 -311833 444.932 163309 72.9599 73.0039 35.4037 120 536.749 70.149 727.899 769.165 -657.284 2498.79
14350 48.4146 -311834 317.139 163335 72.9616 73.0138 35.4037 120 236.913 522.11 192.395 797.139 -927.674 2094.08
14400 48.7974 -311835 -274.259 163370 72.9658 73.024 35.4044 120 134.915 -766.337 -191.354 830.536 -863.959 2131.71
14450 48.2828 -311833 -88.8202 163386 72.9717 73.0261 35.4039 120 193.074 -402.799 -56.7363 814.308 -585.359 2118.73
14500 48.6076 -311834 -534.809 163376 72.9763 73.0216 35.4017 120 -574.981 -561.575 -467.872 398.757 -713.696 2076.93
14550 49.3039 -311835 228.329 163338 72.9754 73.0116 35.3987 120 -190.922 93.5744 782.335 875.98 -706.065 2213.61
14600 49.262 -311833 201.442 163317 72.9754 73.0022 35.3988 120 223.425 162.472 218.43 885.337 -903.99 2050.54
14650 49.6058 -311833 255.016 163321 72.9784 72.9964 35.401 120 433.571 179.334 152.142 512.863 -1081.48 1959.32
14700 49.9441 -311833 -183.791 163347 72.983 72.9947 35.4052 120 -341.79 23.2837 -232.867 448.754 -663.958 2153.17
14750 49.337 -311832 -415.613 163361 72.9827 72.9942 35.4088 120 -641.511 2.1904 -607.519 789.619 -728.928 2397.03
14800 49.3957 -311833 208.434 163347 72.9769 72.9936 35.4087 120 42.3338 284.193 298.776 601.139 -549.905 1900.14
14850 49.1402 -311834 67.0984 163332 72.9712 72.9943 35.4079 120 197.787 602.756 -599.247 404.737 -839.59 2187.6
14900 49.1642 -311834 -185.966 163332 72.9689 72.9995 35.4066 120 -121.627 -97.6174 -338.653 618.055 -464.081 1912.29
14950 48.5118 -311834 223.235 163333 72.9667 73.0058 35.4048 120 197.053 59.7911 412.861 552.096 -589.272 2297.73
15000 48.3279 -311834 -32.308 163344 72.9667 73.0123 35.404 120 -182.309 -102.048 187.434 1022.31 -1004.41 2426.75
15050 48.4968 -311834 -449.707 163352 72.966 73.0169 35.4038 120 -362.539 -553.799 -432.784 926.166 -606.645 2041.56
15100 48.4579 -311834 87.3372 163344 72.9642 73.0177 35.4025 120 384.645 -193.132 70.4989 722.218 -1118.67 1996.06
15150 48.934 -311834 40.1211 163341 72.9656 73.0159 35.402 120 419.22 -412.087 113.23 899.443 -502.8 1910.48
15200 48.9397 -311832 193.819 163339 72.9701 73.0096 35.4026 120 196.222 73.6719 311.562 733.061 -678.767 2115.2
15250 49.5559 -311833 -219.327 163344 72.9754 73.0038 35.4039 120 -559.081 -100.253 1.35437 700.734 -631.747 2004.43
15300 49.3796 -311832 456.312 163337 72.9767 72.9979 35.4047 120 95.7514 373.333 899.852 808.88 -608.534 2201.48
15350 49.8275 -311833 98.3626 163344 72.9787 72.9946 35.4068 120 204.643 245.934 -155.489 696.134 -833.837 2111.9
15400 49.5636 -311832 -33.8196 163356 72.9825 72.9941 35.4077 120 -288.541 434.836 -247.755 737.017 -938.609 2263.37
15450 49.1437 -311833 -312.411 163356 72.9828 72.9968 35.4063 120 -391.148 68.8364 -614.921 423.649 -878.428 2309.36
15500 48.8192 -311834 62.0564 163343 72.9785 73.0012 35.4033 120 -30.2599 205.291 11.1381 607.717 -761.295 1804.86
15550 48.7118 -311834 293.434 163326 72.9724 73.0062 35.4003 120 -26.3573 354.451 552.21 518.341 -585.209 2332.49
15600 48.5443 -311835 155.997 163320 72.9662 73.0111 35.3996 120 261.469 -186.58 393.102 837.766 -995.59 1931.71
15650 48.2592 -311834 558.178 163330 72.962 73.0153 35.4018 120 721.55 216.005 736.979 931.118 -935.8 2158.85
15700 48.8494 -311835 -339.822 163357 72.9617 73.0188 35.4061 120 165.757 -600.897 -584.326 950.196 -783.821 1971.17
15750 48.6908 -311833 -257.774 163371 72.9641 73.0174 35.4085 120 71.7677 -209.634 -635.456 798.597 -854.406 2357.04
15800 48.9875 -311833 -71.2322 163376 72.9681 73.0161 35.4083 120 212.097 -11.9665 -413.827 525.684 -554.54 1633
15850 48.993 -311832 -798.914 163367 72.9724 73.0143 35.4053 120 -834.674 -1110.25 -451.815 885.246 -729.845 2281.02
15900 49.7955 -311833 81.3621 163320 72.9702 73.0041 35.401 120 253.468 72.0253 -81.4068 837.623 -461.06 1871.36
15950 49.5573 -311833 390.619 163279 72.9675 72.9937 35.3985 120 186.487 688.111 297.259 627.852 -518.774 2416.42
16000 49.658 -311833 418.096 163284 72.9695 72.9914 35.3997 120 91.5882 464.365 698.335 642.884 -702.814 2114.92
16050 49.0261 -311832 52.6531 163333 72.977 72.9959 35.4045 120 -204.401 389.929 -27.5683 730.14 -689.921 1922.7
16100 49.1788 -311833 -481.77 163378 72.9823 73.0029 35.4082 120 -402.315 -328.21 -714.784 775.457 -826.617 1739.01
16150 48.7268 -311834 -320.983 163385 72.9812 73.007 35.4085 120 -427.617 -346.343 -188.988 678.7 -1006.83 2144.29
16200 48.5887 -311835 -31.0793 163374 72.9763 73.0084 35.4077 120 -67.4856 14.0689 -39.8211 635.604 -314.571 2010.64
16250 48.7399 -311835 22.517 163353 72.9701 73.0096 35.4056 120 156.587 -175.575 86.5384 904.7 -738.003 2026.1
16300 48.4599 -311834 -321.853 163333 72.9639 73.0113 35.4034 120 -118.44 -265.016 -582.102 707.992 -647.968 2233.23
16350 48.3353 -311834 251.711 163315 72.9584 73.012 35.4018 120 337.259 202.649 215.226 830.204 -916.335 1803.46
16400 48.7903 -311833 331.63 163312 72.9572 73.0135 35.4011 120 870.673 -265.267 389.484 643.087 -1013.15 2108.36
16450 49.0646 -311833 -176.292 163335 72.9639 73.0142 35.4023 120 -106.071 -221.704 -201.101 628.206 -552.693 2038.73
16500 49.6118 -311833 -50.8171 163346 72.9706 73.0112 35.4029 120 -271.189 -53.6192 172.357 572.559 -712.95 2415.34
16550 49.4038 -311832 -95.4293 163340 72.9741 73.0055 35.4029 120 -343.398 14.5598 42.5508 932.383 -335.79 1944.47
16600 49.6395 -311832 406.211 163331 72.9751 72.9987 35.4037 120 129.218 391.277 698.139 750.904 -612.848 2357.7
16650 49.571 -311832 46.5835 163349 72.9796 72.9955 35.4069 120 354.19 140.336 -354.776 350.077 -605.781 2175.23
16700 49.0243 -311832 -398.533 163376 72.9871 72.996 35.4089 120 -571.754 -313.713 -310.132 485.152 -833.353 2132.54
16750 49.0385 -311833 -76.4796 163373 72.9885 72.995 35.4082 120 -310.618 329.517 -248.338 867.835 -382.272 2350.78
16800 48.5544 -311834 -103.318 163353 72.9846 72.9951 35.4056 120 28.1399 -77.1849 -260.909 675.591 -680.83 1878.84
16850 48.2873 -311834 389.793 163317 72.9785 72.9936 35.4014 120 231.197 623.953 314.23 585.719 -852.756 2333.21
16900 48.7023 -311835 454.768 163294 72.973 72.9959 35.3981 120 130.161 532.438 701.706 581.155 -671.455 1742.55
16950 48.4856 -311835 300.979 163304 72.9689 73.0043 35.3981 120 152.153 171.291 579.495 875.726 -806.028 1983.69
17000 48.7281 -311834 195.111 163345 72.9671 73.0155 35.4024 120 148.002 158.781 278.55 921.27 -544.854 2028.91
17050 49.4291 -311834 -378.041 163394 72.9667 73.026 35.4081 120 -363.336 -548.455 -222.333 869.183 -880.979 2080.82
17100 49.4633 -311833 -638.518 163411 72.9646 73.0297 35.411 120 -197.648 -614.096 -1103.81 660.317 -842.75 1873.7
17150 49.4221 -311833 -562.958 163387 72.9617 73.0247 35.4096 120 -81.8406 -316.666 -1290.37 751.013 -913.596 2327.06
17200 49.1734 -311832 270.198 163339 72.9602 73.0151 35.4046 120 539.096 124.324 147.175 544.222 -943.666 1812.62
17250 49.2168 -311833 621.372 163306 72.9631 73.0074 35.3998 120 701.625 226.02 936.471 447.494 -270.803 2167.4
17300 48.9968 -311833 85.6713 163313 72.9708 73.0041 35.3992 120 -140.913 64.5017 333.426 344.474 -600.633 2170.94
17350 48.7775 -311834 59.9391 163336 72.9774 73.0033 35.4014 120 -254.173 200.37 233.621 363.914 -654.915 1973.92
17400 48.4048 -311834 436.995 163361 72.9818 73.0036 35.4045 120 515.077 531.324 264.583 677.589 -593.615 2160.64
17450 48.6532 -311835 -136.531 163399 72.9888 73.0054 35.4086 120 -49.8624 135.024 -494.754 622.1 -607.368 1999.69
17500 48.5121 -311835 -732.157 163418 72.9933 73.007 35.4097 120 -1014.69 -585.114 -596.664 435.958 -987.509 2211.08
17550 48.6237 -311835 -513.04 163385 72.9876 73.0033 35.407 120 -786.818 -349.156 -403.146 572.359 -597.736 1895.8
17600 48.8136 -311835 133.58 163318 72.9739 72.9961 35.4028 120 -14.6209 425.868 -10.5074 586.008 -1127.65 2362.59
17650 49.25 -311835 672.866 163271 72.9604 72.995 35.3995 120 748.897 660.593 609.107 592.781 -490.466 1994.61
17700 48.8229 -311833 753.104 163283 72.9559 73.004 35.4 120 929.13 656.035 674.148 865.22 -1124.92 2251.09
17750 49.4506 -311833 24.7411 163347 72.9627 73.0186 35.4035 120 98.3468 -84.2673 60.1439 458.348 -450.601 2130.78
17800 49.9242 -311833 -397.711 163413 72.9728 73.0317 35.4065 120 -198.032 -572.771 -422.329 640.067 -962.367 1938.7
17850 49.2814 -311832 -709.548 163446 72.98 73.0376 35.4074 120 -627.318 -1234.41 -266.92 467.395 -670.543 2251.59
17900 48.9753 -311832 -550.802 163426 72.9807 73.03 35.4063 120 -611.574 -955.506 -85.327 658.251 -453.388 2219.19
17950 49.4662 -311835 -124.81 163361 72.9741 73.0136 35.4033 120 -410.044 26.7035 8.91117 832.052 -934.933 1848.53
18000 48.3816 -311834 737.949 163297 72.9667 72.9991 35.4003 120 845.716 809.578 558.552 894.299 -531.755 1945.29
18050 48.5329 -311835 404.525 163281 72.9677 72.9907 35.4003 120 562.506 376.847 274.221 559.628 -1124.47 1781.01
18100 48.1116 -311835 -33.9329 163306 72.9753 72.988 35.4033 120 -123.02 429.721 -408.499 427.494 -386.379 2582.57
18150 48.3146 -311835 89.1331 163347 72.9824 72.9923 35.4066 120 -107.191 203.574 171.016 123.758 -1122.43 2043.27
18200 48.7894 -311835 -612.463 163380 72.9854 72.9992 35.409 120 -607.099 -418.306 -811.984 654.758 -652.38 2142.31
18250 48.6551 -311834 -390.2 163386 72.9837 73.0048 35.4085 120 -608.032 -212.492 -350.076 506.64 -1228 2250.97
18300 49.0454 -311833 188.909 163376 72.9788 73.009 35.4067 120 151.765 174.079 240.884 686.833 -741.636 2207.4
18350 49.1932 -311833 -13.4773 163366 72.9737 73.0132 35.4049 120 127.676 -242.672 74.564 667.062 -240.232 2271.72
18400 49.6465 -311833 -129.812 163355 72.971 73.0158 35.4026 120 8.32 -178.188 -219.568 805.669 -776.638 1838.6
18450 49.0891 -311832 182.359 163343 72.9692 73.0167 35.4004 120 431.447 -79.4345 195.063 744.848 -642.175 2146.39
18500 49.8301 -311834 310.621 163342 72.97 73.0166 35.3998 120 356.703 -69.5087 644.668 445.933 -817.179 2310.13
18550 49.0346 -311833 -250.575 163361 72.9738 73.0175 35.4016 120 -75.3445 -288.341 -388.038 622.292 -664.752 2087.01
18600 49.0327 -311834 -182.577 163370 72.9771 73.0171 35.4022 120 -239.993 -123.06 -184.679 681.556 -817.968 2525.41
18650 49.1533 -311836 -465.295 163361 72.9766 73.0153 35.4014 120 -512.136 -475.129 -408.618 630.434 -801.553 2066.55
18700 48.5065 -311835 -134.513 163337 72.9724 73.0092 35.4011 120 -123.348 -560.712 280.52 889.92 -931.867 1838.5
18750 48.1334 -311834 581.308 163315 72.9675 73.0004 35.4029 120 604.164 526.535 613.225 560.537 -806.634 2091.24
18800 48.7631 -311835 46.4005 163319 72.9662 72.9952 35.4071 120 -85.3247 279.789 -55.2626 508.018 -1026.87 2226.09
18850 49.1263 -311835 297.465 163332 72.9651 72.9952 35.4104 120 702.142 570.697 -380.445 391.65 -841.083 2379.42
18900 49.0604 -311833 122.086 163357 72.9686 73.0005 35.4115 120 436.43 149.432 -219.603 840.242 -886.465 2068.46
18950 49.2065 -311833 -110.501 163381 72.9746 73.0073 35.4106 120 -296.939 177.75 -212.314 629.903 -844.104 2225.61
19000 49.7273 -311833 -262.647 163391 72.9781 73.0152 35.4072 120 -366.506 24.7657 -446.202 510.472 -345.661 2215.31
19050 49.5838 -311832 -234.403 163382 72.9773 73.0219 35.4024 120 -240.591 -408.291 -54.3261 370.724 -666.74 1941.32
19100 49.2216 -311833 553.694 163347 72.972 73.0224 35.3971 120 309.192 247.849 1104.04 885.783 -635.662 2255.88
19150 49.1694 -311833 249.046 163327 72.9682 73.0209 35.3955 120 732.709 -250.813 265.241 893.508 -753.19 1928.56
19200 49.0556 -311834 72.2513 163331 72.9691 73.0182 35.397 120 -39.888 123.254 133.388 712.313 -934.604 2251.14
19250 48.9249 -311835 117.856 163340 72.9701 73.0162 35.3996 120 164.741 49.1778 139.648 365.891 -541.691 2332.62
