       0            0    674.65578        9.208    9.2080001        9.188          120         0         0         0         0         0         0        9.208     7.974362        9.188         0   -1206.7878 
       0            0    674.65578        9.208    9.2080001        9.188          120         0         0         0         0         0         0        9.208     7.974362        9.188         0   -1206.7877 
       0            0    674.65578        9.208    9.2080001        9.188          120         0         0         0         0         0         0        9.208     7.974362        9.188         0   -1206.7876 
       0            0    674.65578        9.208    9.2080001        9.188          120         0         0         0         0         0         0        9.208     7.974362        9.188         0   -1206.7876 
       0            0    674.65578        9.208    9.2080001        9.188          120         0         0         0         0         0         0        9.208     7.974362        9.188         0   -1206.7875 
       0            0    674.65578        9.208    9.2080001        9.188          120         0         0         0         0         0         0        9.208     7.974362        9.188         0   -1206.7876 
       0            0    674.65578        9.208    9.2080001        9.188          120         0         0         0         0         0         0        9.208     7.974362        9.188         0   -1206.7876 
       0            0    674.65578        9.208    9.2080001        9.188          120         0         0         0         0         0         0        9.208     7.974362        9.188         0   -1206.7877 
       0            0    674.65578        9.208    9.2080001        9.188          120         0         0         0         0         0         0        9.208     7.974362        9.188         0   -1206.7877 
       0            0    674.65578        9.208    9.2080001        9.188          120         0         0         0         0         0         0        9.208     7.974362        9.188         0   -1206.7877 
       0            0    674.65578        9.208    9.2080001        9.188          120         0         0         0         0         0         0        9.208     7.974362        9.188         0   -1206.7877 
       0            0    674.65578        9.208    9.2080001        9.188          120         0         0         0         0         0         0        9.208     7.974362        9.188         0   -1206.7876 
       0            0    674.65578        9.208    9.2080001        9.188          120         0         0         0         0         0         0        9.208     7.974362        9.188         0   -1206.7875 
       0            0    674.65578        9.208    9.2080001        9.188          120         0         0         0         0         0         0        9.208     7.974362        9.188         0   -1206.7876 
       0            0    674.65578        9.208    9.2080001        9.188          120         0         0         0         0         0         0        9.208     7.974362        9.188         0   -1206.7876 
       0            0    674.65578        9.208    9.2080001        9.188          120         0         0         0         0         0         0        9.208     7.974362        9.188         0   -1206.7877 
       0            0    674.65578        9.208    9.2080001        9.188          120         0         0         0         0         0         0        9.208     7.974362        9.188         0   -1206.7877 
       0            0    674.65578        9.208    9.2080001        9.188          120         0         0         0         0         0         0        9.208     7.974362        9.188         0   -1206.7877 
       0            0    674.65578        9.208    9.2080001        9.188          120         0         0         0         0         0         0        9.208     7.974362        9.188         0   -1206.7877 
       0            0    674.65578        9.208    9.2080001        9.188          120         0         0         0         0         0         0        9.208     7.974362        9.188         0   -1206.7877 
       0            0    674.65578        9.208    9.2080001        9.188          120         0         0         0         0         0         0        9.208     7.974362        9.188         0   -1206.7876 
       0            0    674.65578        9.208    9.2080001        9.188          120         0         0         0         0         0         0        9.208     7.974362        9.188         0   -1206.7876 
       0            0    674.65578        9.208    9.2080001        9.188          120         0         0         0         0         0         0        9.208     7.974362        9.188         0   -1206.7877 
       0            0    674.65578        9.208    9.2080001        9.188          120         0         0         0         0         0         0        9.208     7.974362        9.188         0   -1206.7877 
       0            0    674.65578        9.208    9.2080001        9.188          120         0         0         0         0         0         0        9.208     7.974362        9.188         0   -1206.7877 
       0            0    674.65578        9.208    9.2080001        9.188          120         0         0         0         0         0         0        9.208     7.974362        9.188         0   -1206.7877 
       0            0    674.65578        9.208    9.2080001        9.188          120         0         0         0         0         0         0        9.208     7.974362        9.188         0   -1206.7877 
       0            0    674.65578        9.208    9.2080001        9.188          120         0         0         0         0         0         0        9.208     7.974362        9.188         0   -1206.7876 
       0            0    674.65578        9.208    9.2080001        9.188          120         0         0         0         0         0         0        9.208     7.974362        9.188         0   -1206.7875 
       0            0    674.65578        9.208    9.2080001        9.188          120         0         0         0         0         0         0        9.208     7.974362        9.188         0   -1206.7875 
       0            0    674.65578        9.208    9.2080001        9.188          120         0         0         0         0         0         0        9.208     7.974362        9.188         0   -1206.7876 
       0            0    674.65578        9.208    9.2080001        9.188          120         0         0         0         0         0         0        9.208     7.974362        9.188         0   -1206.7877 
       0            0    674.65578        9.208    9.2080001        9.188          120         0         0         0         0         0         0        9.208     7.974362        9.188         0   -1206.7877 
       0            0    674.65578        9.208    9.2080001        9.188          120         0         0         0         0         0         0        9.208     7.974362        9.188         0   -1206.7877 
       0            0    674.65578        9.208    9.2080001        9.188          120         0         0         0         0         0         0        9.208     7.974362        9.188         0   -1206.7877 
       0            0    674.65578        9.208    9.2080001        9.188          120         0         0         0         0         0         0        9.208     7.974362        9.188         0   -1206.7876 
       0            0    674.65578        9.208    9.2080001        9.188          120         0         0         0         0         0         0        9.208     7.974362        9.188         0   -1206.7876 
       0            0    674.65578        9.208    9.2080001        9.188          120         0         0         0         0         0         0        9.208     7.974362        9.188         0   -1206.7875 
       0            0    674.65578        9.208    9.2080001        9.188          120         0         0         0         0         0         0        9.208     7.974362        9.188         0   -1206.7876 
       0            0    674.65578        9.208    9.2080001        9.188          120         0         0         0         0         0         0        9.208     7.974362        9.188         0   -1206.7877 
       0            0    674.65578        9.208    9.2080001        9.188          120         0         0         0         0         0         0        9.208     7.974362        9.188         0   -1206.7877 
       0            0    674.65578        9.208    9.2080001        9.188          120         0         0         0         0         0         0        9.208     7.974362        9.188         0   -1206.7878 
       0            0    674.65578        9.208    9.2080001        9.188          120         0         0         0         0         0         0        9.208     7.974362        9.188         0   -1206.7877 
       0            0    674.65578        9.208    9.2080001        9.188          120         0         0         0         0         0         0        9.208     7.974362        9.188         0   -1206.7877 
       0            0    674.65578        9.208    9.2080001        9.188          120         0         0         0         0         0         0        9.208     7.974362        9.188         0   -1206.7876 
       0            0    674.65578        9.208    9.2080001        9.188          120         0         0         0         0         0         0        9.208     7.974362        9.188         0   -1206.7875 
       0            0    674.65578        9.208    9.2080001        9.188          120         0         0         0         0         0         0        9.208     7.974362        9.188         0   -1206.7876 
       0            0    674.65578        9.208    9.2080001        9.188          120         0         0         0         0         0         0        9.208     7.974362        9.188         0   -1206.7877 
       0            0    674.65578        9.208    9.2080001        9.188          120         0         0         0         0         0         0        9.208     7.974362        9.188         0   -1206.7877 
       0            0    674.65578        9.208    9.2080001        9.188          120         0         0         0         0         0         0        9.208     7.974362        9.188         0   -1206.7878 
