# Time-averaged data for fix 2
# TimeStep c_thermo_temp c_thermo_pe c_thermo_press v_myVol v_myCella v_myCellb v_myCellc v_myCellgamma
0 1908.56 -308106 27504.1 165817 72.6704 72.6704 36.2563 120
500 1869.33 -308087 45853.6 166110 72.7131 72.7131 36.2776 120
1000 1876.36 -308144 41705.7 166385 72.7532 72.7532 36.2976 120
1500 1879.09 -308173 12771.2 166643 72.7909 72.7909 36.3164 120
2000 1872.82 -308151 -14519.4 166881 72.8256 72.8256 36.3337 120
2500 1852.77 -308079 -24870.9 167102 72.8576 72.8576 36.3497 120
3000 1900.4 -308124 -11613.7 167307 72.8875 72.8875 36.3646 120
3500 1926.06 -308124 12932.3 167500 72.9154 72.9154 36.3785 120
4000 1913.17 -308053 33479.9 167680 72.9415 72.9415 36.3915 120
4500 1936.2 -308073 32528.3 167846 72.9656 72.9656 36.4036 120
5000 1933.93 -308069 12702.3 167999 72.9878 72.9878 36.4146 120
5500 1896.76 -308016 -15450.3 168139 73.0081 73.0081 36.4248 120
6000 1867.21 -307990 -26396.3 168265 73.0262 73.0262 36.4338 120
6500 1896.26 -308086 -18880.5 168377 73.0425 73.0425 36.4419 120
7000 1891.13 -308111 2451.25 168477 73.0569 73.0569 36.4491 120
7500 1872.54 -308097 19476.3 168564 73.0695 73.0695 36.4554 120
8000 1883.36 -308127 19057.7 168640 73.0805 73.0805 36.4609 120
8500 1885.15 -308123 6061.59 168704 73.0898 73.0898 36.4655 120
9000 1893.05 -308119 -12752.5 168758 73.0975 73.0975 36.4694 120
9500 1877.41 -308060 -22828.5 168803 73.104 73.104 36.4726 120
10000 1905.18 -308086 -16556.3 168840 73.1093 73.1093 36.4753 120
10500 1923.67 -308095 -1050.21 168869 73.1136 73.1136 36.4774 120
11000 1925.16 -308081 14325.9 168893 73.117 73.117 36.4791 120
11500 1927.7 -308086 16697.1 168915 73.1203 73.1203 36.4807 120
12000 1911.01 -308070 7438.4 168935 73.1231 73.1231 36.4821 120
12500 1916.84 -308106 -11215.1 168952 73.1255 73.1255 36.4833 120
13000 1897.45 -308097 -14616.8 168964 73.1273 73.1273 36.4842 120
13500 1886.04 -308107 -11848.1 168978 73.1293 73.1293 36.4852 120
14000 1884.33 -308124 -1333.46 168992 73.1313 73.1313 36.4862 120
14500 1879.26 -308117 12350.6 169003 73.1329 73.1329 36.487 120
15000 1881.87 -308113 14138.1 169012 73.1342 73.1342 36.4877 120
15500 1900.2 -308128 3025.93 169018 73.1351 73.1351 36.4881 120
16000 1914.8 -308128 -8413.44 169022 73.1356 73.1356 36.4884 120
16500 1882.21 -308037 -14233 169024 73.1359 73.1359 36.4885 120
17000 1921.41 -308099 -9045.95 169026 73.1362 73.1362 36.4887 120
17500 1925.06 -308106 2380.48 169026 73.1362 73.1362 36.4887 120
18000 1902.41 -308073 11741.1 169027 73.1364 73.1364 36.4888 120
18500 1894.9 -308083 10118.7 169028 73.1365 73.1365 36.4888 120
19000 1897.69 -308118 4737.2 169028 73.1365 73.1366 36.4888 120
19500 1891.18 -308130 -7497.99 169028 73.1365 73.1365 36.4888 120
20000 1880.18 -308128 -12556.2 169028 73.1365 73.1365 36.4888 120
20500 1893.7 -308166 -9305.45 169027 73.1363 73.1363 36.4887 120
21000 1924.3 -308226 3279.2 169022 73.1356 73.1356 36.4884 120
21500 1903.29 -308171 10257 169016 73.1347 73.1347 36.4879 120
22000 1882.9 -308108 6265.3 169012 73.1341 73.1341 36.4876 120
22500 1898.39 -308113 2861.42 169007 73.1334 73.1334 36.4873 120
23000 1926.79 -308149 -5868.46 169005 73.1331 73.1331 36.4871 120
23500 1911.66 -308109 -7058.46 169003 73.1329 73.1329 36.487 120
24000 1894.16 -308073 -4020.5 169002 73.1327 73.1327 36.4869 120
24500 1920.77 -308131 6281.1 169002 73.1328 73.1328 36.487 120
25000 1914.33 -308138 8954.5 169008 73.1336 73.1336 36.4874 120
25500 1901.6 -308137 8960.83 169017 73.1349 73.1349 36.488 120
26000 1896.58 -308154 273.794 169030 73.1368 73.1368 36.489 120
26500 1883.96 -308151 -2372.05 169044 73.1388 73.1388 36.49 120
27000 1879.78 -308153 -9115.92 169061 73.1412 73.1412 36.4912 120
27500 1882.13 -308157 -4838.98 169075 73.1433 73.1433 36.4922 120
28000 1891.1 -308164 1047.81 169089 73.1453 73.1453 36.4932 120
28500 1912.73 -308183 7961.99 169102 73.1472 73.1472 36.4942 120
29000 1906.87 -308145 6924.89 169117 73.1493 73.1493 36.4952 120
29500 1899.54 -308106 2100.11 169133 73.1516 73.1516 36.4964 120
30000 1927.64 -308146 -3990.57 169150 73.1541 73.1541 36.4976 120
30500 1911.42 -308109 -1263.4 169169 73.1568 73.1568 36.499 120
31000 1901.79 -308101 -4539.04 169192 73.1602 73.1602 36.5006 120
31500 1902.78 -308123 1211.14 169216 73.1636 73.1636 36.5024 120
32000 1901.1 -308146 4483.29 169240 73.167 73.167 36.504 120
32500 1891.89 -308153 5408.72 169261 73.17 73.17 36.5055 120
33000 1887.4 -308163 -2874.87 169280 73.1728 73.1728 36.507 120
33500 1885.8 -308166 -5221.23 169296 73.1752 73.1752 36.5081 120
34000 1883.2 -308153 -5700.43 169309 73.177 73.177 36.5091 120
34500 1885.47 -308134 -1952.98 169320 73.1786 73.1786 36.5098 120
35000 1897.86 -308129 558.658 169329 73.1799 73.1799 36.5105 120
35500 1925.32 -308154 886.724 169333 73.1805 73.1805 36.5108 120
36000 1926.05 -308135 1334.24 169332 73.1803 73.1803 36.5107 120
36500 1907.93 -308095 -2141.88 169331 73.1801 73.1801 36.5106 120
37000 1911 -308112 -3282.45 169327 73.1796 73.1796 36.5103 120
37500 1909.05 -308129 -2221.42 169322 73.1788 73.1788 36.5099 120
38000 1899.26 -308134 266.395 169314 73.1778 73.1778 36.5094 120
38500 1900.55 -308161 -19.7982 169306 73.1766 73.1766 36.5088 120
39000 1885.45 -308150 -2464.54 169295 73.175 73.175 36.508 120
39500 1895.88 -308176 -1767.19 169281 73.1729 73.173 36.507 120
40000 1887.72 -308155 -1031.73 169266 73.1708 73.1708 36.5059 120
40500 1884.61 -308134 -2332.03 169252 73.1688 73.1688 36.5049 120
41000 1896.5 -308137 1019.53 169238 73.1667 73.1667 36.5039 120
41500 1902.1 -308129 1522.56 169225 73.1649 73.1649 36.503 120
42000 1909.14 -308131 -640.324 169211 73.1629 73.1629 36.502 120
42500 1908.9 -308121 809.587 169194 73.1604 73.1604 36.5008 120
43000 1903.25 -308114 -2992.97 169179 73.1583 73.1583 36.4997 120
43500 1903.63 -308128 -3582.51 169166 73.1564 73.1564 36.4988 120
44000 1901.01 -308139 -15.781 169154 73.1547 73.1547 36.4979 120
44500 1895.44 -308147 3034.58 169145 73.1534 73.1534 36.4973 120
45000 1886 -308143 3218.24 169139 73.1525 73.1525 36.4968 120
45500 1899.08 -308176 4278.24 169135 73.152 73.152 36.4965 120
46000 1893.73 -308163 1922.92 169135 73.152 73.152 36.4966 120
46500 1889.13 -308145 1057.13 169138 73.1524 73.1524 36.4967 120
47000 1888.85 -308130 -453.161 169145 73.1534 73.1534 36.4972 120
47500 1890.23 -308115 -25.2494 169157 73.155 73.155 36.4981 120
48000 1912.98 -308144 2664.87 169173 73.1574 73.1574 36.4992 120
48500 1885.78 -308082 6378.08 169192 73.1601 73.1601 36.5006 120
49000 1916.22 -308136 7367.65 169213 73.1632 73.1632 36.5021 120
49500 1900.34 -308105 1670.28 169239 73.1669 73.1669 36.504 120
50000 1916.5 -308142 -2021.14 169266 73.1708 73.1708 36.5059 120
50500 1929.06 -308176 -2099.24 169293 73.1748 73.1748 36.5079 120
51000 1898.96 -308132 -827.987 169321 73.1788 73.1788 36.5099 120
51500 1892.28 -308129 -1201.64 169350 73.1829 73.1829 36.512 120
52000 1900.46 -308157 1760.32 169377 73.1868 73.1868 36.5139 120
52500 1895.92 -308146 3066.83 169400 73.1902 73.1902 36.5156 120
53000 1896.6 -308139 2377.49 169422 73.1932 73.1932 36.5171 120
53500 1894.52 -308127 -2657.42 169442 73.1961 73.1961 36.5186 120
54000 1896.76 -308119 -4250.06 169460 73.1988 73.1988 36.5199 120
54500 1885.45 -308084 -2561.83 169477 73.2011 73.2011 36.5211 120
55000 1900.36 -308105 -2372.11 169492 73.2034 73.2034 36.5222 120
55500 1918.74 -308135 4058.48 169506 73.2054 73.2054 36.5232 120
56000 1905.97 -308111 4889.92 169521 73.2076 73.2076 36.5243 120
56500 1908.4 -308127 697.156 169539 73.21 73.21 36.5255 120
57000 1907.77 -308151 -2454.87 169553 73.2121 73.2121 36.5266 120
57500 1901.83 -308167 -6972.54 169564 73.2137 73.2137 36.5274 120
58000 1875.66 -308133 -6111.75 169572 73.2148 73.2148 36.5279 120
58500 1892.61 -308170 -2332.18 169578 73.2157 73.2157 36.5283 120
59000 1901.87 -308181 1976.18 169583 73.2164 73.2164 36.5287 120
59500 1895.82 -308152 5474.6 169586 73.2168 73.2168 36.5289 120
60000 1896.59 -308137 4596.24 169586 73.2169 73.2169 36.529 120
60500 1900.2 -308133 -519.254 169588 73.2171 73.2171 36.5291 120
61000 1898.72 -308128 -7072.73 169589 73.2173 73.2173 36.5291 120
61500 1896.25 -308121 -4397.82 169587 73.217 73.217 36.529 120
62000 1916.76 -308162 -2597.28 169587 73.217 73.217 36.529 120
62500 1901.66 -308136 3514.13 169586 73.2169 73.2169 36.5289 120
63000 1914.42 -308162 6209.05 169586 73.2168 73.2168 36.5289 120
63500 1891.84 -308124 3228.74 169586 73.2169 73.2169 36.5289 120
64000 1894.07 -308145 -1030.68 169586 73.2169 73.2169 36.529 120
64500 1888.06 -308161 -6467.06 169586 73.2169 73.2169 36.5289 120
65000 1893.33 -308195 -3852.67 169584 73.2166 73.2166 36.5288 120
65500 1875.06 -308169 -796.283 169581 73.2162 73.2162 36.5286 120
66000 1901.15 -308214 3020.9 169580 73.216 73.216 36.5285 120
66500 1865.27 -308117 2986.06 169580 73.2161 73.2161 36.5285 120
67000 1912.82 -308173 2180.04 169579 73.2159 73.2159 36.5284 120
67500 1911.3 -308155 692.597 169579 73.2158 73.2158 36.5284 120
68000 1902.52 -308131 -1677.43 169578 73.2157 73.2157 36.5283 120
68500 1905.8 -308140 -4065.75 169575 73.2153 73.2153 36.5281 120
69000 1901.65 -308140 -3373.07 169571 73.2147 73.2147 36.5278 120
69500 1895.34 -308141 -1357.83 169567 73.2142 73.2142 36.5276 120
70000 1905.4 -308174 1541.71 169562 73.2134 73.2134 36.5272 120
70500 1888.6 -308152 1825.25 169553 73.2121 73.2121 36.5265 120
71000 1900.98 -308186 2878.28 169542 73.2105 73.2105 36.5258 120
71500 1883.63 -308163 559.244 169531 73.209 73.209 36.525 120
72000 1873.81 -308150 -2923.53 169521 73.2076 73.2076 36.5243 120
72500 1902.91 -308197 -1106.85 169511 73.206 73.206 36.5235 120
73000 1899.12 -308163 1782.32 169500 73.2045 73.2045 36.5228 120
73500 1892.44 -308122 -992.62 169493 73.2035 73.2035 36.5223 120
74000 1907.62 -308134 2917.95 169487 73.2026 73.2026 36.5218 120
74500 1926.34 -308166 1520.97 169481 73.2018 73.2018 36.5214 120
75000 1927.49 -308173 568.833 169477 73.2012 73.2012 36.5211 120
75500 1907.6 -308146 -1909.65 169473 73.2005 73.2005 36.5208 120
76000 1897.05 -308142 -119.767 169469 73.2 73.2 36.5205 120
76500 1883.1 -308142 1005.28 169469 73.2 73.2 36.5205 120
77000 1894.04 -308198 4402.07 169473 73.2007 73.2007 36.5208 120
77500 1882.6 -308193 1956.09 169482 73.2019 73.2019 36.5215 120
78000 1874.08 -308175 1399.54 169491 73.2032 73.2032 36.5221 120
78500 1889.22 -308191 1042.96 169500 73.2045 73.2045 36.5228 120
79000 1880 -308156 -224.272 169512 73.2062 73.2062 36.5236 120
79500 1893.72 -308167 433.216 169525 73.2082 73.2082 36.5246 120
80000 1896.84 -308159 -1338.69 169540 73.2102 73.2102 36.5256 120
80500 1917.88 -308184 -353.117 169550 73.2117 73.2117 36.5263 120
81000 1910.77 -308155 1338.08 169560 73.2131 73.2131 36.527 120
81500 1895.59 -308118 537.148 169571 73.2147 73.2147 36.5279 120
82000 1893.92 -308108 -1073.95 169582 73.2163 73.2163 36.5286 120
82500 1889.68 -308096 -636.35 169593 73.2179 73.2179 36.5294 120
83000 1911.18 -308133 1255.09 169605 73.2196 73.2196 36.5303 120
83500 1913.48 -308141 2981.13 169618 73.2214 73.2214 36.5312 120
84000 1907.47 -308144 1353.77 169631 73.2233 73.2233 36.5321 120
84500 1920.32 -308190 757.346 169640 73.2247 73.2247 36.5328 120
85000 1906.36 -308185 -210.9 169647 73.2256 73.2256 36.5333 120
85500 1887.45 -308165 -6775.79 169651 73.2263 73.2263 36.5336 120
86000 1896.19 -308185 -4697.54 169651 73.2262 73.2262 36.5336 120
86500 1885.36 -308158 124.183 169648 73.2258 73.2258 36.5334 120
87000 1887.88 -308145 2649.53 169642 73.2249 73.2249 36.5329 120
87500 1902.68 -308142 2642.42 169634 73.2238 73.2238 36.5324 120
88000 1900.38 -308112 2986.09 169625 73.2225 73.2225 36.5317 120
88500 1927.4 -308156 -2845.07 169616 73.2212 73.2212 36.5311 120
89000 1914.03 -308134 -3866.26 169608 73.2201 73.2201 36.5305 120
89500 1899.69 -308117 -3860.71 169602 73.2191 73.2191 36.53 120
90000 1902.79 -308134 1838.27 169594 73.218 73.218 36.5295 120
90500 1894.97 -308124 3530.13 169588 73.2171 73.2171 36.529 120
91000 1894.92 -308128 6355.69 169582 73.2164 73.2164 36.5287 120
91500 1880.65 -308106 174.258 169578 73.2158 73.2158 36.5284 120
92000 1902.38 -308152 -3719.65 169574 73.2152 73.2152 36.5281 120
92500 1904.51 -308159 -3890.74 169572 73.2149 73.2149 36.5279 120
93000 1891.23 -308145 -6219.36 169573 73.215 73.215 36.528 120
93500 1885.55 -308162 604.79 169574 73.2152 73.2152 36.5281 120
94000 1890.44 -308198 5758.28 169575 73.2153 73.2153 36.5282 120
94500 1860.67 -308146 3493.06 169576 73.2155 73.2155 36.5282 120
95000 1879.97 -308176 684.553 169574 73.2152 73.2152 36.5281 120
95500 1901.44 -308192 -3137.83 169572 73.2148 73.2148 36.5279 120
96000 1893.72 -308145 -6966.91 169570 73.2145 73.2145 36.5277 120
96500 1900.84 -308139 -4930.83 169565 73.2139 73.2139 36.5274 120
97000 1901.16 -308130 1851.07 169560 73.2131 73.2131 36.527 120
97500 1921.72 -308164 6369.76 169554 73.2123 73.2123 36.5266 120
98000 1883.27 -308088 9165.52 169549 73.2116 73.2116 36.5263 120
98500 1902.15 -308130 -1689.36 169547 73.2113 73.2113 36.5261 120
99000 1914.55 -308165 -4677.71 169544 73.2108 73.2108 36.5259 120
99500 1900.16 -308167 -6188.38 169540 73.2103 73.2103 36.5256 120
100000 1890.76 -308180 1381.91 169535 73.2096 73.2096 36.5253 120
