# Time-averaged data for fix 2
# TimeStep c_thermo_temp c_thermo_pe c_thermo_press v_myVol v_myCella v_myCellb v_myCellc v_myCellgamma
0 1170.69 -309550 28960.6 165609 72.64 72.64 36.2411 120
500 1192.05 -309570 23912.5 165801 72.6681 72.6681 36.2551 120
1000 1221.14 -309607 -1705.07 165968 72.6925 72.6925 36.2673 120
1500 1209.31 -309562 -26747.2 166108 72.713 72.713 36.2775 120
2000 1217.31 -309564 -29950.7 166224 72.7298 72.7298 36.2859 120
2500 1221.05 -309573 -12112 166316 72.7433 72.7433 36.2926 120
3000 1218.49 -309579 13130.3 166386 72.7534 72.7534 36.2977 120
3500 1198.93 -309559 21750.1 166435 72.7606 72.7606 36.3013 120
4000 1195.62 -309577 12201.2 166465 72.7649 72.7649 36.3034 120
4500 1197.16 -309602 -11009.3 166481 72.7672 72.7672 36.3046 120
5000 1201.65 -309626 -26551.9 166486 72.768 72.768 36.305 120
5500 1194.73 -309621 -22608.4 166479 72.767 72.767 36.3045 120
6000 1210.89 -309654 -3577.29 166460 72.7642 72.7642 36.3031 120
6500 1185.5 -309597 12993.9 166433 72.7603 72.7603 36.3011 120
7000 1188.87 -309591 15958 166399 72.7554 72.7554 36.2987 120
7500 1199.51 -309602 6598.84 166357 72.7492 72.7492 36.2956 120
8000 1206.41 -309605 -10886.7 166312 72.7426 72.7426 36.2923 120
8500 1206.38 -309601 -18365.2 166262 72.7354 72.7354 36.2887 120
9000 1201.68 -309594 -12095.4 166211 72.7279 72.7279 36.285 120
9500 1210.02 -309622 2280.31 166162 72.7208 72.7208 36.2814 120
10000 1196.63 -309611 14658.8 166118 72.7143 72.7143 36.2782 120
10500 1200.98 -309639 16532.6 166078 72.7084 72.7084 36.2753 120
11000 1198.18 -309649 4732.67 166043 72.7034 72.7034 36.2727 120
11500 1191.24 -309646 -10341.2 166017 72.6996 72.6996 36.2709 120
12000 1179.35 -309629 -14836 165999 72.697 72.697 36.2696 120
12500 1209.91 -309689 -5488.26 165987 72.6953 72.6953 36.2687 120
13000 1199.46 -309661 12003.8 165982 72.6944 72.6944 36.2683 120
13500 1194.96 -309643 17143.4 165986 72.6951 72.6951 36.2686 120
14000 1206.44 -309656 14139.9 165997 72.6967 72.6967 36.2694 120
14500 1206.56 -309647 -3721.36 166017 72.6997 72.6997 36.2709 120
15000 1190.82 -309611 -11203 166044 72.7035 72.7035 36.2728 120
15500 1202.26 -309634 -8353.1 166075 72.7081 72.7081 36.2751 120
16000 1208.8 -309652 2781.83 166112 72.7135 72.7135 36.2778 120
16500 1185.85 -309616 10578 166152 72.7193 72.7193 36.2807 120
17000 1194.25 -309642 12375.7 166194 72.7254 72.7254 36.2837 120
17500 1204.37 -309668 6053.94 166237 72.7317 72.7317 36.2869 120
18000 1191.72 -309650 -7467.54 166281 72.7382 72.7382 36.2901 120
18500 1198.15 -309666 -11382.9 166323 72.7443 72.7443 36.2932 120
19000 1198.87 -309673 -4682.56 166363 72.7501 72.7501 36.296 120
19500 1187.47 -309650 4310.16 166403 72.7559 72.7559 36.2989 120
20000 1195.69 -309658 12400.3 166441 72.7614 72.7614 36.3017 120
20500 1208.48 -309675 9858.05 166480 72.7671 72.7671 36.3045 120
21000 1209.89 -309669 -1803.16 166521 72.773 72.773 36.3075 120
21500 1196.13 -309633 -10396.9 166561 72.779 72.779 36.3104 120
22000 1217.3 -309670 -8816.17 166600 72.7845 72.7845 36.3132 120
22500 1207.65 -309650 -607.967 166637 72.7899 72.7899 36.3159 120
23000 1198.4 -309641 5853.38 166671 72.795 72.795 36.3184 120
23500 1200.14 -309660 8807.16 166701 72.7993 72.7993 36.3206 120
24000 1197.31 -309672 2591.58 166726 72.803 72.803 36.3224 120
24500 1199.32 -309686 -6963.22 166748 72.8062 72.8062 36.324 120
25000 1189.6 -309668 -7257.55 166766 72.8088 72.8088 36.3253 120
25500 1208.76 -309703 -4805.48 166782 72.8111 72.8111 36.3265 120
26000 1189.47 -309656 2433.6 166796 72.8132 72.8132 36.3275 120
26500 1191.12 -309652 4856.9 166808 72.8148 72.8148 36.3283 120
27000 1205.14 -309676 5123.01 166815 72.8159 72.8159 36.3289 120
27500 1192.34 -309652 1072.8 166823 72.817 72.817 36.3294 120
28000 1190.6 -309645 -2877.78 166829 72.818 72.818 36.3299 120
28500 1194.69 -309653 -7256.3 166835 72.8188 72.8188 36.3303 120
29000 1207.79 -309679 -4712.09 166835 72.8188 72.8188 36.3303 120
29500 1200.74 -309666 3068.99 166830 72.8181 72.8181 36.33 120
30000 1192.56 -309654 4681.92 166825 72.8173 72.8173 36.3296 120
30500 1206.32 -309691 3503.65 166820 72.8166 72.8166 36.3292 120
31000 1202.74 -309705 -291.083 166815 72.816 72.816 36.3289 120
31500 1195.23 -309711 -2930.85 166810 72.8151 72.8151 36.3285 120
32000 1189.09 -309706 -2711.28 166803 72.8141 72.8141 36.328 120
32500 1188.79 -309699 -67.332 166795 72.8129 72.8129 36.3274 120
33000 1184.33 -309674 2403.38 166786 72.8116 72.8116 36.3267 120
33500 1198.03 -309686 5536.32 166778 72.8105 72.8105 36.3262 120
34000 1194.25 -309668 1677.93 166777 72.8103 72.8103 36.3261 120
34500 1192.16 -309659 -3739.96 166778 72.8105 72.8105 36.3262 120
35000 1201.74 -309674 -3991.95 166779 72.8107 72.8107 36.3263 120
35500 1202.85 -309678 -887.212 166784 72.8114 72.8114 36.3266 120
36000 1202.37 -309680 2395.57 166790 72.8123 72.8123 36.3271 120
36500 1204.54 -309695 4187.24 166797 72.8133 72.8133 36.3276 120
37000 1196.68 -309698 3150.54 166808 72.8148 72.8148 36.3283 120
37500 1186.07 -309695 -1295.41 166820 72.8166 72.8166 36.3292 120
38000 1183.38 -309700 -1819.67 166830 72.8181 72.8181 36.33 120
38500 1190.67 -309710 -2520.23 166839 72.8193 72.8193 36.3306 120
39000 1192.97 -309701 -515.616 166846 72.8204 72.8204 36.3311 120
39500 1202.5 -309709 -761.868 166852 72.8214 72.8214 36.3316 120
40000 1190.05 -309676 -963.59 166857 72.8219 72.822 36.3319 120
40500 1193.55 -309678 3656.57 166859 72.8223 72.8223 36.3321 120
41000 1205.82 -309699 -295.313 166864 72.823 72.823 36.3324 120
41500 1200.39 -309684 -27.6486 166866 72.8233 72.8233 36.3325 120
42000 1202.05 -309680 -330.653 166867 72.8235 72.8235 36.3327 120
42500 1203.48 -309678 -3302.86 166871 72.824 72.824 36.3329 120
43000 1199.09 -309668 1381.18 166875 72.8246 72.8246 36.3332 120
43500 1210.03 -309692 3384.4 166884 72.8259 72.8259 36.3339 120
44000 1197.98 -309677 2712.83 166896 72.8278 72.8278 36.3348 120
44500 1196.83 -309692 1591.16 166910 72.8298 72.8298 36.3358 120
45000 1191.67 -309697 -1073.88 166926 72.832 72.832 36.3369 120
45500 1187.13 -309694 -608.396 166939 72.834 72.834 36.3379 120
46000 1181.97 -309682 -303.712 166954 72.8361 72.8361 36.339 120
46500 1190.75 -309686 247.865 166969 72.8384 72.8384 36.3401 120
47000 1203.52 -309692 -734.811 166983 72.8404 72.8404 36.3411 120
47500 1202.99 -309678 -2981.55 166995 72.842 72.842 36.3419 120
48000 1205.27 -309679 -86.6398 167001 72.8429 72.8429 36.3424 120
48500 1205.22 -309682 2405.39 167005 72.8435 72.8435 36.3426 120
49000 1195.73 -309669 -417.965 167008 72.844 72.844 36.3429 120
49500 1201.6 -309686 -1164 167009 72.8441 72.8441 36.343 120
50000 1206.29 -309704 -2461.33 167013 72.8446 72.8446 36.3432 120
50500 1198.25 -309698 -219.872 167017 72.8453 72.8453 36.3435 120
51000 1199.25 -309708 2424.49 167022 72.846 72.846 36.3439 120
51500 1196.22 -309712 781.103 167028 72.8469 72.8469 36.3444 120
52000 1194.73 -309722 -1725.96 167035 72.8479 72.8479 36.3448 120
52500 1190.11 -309736 -1141.81 167039 72.8485 72.8485 36.3452 120
53000 1169.88 -309709 -2367.69 167041 72.8487 72.8487 36.3453 120
53500 1184.11 -309730 272.568 167038 72.8483 72.8483 36.345 120
54000 1201.22 -309744 1386.4 167034 72.8478 72.8478 36.3448 120
54500 1199.18 -309721 640.987 167031 72.8474 72.8474 36.3446 120
55000 1196.25 -309706 -323.037 167029 72.8471 72.8471 36.3444 120
55500 1196.4 -309701 491.516 167028 72.8468 72.8468 36.3443 120
56000 1194.7 -309692 -141.116 167029 72.847 72.847 36.3444 120
56500 1189.45 -309675 -556.585 167032 72.8475 72.8475 36.3446 120
57000 1199.89 -309690 833.298 167036 72.848 72.848 36.3449 120
57500 1205.07 -309694 3378.12 167043 72.8491 72.8491 36.3454 120
58000 1205.67 -309695 4715.69 167058 72.8513 72.8513 36.3465 120
58500 1192.26 -309678 4309.95 167079 72.8544 72.8544 36.3481 120
59000 1201.31 -309712 332.17 167106 72.8582 72.8582 36.35 120
59500 1194.21 -309717 -2716.75 167136 72.8626 72.8626 36.3521 120
60000 1187.85 -309713 -1129.97 167165 72.8667 72.8667 36.3542 120
60500 1186.19 -309710 191.282 167195 72.8711 72.8711 36.3564 120
61000 1202.72 -309736 3317.47 167224 72.8753 72.8753 36.3585 120
61500 1196.61 -309710 136.053 167254 72.8797 72.8797 36.3607 120
62000 1193.59 -309690 -1003.4 167283 72.884 72.884 36.3628 120
62500 1199.83 -309696 -2785.86 167311 72.888 72.888 36.3649 120
63000 1200.5 -309695 -3465.54 167334 72.8914 72.8914 36.3665 120
63500 1201.46 -309697 -1892.91 167350 72.8937 72.8937 36.3677 120
64000 1208.37 -309714 1408.91 167361 72.8952 72.8952 36.3684 120
64500 1212.37 -309727 -109.093 167367 72.8961 72.8961 36.3689 120
65000 1198.53 -309707 -119.026 167366 72.8961 72.8961 36.3689 120
65500 1196.98 -309712 -2316.92 167363 72.8956 72.8956 36.3686 120
66000 1202.55 -309730 -2933.05 167356 72.8946 72.8946 36.3681 120
66500 1192.52 -309721 -1924.46 167346 72.8932 72.8932 36.3674 120
67000 1182.89 -309715 -964.852 167335 72.8915 72.8915 36.3666 120
67500 1185.94 -309738 3185.85 167324 72.8898 72.8898 36.3658 120
68000 1185.8 -309744 1446.7 167313 72.8883 72.8883 36.365 120
68500 1188.57 -309742 1678.69 167301 72.8865 72.8865 36.3641 120
69000 1192.34 -309727 -3634.64 167291 72.8852 72.8852 36.3634 120
69500 1197.24 -309717 -1243.08 167282 72.8837 72.8837 36.3627 120
70000 1207.46 -309728 1252.77 167273 72.8824 72.8824 36.3621 120
70500 1201.48 -309713 1366.9 167267 72.8815 72.8815 36.3616 120
71000 1206.59 -309721 1300.06 167262 72.8808 72.8808 36.3613 120
71500 1202.18 -309712 1635.12 167257 72.8802 72.8802 36.3609 120
72000 1199.2 -309707 -46.4388 167255 72.8799 72.8799 36.3608 120
72500 1201.38 -309718 -1626.02 167253 72.8796 72.8796 36.3607 120
73000 1201.7 -309730 -1914.59 167252 72.8794 72.8794 36.3606 120
73500 1188.44 -309717 1263.28 167252 72.8794 72.8794 36.3606 120
74000 1198.2 -309746 1957.1 167255 72.8799 72.8799 36.3608 120
74500 1194.64 -309747 3076.58 167261 72.8807 72.8807 36.3612 120
75000 1192.99 -309742 -992.648 167267 72.8816 72.8816 36.3616 120
75500 1185.49 -309709 -2524.39 167272 72.8823 72.8823 36.362 120
76000 1199.3 -309712 -946.846 167277 72.883 72.883 36.3624 120
76500 1201.53 -309703 1897.05 167281 72.8837 72.8837 36.3627 120
77000 1202.6 -309702 1891.23 167287 72.8845 72.8845 36.3631 120
77500 1205.54 -309709 207.397 167293 72.8855 72.8855 36.3636 120
78000 1202.81 -309710 -1674.97 167299 72.8863 72.8863 36.364 120
78500 1207.06 -309731 160.058 167302 72.8867 72.8867 36.3642 120
79000 1196.39 -309725 454.993 167303 72.8868 72.8868 36.3642 120
79500 1200.26 -309745 -101.083 167301 72.8865 72.8865 36.3641 120
80000 1192.37 -309734 -1054.65 167300 72.8864 72.8864 36.364 120
80500 1189.53 -309727 -1808.33 167299 72.8862 72.8862 36.364 120
81000 1202.52 -309747 65.6505 167295 72.8857 72.8857 36.3637 120
81500 1206.59 -309750 -180.201 167290 72.885 72.885 36.3633 120
82000 1194.13 -309721 1607.17 167282 72.8838 72.8838 36.3627 120
82500 1198.61 -309726 -2296.06 167276 72.8829 72.8829 36.3623 120
83000 1195.72 -309721 -2468.39 167271 72.8821 72.8821 36.3619 120
83500 1199.32 -309725 -357.414 167267 72.8816 72.8816 36.3616 120
84000 1202.76 -309729 2986.95 167264 72.8812 72.8812 36.3615 120
84500 1206.99 -309731 1449.99 167264 72.8812 72.8812 36.3615 120
85000 1209.23 -309722 -115.13 167267 72.8816 72.8816 36.3616 120
85500 1210.11 -309707 -650.541 167271 72.8822 72.8822 36.362 120
86000 1212.36 -309702 1010.7 167278 72.8832 72.8832 36.3624 120
86500 1213.48 -309707 1451.72 167286 72.8844 72.8844 36.363 120
87000 1220.85 -309738 -619.288 167297 72.886 72.886 36.3639 120
87500 1197.74 -309714 73.1598 167309 72.8878 72.8878 36.3647 120
88000 1199.06 -309729 644.348 167321 72.8895 72.8895 36.3656 120
88500 1188.73 -309713 311.469 167331 72.8909 72.8909 36.3663 120
89000 1187.35 -309710 1074.59 167336 72.8916 72.8916 36.3666 120
89500 1192.97 -309719 -1999.45 167338 72.8919 72.8919 36.3668 120
90000 1205.5 -309740 -4207.51 167340 72.8922 72.8922 36.3669 120
90500 1208.41 -309740 -704.12 167340 72.8922 72.8922 36.3669 120
91000 1195.9 -309705 1230.76 167340 72.8923 72.8923 36.367 120
91500 1207.83 -309715 4259.51 167339 72.8921 72.8921 36.3669 120
92000 1216.58 -309716 1536 167338 72.8919 72.8919 36.3668 120
92500 1219.81 -309716 -197.96 167336 72.8916 72.8917 36.3667 120
93000 1210.28 -309705 -3665.35 167336 72.8917 72.8917 36.3667 120
93500 1196.17 -309700 -1102.65 167336 72.8916 72.8916 36.3666 120
94000 1212.18 -309751 -1934.67 167335 72.8915 72.8915 36.3666 120
94500 1199.04 -309734 194.901 167334 72.8913 72.8913 36.3665 120
95000 1190.72 -309720 2575.62 167332 72.8911 72.8911 36.3664 120
95500 1203.74 -309743 3841.02 167329 72.8907 72.8907 36.3662 120
96000 1196.48 -309726 449.869 167324 72.8899 72.8899 36.3658 120
96500 1199.8 -309728 -3004.97 167317 72.8889 72.8889 36.3653 120
97000 1203.5 -309726 -6188.93 167309 72.8877 72.8877 36.3647 120
97500 1206.46 -309720 -2838.02 167300 72.8864 72.8864 36.364 120
98000 1202.83 -309702 796.212 167292 72.8853 72.8853 36.3635 120
98500 1205.23 -309698 5045.66 167286 72.8843 72.8843 36.363 120
99000 1217.02 -309718 3070.93 167280 72.8835 72.8835 36.3626 120
99500 1208.6 -309715 1404.76 167276 72.883 72.883 36.3623 120
100000 1196.13 -309715 -3469.26 167273 72.8825 72.8825 36.3621 120
