# Time-averaged data for fix 2
# TimeStep c_thermo_temp c_thermo_pe c_thermo_press v_myVol v_myCella v_myCellb v_myCellc v_myCellgamma
0 903.791 -310165 21584.1 165204 72.5807 72.5807 36.2115 120
500 915.991 -310188 1258.29 165304 72.5953 72.5953 36.2188 120
1000 906.284 -310170 -20901 165375 72.6058 72.6058 36.2241 120
1500 898.571 -310162 -29296.5 165423 72.6128 72.6128 36.2275 120
2000 906.372 -310191 -17223.9 165446 72.6162 72.6162 36.2293 120
2500 910.02 -310211 6484.61 165447 72.6163 72.6163 36.2293 120
3000 893.322 -310191 18919.6 165427 72.6134 72.6134 36.2279 120
3500 885.777 -310186 10482.6 165390 72.608 72.608 36.2251 120
4000 903.025 -310228 -8935.27 165340 72.6007 72.6007 36.2215 120
4500 890.286 -310204 -22787.8 165284 72.5924 72.5924 36.2174 120
5000 899.614 -310223 -18089.8 165222 72.5834 72.5834 36.2129 120
5500 905.344 -310233 4104.07 165156 72.5737 72.5737 36.208 120
6000 901.522 -310222 17709.1 165093 72.5644 72.5644 36.2034 120
6500 899.547 -310217 16284.4 165037 72.5562 72.5562 36.1993 120
7000 908.37 -310235 3227.78 164988 72.5491 72.5491 36.1957 120
7500 897.871 -310217 -11487.1 164948 72.5433 72.5433 36.1929 120
8000 901.441 -310232 -13865 164920 72.5392 72.5392 36.1908 120
8500 906.008 -310253 -2562.28 164904 72.5368 72.5368 36.1896 120
9000 892.938 -310239 11928.7 164900 72.5362 72.5362 36.1893 120
9500 893.162 -310245 18154.9 164906 72.5371 72.5371 36.1898 120
10000 891.55 -310243 10601.4 164920 72.5391 72.5391 36.1908 120
10500 891.926 -310239 -5149.04 164941 72.5422 72.5422 36.1923 120
11000 891.739 -310224 -12287.6 164971 72.5466 72.5466 36.1945 120
11500 911.202 -310247 -6782.05 165009 72.5522 72.5522 36.1973 120
12000 908.814 -310234 5559.17 165055 72.559 72.559 36.2007 120
12500 901.69 -310219 14186.5 165105 72.5662 72.5662 36.2043 120
13000 900.987 -310222 11151.9 165158 72.574 72.574 36.2082 120
13500 904.533 -310237 -533.833 165212 72.5819 72.5819 36.2121 120
14000 898.211 -310233 -11997.6 165267 72.5899 72.5899 36.2161 120
14500 909.332 -310264 -10154 165320 72.5978 72.5978 36.22 120
15000 907.329 -310268 816.685 165374 72.6056 72.6056 36.2239 120
15500 902.596 -310261 9893.06 165426 72.6132 72.6132 36.2278 120
16000 891.765 -310243 10204.2 165472 72.62 72.62 36.2312 120
16500 915.933 -310291 -49.1263 165510 72.6255 72.6255 36.2339 120
17000 897.195 -310250 -10460 165538 72.6296 72.6296 36.2359 120
17500 897.57 -310236 -12380.8 165558 72.6325 72.6325 36.2374 120
18000 907.597 -310240 -3729.43 165570 72.6343 72.6343 36.2383 120
18500 906.709 -310229 5013.68 165577 72.6354 72.6354 36.2388 120
19000 909.399 -310238 7408.75 165580 72.6358 72.6358 36.239 120
19500 910.578 -310250 2480.6 165578 72.6355 72.6355 36.2389 120
20000 902.872 -310249 -5985.26 165571 72.6345 72.6345 36.2384 120
20500 900.337 -310254 -8788.8 165559 72.6327 72.6327 36.2374 120
21000 901.039 -310261 -4386.39 165541 72.6301 72.6301 36.2362 120
21500 898.438 -310260 950.816 165520 72.6271 72.6271 36.2347 120
22000 894.18 -310253 6881.01 165496 72.6234 72.6234 36.2329 120
22500 905.342 -310278 3565.59 165471 72.6198 72.6198 36.231 120
23000 902.878 -310273 -683.234 165442 72.6156 72.6156 36.2289 120
23500 895.255 -310256 -4327.4 165417 72.612 72.612 36.2271 120
24000 904.493 -310274 -4829.59 165401 72.6095 72.6095 36.2259 120
24500 901.374 -310266 608.526 165390 72.6079 72.6079 36.2251 120
25000 896.032 -310257 7071.68 165384 72.6071 72.6071 36.2247 120
25500 898.102 -310266 5222.66 165384 72.6071 72.6071 36.2247 120
26000 900.344 -310278 35.1123 165385 72.6072 72.6072 36.2247 120
26500 902.31 -310289 -4284.79 165387 72.6075 72.6075 36.2249 120
27000 888.104 -310269 -4798.44 165392 72.6083 72.6083 36.2253 120
27500 899.618 -310297 1055.58 165399 72.6093 72.6093 36.2258 120
28000 889.421 -310277 5383.86 165409 72.6108 72.6108 36.2265 120
28500 892.547 -310279 3515.16 165422 72.6127 72.6127 36.2275 120
29000 908.31 -310296 3497.77 165435 72.6146 72.6146 36.2284 120
29500 896.799 -310258 -1699.6 165452 72.617 72.617 36.2297 120
30000 908.786 -310274 -2083.33 165470 72.6197 72.6197 36.231 120
30500 907.616 -310270 -1530.17 165491 72.6227 72.6227 36.2325 120
31000 906.11 -310272 844.717 165517 72.6265 72.6265 36.2344 120
31500 904.912 -310282 3038.15 165547 72.6309 72.6309 36.2366 120
32000 901.527 -310286 3197.32 165578 72.6355 72.6355 36.2389 120
32500 907.631 -310304 2826.33 165610 72.6402 72.6402 36.2412 120
33000 898.232 -310288 700.219 165643 72.6449 72.6449 36.2436 120
33500 909.098 -310309 -4166.15 165678 72.6501 72.6501 36.2461 120
34000 900.77 -310292 -2219.32 165709 72.6547 72.6547 36.2484 120
34500 903.486 -310298 918.257 165739 72.6591 72.6591 36.2506 120
35000 901.525 -310292 2880.52 165769 72.6634 72.6634 36.2528 120
35500 898.928 -310286 262.773 165796 72.6674 72.6674 36.2548 120
36000 898.421 -310284 -1459.56 165817 72.6704 72.6704 36.2563 120
36500 909.544 -310307 -1846.47 165832 72.6726 72.6726 36.2574 120
37000 892.692 -310275 -2659 165842 72.6741 72.6741 36.2581 120
37500 898.561 -310290 -2282 165845 72.6744 72.6744 36.2583 120
38000 902.726 -310304 -2051.64 165840 72.6738 72.6738 36.258 120
38500 891.981 -310289 -139.892 165831 72.6725 72.6725 36.2573 120
39000 902.318 -310317 -1011.52 165820 72.6708 72.6708 36.2565 120
39500 902.827 -310322 1491.55 165806 72.6687 72.6687 36.2554 120
40000 892.514 -310305 -699.831 165793 72.6669 72.6669 36.2545 120
40500 890.961 -310301 -1861.24 165780 72.665 72.665 36.2536 120
41000 904.202 -310319 -1747.07 165765 72.6628 72.6628 36.2525 120
41500 896.526 -310292 -1226.11 165750 72.6606 72.6606 36.2514 120
42000 901.58 -310287 -87.6634 165734 72.6583 72.6583 36.2502 120
42500 906.021 -310292 1431.18 165717 72.6558 72.6558 36.249 120
43000 911.362 -310305 1811.07 165701 72.6534 72.6534 36.2478 120
43500 899.861 -310287 -590.384 165684 72.651 72.651 36.2466 120
44000 894.664 -310287 -2885.95 165669 72.6487 72.6487 36.2455 120
44500 901.502 -310312 -1018.93 165654 72.6466 72.6466 36.2444 120
45000 893.652 -310308 2154.1 165641 72.6447 72.6447 36.2434 120
45500 892.935 -310312 3339.47 165630 72.6431 72.6431 36.2426 120
46000 897.539 -310319 1572.18 165622 72.6419 72.6419 36.2421 120
46500 905.093 -310332 -642.438 165619 72.6414 72.6414 36.2418 120
47000 892.931 -310304 -1853.71 165620 72.6417 72.6417 36.242 120
47500 905.865 -310324 -449.015 165625 72.6423 72.6423 36.2423 120
48000 893.361 -310292 2653.7 165634 72.6437 72.6437 36.2429 120
48500 892.902 -310285 3200.98 165649 72.6459 72.6459 36.2441 120
49000 912.725 -310318 3219.22 165666 72.6483 72.6483 36.2453 120
49500 900.639 -310288 -260.646 165686 72.6512 72.6512 36.2467 120
50000 902.565 -310290 -3265.2 165708 72.6545 72.6545 36.2483 120
50500 904.521 -310300 -1236.77 165730 72.6577 72.6577 36.2499 120
51000 897.111 -310301 770.207 165750 72.6606 72.6606 36.2514 120
51500 891.442 -310304 2971.5 165765 72.6629 72.6629 36.2525 120
52000 897.154 -310323 1033.03 165778 72.6647 72.6647 36.2534 120
52500 896.14 -310323 -2879.49 165788 72.6661 72.6661 36.2542 120
53000 897.853 -310324 -1644.64 165791 72.6666 72.6666 36.2544 120
53500 902.779 -310324 -1374.31 165792 72.6667 72.6667 36.2545 120
54000 896.045 -310300 29.8134 165788 72.6661 72.6661 36.2541 120
54500 900.227 -310297 2268.09 165781 72.6651 72.6651 36.2537 120
55000 908.266 -310305 966.651 165776 72.6644 72.6644 36.2533 120
55500 903.514 -310298 199.04 165768 72.6633 72.6633 36.2527 120
56000 899.129 -310295 -3275.92 165757 72.6616 72.6616 36.2519 120
56500 906.074 -310315 -1600.08 165741 72.6592 72.6592 36.2507 120
57000 899.429 -310307 -2868.52 165726 72.6571 72.6571 36.2496 120
57500 903.44 -310317 991.359 165712 72.6551 72.6551 36.2486 120
58000 901.669 -310319 2886.51 165702 72.6536 72.6536 36.2479 120
58500 888.702 -310297 3404.36 165691 72.6519 72.6519 36.2471 120
59000 899.322 -310322 -259.725 165680 72.6503 72.6503 36.2463 120
59500 897.365 -310323 -2664.32 165669 72.6487 72.6487 36.2455 120
60000 892.257 -310317 -3059.76 165660 72.6475 72.6475 36.2449 120
60500 897.283 -310333 1170.07 165655 72.6467 72.6467 36.2445 120
61000 896.789 -310334 5702.06 165653 72.6464 72.6464 36.2443 120
61500 893.922 -310328 1561.25 165655 72.6468 72.6468 36.2445 120
62000 899.618 -310335 -750.7 165661 72.6476 72.6476 36.2449 120
62500 899.273 -310323 -2175.56 165669 72.6487 72.6487 36.2455 120
63000 908.3 -310328 -1893.11 165678 72.6501 72.6501 36.2462 120
63500 902.539 -310310 1958.85 165692 72.6521 72.6521 36.2471 120
64000 900.511 -310304 3105.13 165708 72.6545 72.6545 36.2483 120
64500 893.719 -310293 1211.28 165725 72.657 72.657 36.2496 120
65000 907.509 -310329 -2214.36 165743 72.6596 72.6596 36.2509 120
65500 901.683 -310334 -2894.47 165763 72.6625 72.6625 36.2523 120
66000 895.477 -310335 338.668 165784 72.6655 72.6655 36.2539 120
66500 896.294 -310339 3108.56 165804 72.6685 72.6685 36.2553 120
67000 896.941 -310338 1831.16 165821 72.671 72.671 36.2566 120
67500 898.195 -310334 -1952.45 165836 72.6732 72.6732 36.2577 120
68000 900.374 -310331 -4095.14 165851 72.6753 72.6753 36.2587 120
68500 907.208 -310336 -2553.33 165862 72.6769 72.6769 36.2595 120
69000 893.767 -310302 930.908 165868 72.6779 72.6779 36.26 120
69500 912.158 -310334 2710.41 165873 72.6785 72.6785 36.2603 120
70000 912.096 -310333 2187.04 165875 72.6789 72.6789 36.2605 120
70500 892.529 -310299 -3123.23 165880 72.6796 72.6796 36.2609 120
71000 896.389 -310326 -3451.9 165882 72.68 72.68 36.2611 120
71500 891.931 -310335 -1318.66 165879 72.6795 72.6795 36.2608 120
72000 896.574 -310349 2507.54 165872 72.6784 72.6784 36.2603 120
72500 896.572 -310346 1249.34 165864 72.6773 72.6773 36.2597 120
73000 902.47 -310352 -531.905 165854 72.6759 72.6759 36.259 120
73500 894.108 -310327 -2239.34 165842 72.6741 72.6741 36.2581 120
74000 905.821 -310338 -2653.26 165828 72.672 72.672 36.2571 120
74500 897.437 -310314 -1337.34 165813 72.6698 72.6698 36.256 120
75000 906.206 -310330 1084.28 165794 72.6671 72.6671 36.2546 120
75500 894.39 -310306 3336.57 165774 72.6641 72.6641 36.2531 120
76000 903.822 -310328 894.01 165755 72.6614 72.6614 36.2518 120
76500 906.473 -310337 -399.06 165739 72.6589 72.6589 36.2506 120
77000 896.805 -310319 -1298.38 165725 72.6569 72.6569 36.2496 120
77500 901.505 -310331 -374.103 165715 72.6555 72.6555 36.2489 120
78000 904.503 -310338 1716.65 165709 72.6546 72.6546 36.2484 120
78500 893.536 -310317 3673.39 165705 72.654 72.654 36.2481 120
79000 898.972 -310329 1598.76 165707 72.6543 72.6543 36.2482 120
79500 890.901 -310311 -928.168 165712 72.655 72.655 36.2486 120
80000 902.849 -310333 326.369 165720 72.6562 72.6562 36.2492 120
80500 893.479 -310313 1239.89 165732 72.658 72.658 36.2501 120
81000 902.874 -310324 3813.67 165745 72.6599 72.6599 36.251 120
81500 905.422 -310317 2725.96 165761 72.6622 72.6622 36.2522 120
82000 907.436 -310313 -863.284 165780 72.665 72.665 36.2536 120
82500 906.276 -310312 -3318.55 165800 72.6679 72.6679 36.255 120
83000 905.3 -310318 -1907.79 165821 72.671 72.671 36.2566 120
83500 904.503 -310331 1384.4 165841 72.6739 72.6739 36.258 120
84000 893.644 -310321 2840.04 165860 72.6766 72.6766 36.2594 120
84500 888.936 -310317 546.941 165879 72.6794 72.6794 36.2608 120
85000 903.494 -310348 -1682.02 165893 72.6815 72.6815 36.2618 120
85500 898.71 -310338 -320.996 165904 72.6831 72.6831 36.2626 120
86000 898.24 -310335 -597.679 165914 72.6845 72.6845 36.2633 120
86500 908.433 -310351 -1371.85 165921 72.6856 72.6856 36.2638 120
87000 906.268 -310337 819.969 165924 72.6861 72.6861 36.2641 120
87500 907.412 -310322 530.369 165927 72.6865 72.6865 36.2643 120
88000 916.005 -310329 795.272 165929 72.6867 72.6867 36.2644 120
88500 920.236 -310337 -464.807 165929 72.6868 72.6868 36.2645 120
89000 901.32 -310307 915.173 165929 72.6868 72.6868 36.2644 120
89500 898.94 -310321 291.256 165932 72.6872 72.6872 36.2646 120
90000 904.478 -310341 -1131.17 165935 72.6876 72.6876 36.2649 120
90500 904.237 -310346 -3048.84 165937 72.6879 72.6879 36.265 120
91000 897.775 -310337 -168.549 165939 72.6882 72.6882 36.2651 120
91500 897.936 -310339 1664.05 165944 72.6889 72.6889 36.2655 120
92000 895.392 -310335 1843.46 165951 72.6899 72.6899 36.266 120
92500 896.64 -310337 -749.529 165960 72.6913 72.6913 36.2667 120
93000 898.412 -310338 -2507.05 165969 72.6926 72.6926 36.2674 120
93500 899.385 -310336 -2520.29 165979 72.6941 72.6941 36.2681 120
94000 896.422 -310322 1550.16 165987 72.6953 72.6953 36.2687 120
94500 910.07 -310345 486.35 165993 72.6962 72.6962 36.2691 120
95000 904.388 -310330 -215.701 165996 72.6965 72.6965 36.2693 120
95500 904.654 -310333 -1673.3 165996 72.6966 72.6966 36.2693 120
96000 901.647 -310338 -1334.3 165993 72.6961 72.6961 36.2691 120
96500 892.796 -310335 -1815.25 165987 72.6953 72.6953 36.2687 120
97000 891.719 -310343 -2478.53 165979 72.6941 72.6941 36.2681 120
97500 897.348 -310358 93.428 165965 72.6921 72.6921 36.2671 120
98000 902.825 -310368 1198.54 165950 72.6898 72.6898 36.266 120
98500 894.759 -310347 1974 165934 72.6875 72.6875 36.2648 120
99000 899.834 -310345 -2229.9 165918 72.6852 72.6852 36.2637 120
99500 891.969 -310316 -1932.04 165903 72.683 72.683 36.2626 120
100000 906.965 -310341 793.537 165891 72.6812 72.6812 36.2617 120
