# Time-averaged data for fix 2
# TimeStep c_thermo_temp c_thermo_pe c_thermo_press v_myVol v_myCella v_myCellb v_myCellc v_myCellgamma
0 220.541 -311942 -1525.45 163086 72.2692 72.2692 36.0561 120
100 214.477 -311955 -1079.29 163105 72.2721 72.2721 36.0576 120
200 219.304 -311954 -204.462 163060 72.2653 72.2653 36.0542 120
300 227.328 -311941 1034.89 163026 72.2604 72.2604 36.0517 120
400 231.376 -311931 1131.35 163039 72.2623 72.2623 36.0527 120
500 229.724 -311941 590.408 163096 72.2708 72.2708 36.0569 120
600 223.724 -311957 -18.8317 163171 72.2817 72.2817 36.0624 120
700 218.228 -311966 -378.327 163213 72.2879 72.2879 36.0655 120
800 220.23 -311967 -682.881 163218 72.2887 72.2887 36.0658 120
900 224.307 -311955 -401.202 163187 72.2842 72.2842 36.0636 120
1000 228.55 -311945 798.78 163148 72.2783 72.2783 36.0607 120
1100 232.115 -311953 405.299 163154 72.2793 72.2793 36.0611 120
1200 225.374 -311963 772.75 163166 72.2811 72.2811 36.062 120
1300 222.256 -311976 805.732 163200 72.286 72.286 36.0645 120
1400 219.241 -311974 -83.3308 163246 72.2929 72.2929 36.0679 120
1500 223.832 -311967 161.47 163283 72.2984 72.2984 36.0707 120
1600 228.578 -311958 546.921 163306 72.3016 72.3016 36.0723 120
1700 230.883 -311958 80.3006 163316 72.3032 72.3032 36.0731 120
1800 227.621 -311966 37.5457 163314 72.3029 72.3029 36.0729 120
1900 222.607 -311977 499.82 163289 72.2992 72.2992 36.0711 120
2000 217.959 -311976 -522.438 163281 72.298 72.298 36.0705 120
2100 221.719 -311974 -443.686 163276 72.2972 72.2972 36.0701 120
2200 227.373 -311966 309.067 163282 72.2982 72.2982 36.0706 120
2300 233.447 -311969 -235.203 163323 72.3042 72.3042 36.0736 120
2400 225.407 -311964 -17.0643 163360 72.3097 72.3097 36.0763 120
2500 223.604 -311977 -546.637 163388 72.3138 72.3138 36.0784 120
2600 219.218 -311979 178.422 163367 72.3108 72.3108 36.0769 120
2700 221.236 -311978 -796.201 163342 72.307 72.307 36.075 120
2800 224.146 -311968 259.073 163311 72.3024 72.3024 36.0727 120
2900 230.157 -311967 828.791 163304 72.3014 72.3014 36.0722 120
3000 229.045 -311969 -89.9585 163330 72.3052 72.3052 36.0741 120
3100 224.232 -311974 529.05 163351 72.3084 72.3084 36.0757 120
3200 222.1 -311983 302.837 163377 72.3122 72.3122 36.0776 120
3300 222.438 -311984 -134.396 163389 72.314 72.314 36.0785 120
3400 223.327 -311975 -886.238 163389 72.3139 72.3139 36.0784 120
3500 228.245 -311972 334.303 163360 72.3096 72.3096 36.0763 120
3600 228.743 -311970 -139.633 163358 72.3094 72.3094 36.0762 120
3700 225.41 -311974 198.357 163379 72.3125 72.3125 36.0777 120
3800 223.283 -311982 -344.888 163406 72.3164 72.3164 36.0797 120
3900 221.938 -311982 -710.731 163419 72.3183 72.3183 36.0806 120
4000 224.561 -311980 716.185 163392 72.3144 72.3144 36.0787 120
4100 226.394 -311972 281.687 163358 72.3093 72.3093 36.0761 120
4200 228.425 -311971 295.405 163347 72.3078 72.3078 36.0754 120
4300 226.803 -311974 77.9963 163364 72.3102 72.3102 36.0766 120
4400 224.526 -311982 642.455 163374 72.3117 72.3117 36.0773 120
4500 218.9 -311979 -526.858 163388 72.3138 72.3138 36.0784 120
4600 222.915 -311983 -567.676 163419 72.3184 72.3184 36.0807 120
4700 225.533 -311976 -834.354 163450 72.3229 72.3229 36.0829 120
4800 228.376 -311973 -209.244 163431 72.3202 72.3202 36.0815 120
4900 225.439 -311970 659.53 163392 72.3144 72.3144 36.0787 120
5000 226.092 -311982 345.818 163376 72.312 72.312 36.0775 120
5100 223.866 -311988 126.613 163393 72.3146 72.3146 36.0787 120
5200 220.93 -311982 87.1143 163407 72.3167 72.3167 36.0798 120
5300 224.535 -311980 957.45 163425 72.3193 72.3193 36.0811 120
5400 227.046 -311975 -360.708 163462 72.3247 72.3247 36.0838 120
5500 228.487 -311976 -964.714 163470 72.3259 72.3259 36.0844 120
5600 224.958 -311978 -136.428 163435 72.3207 72.3207 36.0818 120
5700 223.427 -311985 -327.033 163386 72.3136 72.3136 36.0783 120
5800 221.104 -311984 1064 163353 72.3086 72.3086 36.0758 120
5900 224.198 -311982 979.852 163367 72.3107 72.3107 36.0768 120
6000 224.021 -311973 -447.503 163419 72.3184 72.3184 36.0807 120
6100 227.403 -311975 -433.714 163466 72.3253 72.3253 36.0841 120
6200 226.976 -311979 -178.093 163488 72.3285 72.3285 36.0857 120
6300 224.247 -311984 -416.715 163480 72.3275 72.3275 36.0852 120
6400 221.29 -311984 439.624 163438 72.3213 72.3213 36.0821 120
6500 223.449 -311985 960.792 163400 72.3156 72.3156 36.0793 120
6600 225.366 -311979 -177.126 163392 72.3144 72.3144 36.0786 120
6700 225.293 -311973 -239.352 163413 72.3175 72.3175 36.0802 120
6800 228.326 -311980 -190.833 163448 72.3227 72.3227 36.0828 120
6900 223.487 -311979 699.181 163482 72.3277 72.3277 36.0853 120
7000 223.045 -311986 -1001.87 163513 72.3322 72.3322 36.0876 120
7100 221.04 -311982 -651.285 163487 72.3284 72.3284 36.0857 120
7200 224.756 -311982 266.543 163433 72.3205 72.3205 36.0817 120
7300 227.172 -311979 -241.604 163390 72.3141 72.3141 36.0785 120
7400 227.833 -311980 293.873 163377 72.3122 72.3122 36.0776 120
7500 227.312 -311985 838.932 163407 72.3166 72.3166 36.0798 120
7600 223.545 -311985 -255.228 163460 72.3244 72.3244 36.0837 120
7700 221.994 -311985 -154.004 163492 72.3291 72.3291 36.086 120
7800 224.956 -311985 -543.738 163506 72.3312 72.3312 36.087 120
7900 227.831 -311984 -663.294 163486 72.3283 72.3283 36.0856 120
8000 227.013 -311979 234.432 163436 72.3209 72.3209 36.0819 120
8100 226.185 -311982 1037.16 163394 72.3146 72.3146 36.0788 120
8200 224.334 -311985 231.141 163405 72.3163 72.3163 36.0796 120
8300 223.082 -311987 -341.934 163446 72.3224 72.3224 36.0827 120
8400 223.652 -311986 264.562 163483 72.3279 72.3279 36.0854 120
8500 226.891 -311984 312.826 163510 72.3318 72.3318 36.0874 120
8600 227.777 -311981 -482.398 163511 72.332 72.332 36.0874 120
8700 225.75 -311979 -510.211 163479 72.3273 72.3273 36.0851 120
8800 223.863 -311982 268.156 163446 72.3224 72.3224 36.0826 120
8900 224.746 -311990 824.625 163441 72.3216 72.3216 36.0822 120
9000 223.094 -311986 -162.846 163473 72.3263 72.3263 36.0846 120
9100 226.042 -311985 -132.875 163500 72.3303 72.3303 36.0866 120
9200 225.869 -311979 110.799 163518 72.3329 72.3329 36.0879 120
9300 226.343 -311981 772.736 163520 72.3333 72.3333 36.0881 120
9400 226.724 -311987 -458.194 163519 72.3332 72.3332 36.088 120
9500 224.227 -311988 265.488 163515 72.3326 72.3326 36.0877 120
9600 223.896 -311988 679.859 163505 72.331 72.331 36.087 120
9700 225.575 -311986 302.383 163483 72.3279 72.3279 36.0854 120
9800 224.988 -311980 819.624 163469 72.3258 72.3258 36.0843 120
9900 227.419 -311984 86.553 163491 72.329 72.329 36.0859 120
10000 226.219 -311987 414.771 163510 72.3318 72.3318 36.0874 120
10100 223.8 -311988 119.18 163525 72.334 72.334 36.0885 120
10200 221.931 -311987 -36.6551 163545 72.3369 72.3369 36.0899 120
10300 223.701 -311986 -396.672 163549 72.3376 72.3376 36.0902 120
10400 226.177 -311986 -915.726 163510 72.3318 72.3318 36.0874 120
10500 227.478 -311986 355.761 163469 72.3258 72.3258 36.0844 120
10600 226.309 -311986 276.406 163468 72.3256 72.3256 36.0843 120
10700 222.488 -311986 0.329518 163482 72.3277 72.3277 36.0853 120
10800 222.139 -311990 -307.382 163501 72.3304 72.3304 36.0867 120
10900 223.646 -311991 -100.063 163498 72.3301 72.3301 36.0865 120
11000 225.622 -311988 400.303 163499 72.3301 72.3301 36.0865 120
11100 225.003 -311981 554.042 163510 72.3318 72.3318 36.0873 120
11200 225.331 -311983 -601.828 163528 72.3345 72.3345 36.0887 120
11300 225.396 -311988 -754.349 163520 72.3332 72.3332 36.0881 120
11400 223.577 -311991 307.846 163495 72.3296 72.3296 36.0863 120
11500 224.009 -311994 -489.595 163500 72.3303 72.3303 36.0866 120
11600 224.711 -311991 124.196 163495 72.3296 72.3296 36.0862 120
11700 225.572 -311986 -179.514 163487 72.3284 72.3284 36.0856 120
11800 226.133 -311984 850.297 163481 72.3275 72.3275 36.0852 120
11900 224.835 -311984 -27.007 163498 72.33 72.33 36.0865 120
12000 225.548 -311992 502.854 163505 72.3311 72.3311 36.087 120
12100 224.884 -311995 280.452 163511 72.332 72.332 36.0874 120
12200 222.937 -311991 122.168 163506 72.3312 72.3312 36.087 120
12300 222.362 -311983 119.785 163502 72.3307 72.3307 36.0868 120
12400 227.712 -311989 -16.2425 163513 72.3322 72.3322 36.0875 120
12500 226.369 -311986 -1264.76 163541 72.3363 72.3363 36.0896 120
12600 225.004 -311989 -984.084 163542 72.3365 72.3365 36.0897 120
12700 220.896 -311986 -297.043 163505 72.3311 72.3311 36.087 120
12800 224.432 -311994 44.4992 163470 72.326 72.326 36.0844 120
12900 224.21 -311989 1111.93 163446 72.3223 72.3223 36.0826 120
13000 228.839 -311992 755.514 163466 72.3253 72.3253 36.0841 120
13100 226.956 -311987 184.5 163519 72.3331 72.3331 36.088 120
13200 226.17 -311990 -1178.68 163557 72.3387 72.3387 36.0908 120
13300 224.781 -311992 -20.2969 163561 72.3393 72.3393 36.0911 120
13400 222.459 -311990 -637.114 163544 72.3369 72.3369 36.0899 120
13500 225.037 -311991 736.957 163492 72.3291 72.3291 36.086 120
13600 225.464 -311987 1122.32 163456 72.3238 72.3238 36.0834 120
13700 225.27 -311984 500.899 163456 72.3239 72.3239 36.0834 120
13800 225.326 -311988 -258.164 163496 72.3298 72.3298 36.0863 120
13900 224.465 -311992 889.651 163540 72.3363 72.3363 36.0896 120
14000 224.764 -311995 -130.576 163578 72.3419 72.3419 36.0924 120
14100 222.692 -311988 -488.363 163578 72.3419 72.3419 36.0924 120
14200 225.789 -311989 -555.493 163545 72.337 72.337 36.0899 120
14300 227.269 -311988 330.745 163489 72.3287 72.3287 36.0858 120
14400 225.219 -311987 623.207 163457 72.324 72.324 36.0835 120
14500 225.584 -311994 646.969 163470 72.3259 72.3259 36.0844 120
14600 222.468 -311992 -760.724 163513 72.3323 72.3323 36.0876 120
14700 223.978 -311993 -425.775 163517 72.3328 72.3328 36.0879 120
14800 225.817 -311991 -76.3222 163509 72.3317 72.3317 36.0873 120
14900 225.989 -311986 146.1 163502 72.3306 72.3306 36.0867 120
15000 226.844 -311988 585.491 163499 72.3302 72.3302 36.0865 120
15100 224.15 -311989 200.069 163509 72.3317 72.3317 36.0873 120
15200 224.634 -311996 -182.292 163516 72.3327 72.3327 36.0878 120
15300 225.084 -311997 570.711 163526 72.3342 72.3342 36.0885 120
15400 227.356 -311995 -364.573 163542 72.3366 72.3366 36.0897 120
15500 226.943 -311989 -529.583 163543 72.3366 72.3366 36.0898 120
15600 223.991 -311982 29.1457 163523 72.3337 72.3337 36.0883 120
15700 225.131 -311989 286.675 163503 72.3308 72.3308 36.0868 120
15800 223.294 -311992 -38.4445 163475 72.3267 72.3267 36.0848 120
15900 221.314 -311990 426.575 163452 72.3232 72.3232 36.0831 120
16000 224.246 -311992 615.886 163457 72.324 72.324 36.0834 120
16100 226 -311988 1072.7 163469 72.3257 72.3257 36.0843 120
16200 225.619 -311984 52.1164 163501 72.3305 72.3305 36.0867 120
16300 225.171 -311987 -39.0459 163543 72.3367 72.3367 36.0898 120
16400 224.292 -311991 -508.201 163565 72.3399 72.3399 36.0914 120
16500 223.049 -311993 53.2164 163548 72.3375 72.3375 36.0902 120
16600 224.967 -311996 353.167 163515 72.3326 72.3326 36.0877 120
16700 225.145 -311990 120.566 163495 72.3297 72.3297 36.0863 120
16800 226.81 -311989 42.3232 163489 72.3288 72.3288 36.0858 120
16900 225.924 -311988 -65.7948 163497 72.3299 72.3299 36.0864 120
17000 222.984 -311988 301.8 163512 72.3322 72.3322 36.0875 120
17100 223.434 -311993 -362.544 163534 72.3353 72.3353 36.0891 120
17200 224.534 -311995 -878.328 163541 72.3364 72.3364 36.0896 120
17300 224.488 -311990 444.404 163520 72.3333 72.3333 36.0881 120
17400 227.867 -311992 -118.969 163497 72.3299 72.3299 36.0864 120
17500 226.594 -311990 123.004 163467 72.3254 72.3254 36.0842 120
17600 224.719 -311990 -458.907 163456 72.3238 72.3238 36.0834 120
17700 224.478 -311994 751.376 163470 72.3259 72.3259 36.0844 120
17800 224.349 -311995 -429.006 163505 72.3311 72.3311 36.087 120
17900 225.106 -311992 -266.78 163528 72.3344 72.3344 36.0887 120
18000 226.325 -311990 300.317 163537 72.3358 72.3358 36.0893 120
18100 226.025 -311989 -308.571 163549 72.3375 72.3375 36.0902 120
18200 225.762 -311991 -547.52 163532 72.3351 72.3351 36.089 120
18300 224.226 -311992 845.958 163486 72.3283 72.3283 36.0856 120
18400 223.462 -311994 -192.237 163479 72.3272 72.3272 36.0851 120
18500 226.398 -311997 142.557 163486 72.3283 72.3283 36.0856 120
18600 225.908 -311992 -811.408 163506 72.3312 72.3312 36.087 120
18700 224.125 -311984 -348.908 163531 72.3349 72.3349 36.0889 120
18800 227.551 -311993 -554.062 163558 72.3389 72.3389 36.0909 120
18900 225.551 -311994 -311.618 163540 72.3362 72.3362 36.0896 120
19000 225.019 -311996 85.4411 163508 72.3315 72.3315 36.0872 120
19100 222.742 -311991 328.52 163477 72.327 72.327 36.085 120
19200 225.184 -311991 586.168 163460 72.3244 72.3244 36.0837 120
19300 224.535 -311987 61.3592 163465 72.3252 72.3252 36.0841 120
19400 228.148 -311993 1017.44 163476 72.3268 72.3268 36.0848 120
19500 225.03 -311991 -502.422 163513 72.3323 72.3323 36.0876 120
19600 222.959 -311991 -233.65 163534 72.3353 72.3353 36.0891 120
19700 224.863 -311996 253.282 163538 72.3359 72.3359 36.0894 120
19800 224.826 -311993 -27.2974 163529 72.3346 72.3346 36.0888 120
19900 223.946 -311986 -272.448 163518 72.3329 72.3329 36.0879 120
20000 224.504 -311985 672.371 163496 72.3298 72.3298 36.0863 120
20100 227.38 -311993 325.63 163481 72.3276 72.3276 36.0852 120
20200 226.157 -311996 70.1331 163469 72.3257 72.3257 36.0843 120
20300 222.739 -311993 -199.293 163480 72.3274 72.3274 36.0852 120
20400 224.672 -311995 -534.377 163509 72.3316 72.3316 36.0872 120
20500 225.469 -311991 -547.879 163532 72.335 72.335 36.089 120
20600 225.259 -311987 -233.081 163533 72.3352 72.3352 36.0891 120
20700 226.541 -311990 -425.531 163518 72.3329 72.3329 36.0879 120
20800 225.469 -311993 114.066 163489 72.3287 72.3287 36.0858 120
20900 223.005 -311993 256.292 163458 72.3241 72.3241 36.0835 120
21000 224.195 -311995 259.627 163457 72.324 72.324 36.0835 120
21100 225.685 -311993 -235.244 163491 72.329 72.329 36.086 120
21200 227.459 -311992 421.936 163534 72.3354 72.3354 36.0892 120
21300 224.645 -311985 -1449.35 163563 72.3397 72.3397 36.0913 120
21400 225.603 -311991 258.257 163549 72.3375 72.3375 36.0902 120
21500 225.445 -311996 175.053 163531 72.3349 72.3349 36.0889 120
21600 223.395 -311994 701.342 163517 72.3329 72.3329 36.0879 120
21700 223.795 -311992 -264.184 163525 72.334 72.334 36.0884 120
21800 227.149 -311993 213.775 163536 72.3357 72.3357 36.0893 120
21900 225.241 -311986 77.0044 163550 72.3377 72.3377 36.0903 120
22000 225.548 -311989 508.917 163545 72.337 72.337 36.09 120
22100 223.692 -311992 -231.724 163542 72.3365 72.3365 36.0897 120
22200 224.467 -311996 260.351 163521 72.3335 72.3335 36.0882 120
22300 222.699 -311992 1040.8 163475 72.3266 72.3266 36.0848 120
22400 225.585 -311992 393.974 163460 72.3245 72.3245 36.0837 120
22500 224.972 -311988 556.896 163493 72.3294 72.3294 36.0861 120
22600 225.007 -311989 -1210.32 163554 72.3383 72.3383 36.0906 120
22700 223.61 -311989 -328.001 163572 72.341 72.341 36.0919 120
22800 223.55 -311993 0.73053 163564 72.3398 72.3398 36.0913 120
22900 224.084 -311995 517.114 163543 72.3366 72.3366 36.0897 120
23000 223.728 -311990 -331.207 163527 72.3344 72.3344 36.0886 120
23100 227.241 -311994 527.112 163503 72.3308 72.3308 36.0868 120
23200 227.53 -311992 -57.3427 163497 72.3299 72.3299 36.0864 120
23300 227.414 -311995 428.227 163510 72.3318 72.3318 36.0874 120
23400 223.009 -311992 -413.047 163537 72.3357 72.3357 36.0893 120
23500 221.851 -311991 -36.8085 163546 72.3372 72.3372 36.09 120
23600 223.824 -311992 -497.45 163554 72.3383 72.3383 36.0906 120
23700 228.014 -311996 -139.365 163549 72.3376 72.3376 36.0902 120
23800 227.152 -311991 -331.639 163540 72.3362 72.3362 36.0896 120
23900 225.917 -311991 198.356 163509 72.3316 72.3316 36.0873 120
24000 225.012 -311994 31.9242 163485 72.3281 72.3281 36.0855 120
24100 224.517 -311996 4.49314 163478 72.3272 72.3272 36.085 120
24200 224.624 -311996 854.653 163478 72.3271 72.3271 36.085 120
24300 224.775 -311991 -78.4966 163508 72.3315 72.3315 36.0872 120
24400 223.99 -311986 426.821 163546 72.3372 72.3372 36.09 120
24500 226.786 -311992 -1059.97 163585 72.3429 72.3429 36.0929 120
24600 225.356 -311992 -471.152 163587 72.3431 72.3431 36.093 120
24700 223.603 -311994 655.376 163546 72.3371 72.3371 36.09 120
24800 223.56 -311995 671.49 163495 72.3295 72.3295 36.0862 120
24900 223.007 -311990 960.248 163466 72.3254 72.3254 36.0841 120
25000 226.886 -311994 507.872 163474 72.3265 72.3265 36.0847 120
25100 224.879 -311989 -1452.13 163509 72.3316 72.3316 36.0872 120
25200 228.611 -311998 -654.83 163541 72.3364 72.3364 36.0896 120
25300 225.428 -311995 -664.616 163559 72.3391 72.3391 36.091 120
25400 224.394 -311995 -14.9869 163549 72.3375 72.3375 36.0902 120
25500 223.989 -311993 328.71 163520 72.3333 72.3333 36.0881 120
25600 223.291 -311988 397.474 163499 72.3302 72.3302 36.0865 120
25700 227.048 -311993 494.229 163508 72.3315 72.3315 36.0872 120
25800 226.454 -311993 -261.478 163529 72.3346 72.3346 36.0887 120
25900 224.925 -311994 244.265 163533 72.3351 72.3351 36.089 120
26000 224.291 -311997 32.6465 163546 72.3371 72.3371 36.09 120
26100 223.481 -311995 -318.604 163550 72.3376 72.3376 36.0903 120
26200 225.487 -311995 371.75 163542 72.3365 72.3365 36.0897 120
26300 226.811 -311995 400.077 163547 72.3373 72.3373 36.0901 120
26400 225.162 -311990 -585.218 163575 72.3414 72.3414 36.0921 120
26500 225.946 -311995 40.917 163606 72.346 72.346 36.0944 120
26600 222.072 -311991 -581.663 163621 72.3482 72.3482 36.0955 120
26700 225.181 -311998 -630.802 163593 72.344 72.344 36.0934 120
26800 225.61 -311996 -39.7715 163535 72.3355 72.3355 36.0892 120
26900 226.753 -311994 529.313 163486 72.3283 72.3283 36.0856 120
27000 226.518 -311994 563.736 163484 72.328 72.328 36.0854 120
27100 224.993 -311993 131.595 163522 72.3336 72.3336 36.0883 120
27200 223.918 -311995 -154.281 163562 72.3394 72.3394 36.0912 120
27300 223.801 -311995 234.116 163594 72.3442 72.3442 36.0935 120
27400 223.907 -311994 -740.761 163605 72.3459 72.3459 36.0944 120
27500 226.064 -311995 280.123 163574 72.3413 72.3413 36.0921 120
27600 228.002 -311997 -139.653 163542 72.3365 72.3365 36.0897 120
27700 225.913 -311994 1419.06 163509 72.3316 72.3316 36.0873 120
27800 224.477 -311994 -7.45284 163519 72.3331 72.3331 36.088 120
27900 223.807 -311996 -1113.05 163559 72.3391 72.3391 36.091 120
28000 222.033 -311992 -386.804 163576 72.3415 72.3415 36.0922 120
28100 225.027 -311994 319.532 163569 72.3405 72.3405 36.0917 120
28200 225.363 -311992 133.168 163566 72.3401 72.3401 36.0915 120
28300 226.202 -311993 -191.45 163567 72.3403 72.3403 36.0916 120
28400 225.785 -311995 211.527 163561 72.3393 72.3393 36.0911 120
28500 225.568 -311998 4.20653 163558 72.3389 72.3389 36.0909 120
28600 225.327 -311998 -480.637 163551 72.3379 72.3379 36.0904 120
28700 224.539 -311995 222.314 163529 72.3346 72.3346 36.0887 120
28800 224.77 -311993 377.772 163524 72.3339 72.3339 36.0884 120
28900 225.189 -311991 780.148 163534 72.3353 72.3353 36.0891 120
29000 225.1 -311993 -48.8355 163565 72.34 72.34 36.0914 120
29100 224.422 -311994 -586.011 163608 72.3463 72.3463 36.0946 120
29200 225.242 -311998 -826.657 163629 72.3494 72.3494 36.0961 120
29300 225.99 -311998 -222.726 163610 72.3466 72.3466 36.0947 120
29400 224.672 -311992 -126.554 163562 72.3395 72.3395 36.0912 120
29500 226.031 -311993 167.532 163515 72.3326 72.3326 36.0877 120
29600 225.886 -311993 813.643 163488 72.3286 72.3286 36.0857 120
29700 227.012 -311999 718.311 163501 72.3305 72.3305 36.0867 120
29800 226.732 -312001 560.07 163559 72.339 72.339 36.0909 120
29900 223.592 -311994 -0.811265 163623 72.3485 72.3485 36.0957 120
30000 222.851 -311990 -1306.63 163666 72.3548 72.3548 36.0988 120
30100 225.323 -311991 -804.405 163647 72.352 72.352 36.0974 120
30200 227.443 -311995 -429.954 163590 72.3436 72.3436 36.0932 120
30300 224.706 -311993 622.887 163516 72.3326 72.3326 36.0878 120
30400 224.25 -311995 668.228 163474 72.3266 72.3266 36.0847 120
30500 224.07 -311998 822.449 163475 72.3267 72.3267 36.0848 120
30600 224.273 -311996 268.786 163532 72.3351 72.3351 36.089 120
30700 226.792 -311997 -1028.25 163612 72.3469 72.3469 36.0949 120
30800 226.312 -311994 -1160.36 163658 72.3536 72.3536 36.0982 120
30900 225.92 -311993 -608.169 163637 72.3506 72.3506 36.0967 120
31000 223.975 -311993 436.022 163564 72.3398 72.3398 36.0913 120
31100 224.052 -311998 541.724 163479 72.3272 72.3272 36.0851 120
31200 222.805 -311995 1965.62 163420 72.3186 72.3186 36.0807 120
31300 224.186 -311995 493.034 163454 72.3235 72.3235 36.0832 120
31400 225.761 -311995 416.112 163517 72.3329 72.3329 36.0879 120
31500 224.381 -311990 -45.7448 163597 72.3447 72.3447 36.0938 120
31600 225.121 -311994 -834.068 163653 72.3529 72.3529 36.0979 120
31700 225.233 -311997 -1687.37 163655 72.3532 72.3532 36.098 120
31800 225.016 -311999 -454.222 163582 72.3424 72.3424 36.0926 120
31900 222.982 -311994 161.504 163502 72.3306 72.3306 36.0867 120
32000 224.865 -311994 280.234 163450 72.323 72.323 36.0829 120
32100 225.034 -311992 1322.63 163450 72.323 72.323 36.083 120
32200 226.102 -311995 501.313 163511 72.332 72.332 36.0874 120
32300 226.18 -311997 -71.7024 163585 72.3429 72.3429 36.0929 120
32400 225.072 -311998 -1052.72 163647 72.352 72.352 36.0974 120
32500 221.879 -311992 -568.575 163653 72.3529 72.3529 36.0979 120
32600 224.934 -311995 -783.194 163605 72.3458 72.3458 36.0943 120
32700 226.486 -311994 70.4324 163518 72.333 72.333 36.0879 120
32800 225.43 -311992 1578.4 163439 72.3214 72.3214 36.0821 120
32900 225.464 -311996 1732.19 163426 72.3195 72.3195 36.0812 120
33000 222.599 -311995 728.211 163486 72.3283 72.3283 36.0856 120
33100 222.887 -311996 -33.0282 163584 72.3428 72.3428 36.0928 120
33200 224.259 -311995 -1737.68 163659 72.3537 72.3537 36.0983 120
33300 225.876 -311993 -864.378 163673 72.3559 72.3559 36.0994 120
33400 226.677 -311993 -92.5176 163644 72.3516 72.3516 36.0972 120
33500 225.513 -311995 506.348 163581 72.3423 72.3423 36.0926 120
33600 224.53 -312000 90.3611 163520 72.3332 72.3332 36.0881 120
33700 222.855 -311997 598.224 163487 72.3284 72.3284 36.0856 120
33800 223.944 -311995 289.178 163507 72.3314 72.3314 36.0872 120
33900 225.787 -311996 -230.901 163563 72.3397 72.3397 36.0913 120
34000 225.543 -311996 -224.173 163627 72.3491 72.3491 36.096 120
34100 224.067 -311993 -804.344 163649 72.3523 72.3523 36.0976 120
34200 225.487 -311997 -237.719 163627 72.3491 72.3491 36.096 120
34300 224.749 -311998 601.831 163593 72.344 72.344 36.0934 120
34400 224.041 -311999 -415.578 163557 72.3387 72.3387 36.0908 120
34500 224.841 -311997 621.566 163509 72.3317 72.3317 36.0873 120
34600 226.336 -311995 457.063 163493 72.3293 72.3293 36.0861 120
34700 224.999 -311992 626.486 163534 72.3354 72.3354 36.0891 120
34800 226.041 -311998 203.331 163600 72.3451 72.3451 36.094 120
34900 224.034 -311998 -811.691 163648 72.3521 72.3521 36.0975 120
35000 224.871 -312003 531.121 163644 72.3516 72.3516 36.0972 120
35100 220.599 -311999 -263.99 163628 72.3492 72.3492 36.096 120
35200 222.968 -311998 -781.719 163592 72.3439 72.3439 36.0934 120
35300 225.661 -311997 333.197 163531 72.3348 72.3348 36.0889 120
35400 223.748 -311992 1400.88 163496 72.3298 72.3298 36.0863 120
35500 225.881 -311994 389.61 163523 72.3337 72.3337 36.0883 120
35600 225.349 -311997 -78.3864 163576 72.3416 72.3416 36.0922 120
35700 225.738 -312003 -512.214 163615 72.3473 72.3473 36.0951 120
35800 223.767 -311999 -1416.99 163634 72.3501 72.3501 36.0965 120
35900 226.172 -311995 -401.651 163610 72.3466 72.3466 36.0947 120
36000 227.57 -311997 -188.738 163578 72.3418 72.3418 36.0923 120
36100 227.133 -311998 228.443 163546 72.3371 72.3371 36.09 120
36200 223.921 -311997 0.0530061 163529 72.3346 72.3346 36.0887 120
36300 224.014 -311998 274.66 163531 72.3349 72.3349 36.0889 120
36400 225.422 -311997 365.126 163557 72.3388 72.3388 36.0908 120
36500 226.518 -311992 -471.148 163593 72.344 72.344 36.0935 120
36600 227.375 -311995 -810.601 163603 72.3456 72.3456 36.0942 120
36700 224.557 -311994 -133.112 163589 72.3435 72.3435 36.0932 120
36800 224.774 -311997 -211.574 163592 72.3438 72.3438 36.0933 120
36900 224.153 -311995 -653.722 163588 72.3434 72.3434 36.0931 120
37000 226.118 -311998 -67.1545 163557 72.3387 72.3387 36.0908 120
37100 225.594 -311997 887.04 163533 72.3351 72.3351 36.089 120
37200 224.64 -311994 143.656 163535 72.3355 72.3355 36.0892 120
37300 225.372 -311995 147.541 163542 72.3365 72.3365 36.0897 120
37400 226.452 -311999 234.734 163563 72.3396 72.3396 36.0912 120
37500 222.772 -311994 -490.794 163585 72.3429 72.3429 36.0929 120
37600 224.375 -311996 -523.614 163607 72.3461 72.3461 36.0945 120
37700 226.255 -311995 -397.753 163610 72.3465 72.3465 36.0947 120
37800 227.672 -311995 86.8613 163585 72.3428 72.3428 36.0928 120
37900 225.05 -311992 766.056 163549 72.3375 72.3375 36.0902 120
38000 226.051 -312002 299.165 163539 72.3361 72.3361 36.0895 120
38100 223.32 -311998 -363.525 163565 72.34 72.34 36.0914 120
38200 225.969 -311998 400.791 163586 72.3431 72.3431 36.093 120
38300 225.151 -311993 187.262 163604 72.3456 72.3456 36.0942 120
38400 226.372 -311996 -1400.7 163626 72.3488 72.3488 36.0959 120
38500 225.499 -312003 413.422 163607 72.3462 72.3462 36.0945 120
38600 223.821 -312002 87.7899 163582 72.3424 72.3424 36.0926 120
38700 224.455 -311998 641.337 163547 72.3373 72.3373 36.0901 120
38800 225.118 -311996 -309.715 163529 72.3346 72.3346 36.0887 120
38900 226.231 -311997 -71.9703 163521 72.3334 72.3334 36.0882 120
39000 224.668 -311995 -116.167 163541 72.3364 72.3364 36.0897 120
39100 223.439 -312000 826.644 163569 72.3404 72.3404 36.0917 120
39200 221.463 -311999 -434.134 163598 72.3448 72.3448 36.0938 120
39300 221.985 -311995 -383.722 163601 72.3452 72.3452 36.094 120
39400 225.433 -311998 -371.334 163591 72.3438 72.3438 36.0933 120
39500 226.814 -311999 -96.4161 163582 72.3424 72.3424 36.0927 120
39600 224.434 -311993 -163.471 163565 72.3399 72.3399 36.0914 120
39700 224.698 -311996 -403.317 163560 72.3392 72.3392 36.0911 120
39800 223.75 -312000 -49.2477 163569 72.3406 72.3406 36.0917 120
39900 224.769 -312002 287.718 163579 72.3419 72.3419 36.0924 120
40000 225.326 -311998 -232.323 163584 72.3427 72.3427 36.0928 120
40100 226.729 -311996 152.563 163578 72.3419 72.3419 36.0924 120
40200 225.008 -311994 323.452 163576 72.3416 72.3416 36.0922 120
40300 224.523 -311997 -348.028 163586 72.3431 72.3431 36.093 120
40400 226.404 -312002 -381.818 163596 72.3444 72.3444 36.0936 120
40500 224.239 -311997 -622.695 163577 72.3416 72.3416 36.0923 120
40600 224.943 -311997 810.376 163540 72.3362 72.3362 36.0895 120
40700 225.421 -311997 1097.85 163539 72.336 72.336 36.0894 120
40800 222.457 -311992 -67.673 163573 72.3411 72.3411 36.092 120
40900 222.768 -311993 68.028 163613 72.347 72.347 36.0949 120
41000 225.367 -312000 48.6733 163631 72.3497 72.3497 36.0963 120
41100 226.209 -312004 -812.961 163635 72.3503 72.3503 36.0966 120
41200 223.271 -311997 -562.371 163617 72.3475 72.3475 36.0952 120
41300 224.959 -311995 -577.368 163585 72.3428 72.3428 36.0928 120
41400 226.29 -311995 -7.15731 163549 72.3376 72.3376 36.0902 120
41500 224.656 -311995 142.003 163515 72.3325 72.3325 36.0877 120
41600 224.658 -312000 569.308 163509 72.3317 72.3317 36.0873 120
41700 224.319 -312001 145.766 163544 72.3369 72.3369 36.0899 120
41800 224.225 -311997 -234.706 163588 72.3433 72.3433 36.0931 120
41900 224.974 -311995 -780.179 163629 72.3493 72.3493 36.0961 120
42000 226.19 -311995 -505.496 163643 72.3515 72.3515 36.0972 120
42100 226.918 -311999 -78.892 163617 72.3477 72.3477 36.0953 120
42200 223.47 -312000 447.26 163562 72.3394 72.3394 36.0911 120
42300 221.732 -311997 397.92 163515 72.3325 72.3325 36.0877 120
42400 227.893 -312004 629.778 163497 72.3298 72.3298 36.0864 120
42500 225.249 -311996 580.939 163506 72.3313 72.3313 36.0871 120
42600 225.444 -311996 135.165 163561 72.3393 72.3393 36.0911 120
42700 225.168 -311997 -333.121 163628 72.3492 72.3492 36.096 120
42800 223.131 -311994 -1010.49 163659 72.3537 72.3537 36.0983 120
42900 224.284 -311997 -539.584 163631 72.3497 72.3497 36.0963 120
43000 225.345 -312002 6.51384 163580 72.3422 72.3422 36.0925 120
43100 223.629 -312000 -184.663 163515 72.3325 72.3325 36.0877 120
43200 224.575 -311997 1256.6 163474 72.3266 72.3266 36.0847 120
43300 227.549 -311998 913.882 163505 72.3311 72.3311 36.087 120
43400 227.185 -311999 -250.452 163577 72.3417 72.3417 36.0923 120
43500 223.209 -311997 -1014.86 163653 72.3529 72.3529 36.0979 120
43600 222.75 -311999 -1016.77 163674 72.356 72.356 36.0994 120
43700 221.329 -311994 218.322 163623 72.3485 72.3485 36.0957 120
43800 223.829 -311995 333.033 163556 72.3386 72.3386 36.0907 120
43900 224.808 -311995 543.161 163517 72.3328 72.3328 36.0879 120
44000 226.154 -311999 599.356 163504 72.3309 72.3309 36.0869 120
44100 222.976 -311999 379.87 163535 72.3355 72.3355 36.0892 120
44200 223.406 -312003 -312.385 163588 72.3433 72.3433 36.0931 120
44300 222.274 -311995 -210.418 163640 72.3509 72.3509 36.0969 120
44400 225.01 -311996 -959.854 163667 72.3549 72.3549 36.0989 120
44500 224.331 -311994 -128.586 163651 72.3527 72.3527 36.0978 120
44600 223.908 -311994 -1232.15 163604 72.3457 72.3457 36.0943 120
44700 224.374 -311999 1362.63 163526 72.3342 72.3342 36.0885 120
44800 222.861 -312002 308.495 163488 72.3286 72.3286 36.0857 120
44900 224.239 -312002 758.648 163491 72.329 72.329 36.086 120
45000 226.191 -311999 910.434 163547 72.3372 72.3372 36.09 120
45100 227.344 -312000 -122.81 163642 72.3513 72.3513 36.0971 120
45200 225.934 -311998 -951.807 163699 72.3596 72.3596 36.1012 120
45300 224.725 -311998 -620.381 163675 72.3562 72.3562 36.0995 120
45400 222.44 -311999 -78.716 163604 72.3456 72.3456 36.0942 120
45500 222.714 -312001 316.221 163544 72.3369 72.3369 36.0899 120
45600 226.312 -312000 648.185 163517 72.3328 72.3328 36.0878 120
45700 227.05 -311999 -272.817 163531 72.3349 72.3349 36.0889 120
45800 225.076 -311995 222.235 163573 72.3411 72.3411 36.092 120
45900 224.877 -311999 -694.982 163637 72.3505 72.3505 36.0967 120
46000 223.483 -312000 -16.6627 163664 72.3545 72.3545 36.0987 120
46100 222.82 -311996 -541.163 163649 72.3523 72.3523 36.0976 120
46200 227.581 -311996 -394.963 163589 72.3434 72.3434 36.0931 120
46300 226.176 -311995 276.315 163515 72.3325 72.3325 36.0877 120
46400 225.849 -312000 1532.67 163481 72.3275 72.3275 36.0852 120
46500 222.437 -311996 478.894 163523 72.3337 72.3337 36.0883 120
46600 224.52 -311999 -1093.6 163586 72.343 72.343 36.0929 120
46700 226.451 -311997 258.166 163634 72.3502 72.3502 36.0965 120
46800 225.065 -311988 -699.918 163667 72.3549 72.3549 36.0989 120
46900 227.238 -311996 -615.853 163652 72.3528 72.3528 36.0978 120
47000 224.419 -311995 328.554 163591 72.3438 72.3438 36.0933 120
47100 225.507 -312001 113.877 163546 72.337 72.337 36.09 120
47200 225.175 -312001 409.877 163515 72.3326 72.3326 36.0877 120
47300 226.381 -311999 413.479 163535 72.3355 72.3355 36.0892 120
47400 226.923 -311994 164.366 163576 72.3415 72.3415 36.0922 120
47500 227.208 -311996 -239.079 163610 72.3465 72.3465 36.0947 120
47600 223.593 -311993 -650.569 163628 72.3491 72.3491 36.096 120
47700 223.987 -311995 -46.2236 163612 72.3469 72.3469 36.0949 120
47800 222.415 -311993 -448.138 163586 72.343 72.343 36.0929 120
47900 226.454 -312001 421.51 163535 72.3354 72.3354 36.0892 120
48000 225.475 -311998 814.35 163512 72.332 72.332 36.0875 120
48100 224.336 -311992 283.436 163524 72.3339 72.3339 36.0884 120
48200 224.942 -311993 -432.549 163562 72.3395 72.3395 36.0912 120
48300 223.708 -311995 155.905 163598 72.3448 72.3448 36.0938 120
48400 223.131 -311998 -327.494 163628 72.3492 72.3492 36.096 120
48500 223.875 -311998 -1038.42 163635 72.3502 72.3502 36.0965 120
48600 226.352 -311999 703.511 163603 72.3455 72.3455 36.0942 120
48700 227.002 -311995 -267.238 163577 72.3416 72.3416 36.0922 120
48800 229.478 -311994 -141.671 163557 72.3387 72.3387 36.0908 120
48900 228.228 -311997 928.509 163540 72.3362 72.3362 36.0896 120
49000 225.624 -311996 367.239 163548 72.3374 72.3374 36.0902 120
49100 225.526 -312000 -240.567 163572 72.3409 72.3409 36.0919 120
49200 223.673 -311999 441.909 163598 72.3447 72.3447 36.0938 120
49300 225.142 -312000 -1024.63 163611 72.3467 72.3467 36.0948 120
49400 225.675 -311993 -60.1692 163595 72.3443 72.3443 36.0936 120
49500 225.644 -311992 -356.338 163574 72.3413 72.3413 36.0921 120
49600 226.595 -311998 128.798 163555 72.3385 72.3385 36.0907 120
49700 225.107 -311999 -78.7955 163565 72.3399 72.3399 36.0914 120
49800 225.792 -312000 -159.376 163575 72.3414 72.3414 36.0922 120
49900 224.093 -311997 17.241 163576 72.3415 72.3415 36.0922 120
50000 224.673 -311994 514.091 163589 72.3435 72.3435 36.0932 120
50100 226.916 -311994 551.198 163610 72.3466 72.3466 36.0947 120
50200 226.707 -311996 -85.2066 163623 72.3484 72.3484 36.0956 120
50300 225.663 -312000 -345.232 163603 72.3455 72.3455 36.0942 120
50400 224.091 -311998 -72.95 163560 72.3392 72.3392 36.091 120
50500 223.637 -311997 499.922 163533 72.3352 72.3352 36.089 120
50600 225.213 -311996 90.1928 163553 72.3381 72.3381 36.0905 120
50700 224.763 -311990 42.0655 163575 72.3414 72.3414 36.0921 120
50800 225.865 -311992 -166.05 163599 72.3449 72.3449 36.0939 120
50900 226.46 -312002 -580.634 163631 72.3496 72.3496 36.0962 120
51000 224.51 -312000 -1086.23 163636 72.3505 72.3505 36.0967 120
51100 224.047 -311998 -105.523 163609 72.3464 72.3464 36.0946 120
51200 226.481 -311999 64.9539 163586 72.3431 72.3431 36.093 120
51300 226.467 -311996 -34.9638 163562 72.3395 72.3395 36.0912 120
51400 226.182 -311997 1045.72 163527 72.3342 72.3342 36.0886 120
51500 224.68 -312002 1369 163531 72.3349 72.3349 36.0889 120
51600 223.847 -312002 95.5589 163578 72.3418 72.3418 36.0923 120
51700 224.448 -311999 -395.958 163624 72.3487 72.3487 36.0958 120
51800 224.82 -311995 -990.152 163657 72.3534 72.3534 36.0981 120
51900 224.344 -311993 -134.449 163634 72.3501 72.3501 36.0965 120
52000 226.057 -311999 48.1893 163597 72.3446 72.3446 36.0937 120
52100 225.317 -311999 0.594592 163573 72.3411 72.3411 36.092 120
52200 222.277 -311994 -498.599 163581 72.3423 72.3423 36.0926 120
52300 225.843 -312001 -330.136 163592 72.3439 72.3439 36.0934 120
52400 224.77 -311997 223.163 163586 72.3431 72.3431 36.093 120
52500 225.355 -311994 1027.85 163576 72.3416 72.3416 36.0922 120
52600 224.781 -311993 51.5956 163588 72.3434 72.3434 36.0931 120
52700 225.39 -312001 -1329.53 163611 72.3466 72.3466 36.0947 120
52800 222.891 -311998 -354.799 163606 72.3459 72.3459 36.0944 120
52900 223.574 -311998 -443.529 163606 72.346 72.346 36.0944 120
53000 223.993 -311996 -6.85413 163598 72.3448 72.3448 36.0938 120
53100 226.73 -311994 -332.665 163598 72.3447 72.3447 36.0938 120
53200 225.715 -311988 315.853 163590 72.3436 72.3436 36.0932 120
53300 226.196 -311993 442.715 163580 72.3421 72.3421 36.0925 120
53400 225.63 -311997 61.3254 163586 72.3431 72.3431 36.093 120
53500 224.661 -312000 178.242 163600 72.3451 72.3451 36.094 120
53600 222.709 -311998 -638.014 163611 72.3468 72.3468 36.0948 120
53700 224.996 -312000 404.609 163591 72.3438 72.3438 36.0933 120
53800 226.916 -311997 252.987 163571 72.3407 72.3407 36.0918 120
53900 227.304 -311997 -384.778 163572 72.3409 72.3409 36.0919 120
54000 225.502 -311998 296.092 163566 72.3401 72.3401 36.0915 120
54100 224.418 -311999 428.494 163580 72.3421 72.3421 36.0925 120
54200 225.499 -312001 -569.143 163583 72.3425 72.3425 36.0927 120
54300 225.037 -312000 -732.057 163577 72.3416 72.3416 36.0923 120
54400 223.878 -311996 -356.981 163562 72.3394 72.3394 36.0912 120
54500 226.999 -311997 -661.245 163544 72.3369 72.3369 36.0899 120
54600 227.394 -311997 796.602 163543 72.3366 72.3366 36.0898 120
54700 223.858 -311997 947.719 163572 72.3409 72.3409 36.0919 120
54800 224.409 -312001 -429.355 163616 72.3474 72.3474 36.0951 120
54900 225.732 -312002 23.6128 163632 72.3497 72.3497 36.0963 120
55000 226.281 -312000 216.567 163621 72.3482 72.3482 36.0955 120
55100 228.369 -311999 -112.204 163601 72.3453 72.3453 36.0941 120
55200 226.658 -311994 295.946 163578 72.3419 72.3419 36.0924 120
55300 227.459 -312004 162.607 163562 72.3394 72.3394 36.0911 120
55400 225.264 -312002 1003.8 163554 72.3383 72.3383 36.0906 120
55500 224.967 -312001 -224.09 163579 72.342 72.342 36.0924 120
55600 226.239 -312001 -342.571 163609 72.3465 72.3465 36.0947 120
55700 227.95 -312000 -1577.29 163645 72.3517 72.3517 36.0973 120
55800 227.044 -311996 -307.843 163632 72.3498 72.3498 36.0963 120
55900 226.682 -312003 -307.795 163596 72.3444 72.3444 36.0937 120
56000 224.225 -312003 108.056 163561 72.3394 72.3394 36.0911 120
56100 225.289 -312003 1396.88 163534 72.3353 72.3353 36.0891 120
56200 225.359 -312000 -157.757 163539 72.3361 72.3361 36.0895 120
56300 226.03 -311997 -325.425 163557 72.3387 72.3387 36.0908 120
56400 225.471 -311998 313.192 163592 72.344 72.344 36.0934 120
56500 223.358 -312002 480.009 163640 72.351 72.351 36.0969 120
56600 223.574 -312002 -487.401 163665 72.3546 72.3547 36.0987 120
56700 225.149 -311999 -989.972 163658 72.3536 72.3536 36.0982 120
56800 226.125 -311998 -123.967 163624 72.3486 72.3486 36.0957 120
56900 225.55 -311998 -177.649 163586 72.343 72.343 36.0929 120
57000 224.045 -312004 60.1469 163547 72.3373 72.3373 36.0901 120
57100 223.105 -312005 324.788 163512 72.3321 72.3321 36.0875 120
57200 223.153 -312001 787.586 163513 72.3322 72.3322 36.0876 120
57300 225.995 -312002 296.206 163573 72.3411 72.3411 36.092 120
57400 226.426 -311999 -499.765 163651 72.3526 72.3526 36.0977 120
57500 225.513 -311999 -1203.47 163690 72.3584 72.3584 36.1006 120
57600 222.454 -312000 -23.8366 163644 72.3516 72.3516 36.0972 120
57700 223.674 -312007 264.703 163569 72.3405 72.3405 36.0917 120
57800 224.219 -312005 723.771 163503 72.3307 72.3307 36.0868 120
57900 223.953 -312000 895.771 163503 72.3307 72.3307 36.0868 120
58000 227.341 -312004 110.174 163559 72.339 72.339 36.0909 120
58100 226.612 -312002 -309.534 163622 72.3483 72.3483 36.0956 120
58200 224.405 -311999 -1340.99 163672 72.3556 72.3556 36.0992 120
58300 222.694 -312002 -311.464 163664 72.3545 72.3545 36.0987 120
58400 222.525 -312003 -1166.9 163617 72.3475 72.3475 36.0952 120
58500 222.746 -311997 1218.12 163535 72.3356 72.3356 36.0892 120
58600 224.824 -311998 539.558 163500 72.3303 72.3303 36.0866 120
58700 224.44 -311999 -4.7511 163535 72.3354 72.3354 36.0892 120
58800 224.002 -312000 12.9748 163590 72.3437 72.3437 36.0933 120
58900 222.466 -312002 49.1634 163630 72.3495 72.3495 36.0962 120
59000 223.646 -312007 -778.483 163644 72.3516 72.3516 36.0972 120
59100 224.955 -312003 -442.064 163627 72.3491 72.3491 36.096 120
59200 224.987 -311999 -113.31 163597 72.3447 72.3447 36.0938 120
59300 225.067 -311999 252.636 163564 72.3398 72.3398 36.0913 120
59400 224.625 -312001 1104.27 163539 72.3361 72.3361 36.0895 120
59500 223.364 -312002 695.473 163552 72.3381 72.3381 36.0905 120
59600 222.392 -312002 -197.336 163599 72.345 72.345 36.0939 120
59700 225.142 -312003 662.937 163636 72.3503 72.3503 36.0966 120
59800 224.983 -311997 -787.366 163662 72.3542 72.3542 36.0985 120
59900 226.525 -312000 -1498.83 163640 72.351 72.351 36.0969 120
60000 223.995 -312000 364.806 163589 72.3434 72.3434 36.0931 120
60100 226.2 -312009 -127.832 163549 72.3375 72.3375 36.0902 120
60200 224.711 -312005 265.181 163524 72.3339 72.3339 36.0884 120
60300 225.927 -311997 527.299 163531 72.3348 72.3348 36.0889 120
60400 227.293 -311999 27.7597 163578 72.3419 72.3419 36.0924 120
60500 225.26 -312000 -536.51 163632 72.3497 72.3497 36.0963 120
60600 223.93 -312002 -465.874 163656 72.3534 72.3534 36.0981 120
60700 224.485 -312003 -401.825 163644 72.3515 72.3515 36.0972 120
60800 224.318 -311998 -78.9107 163602 72.3454 72.3454 36.0941 120
60900 228.72 -312000 409.254 163556 72.3386 72.3386 36.0907 120
61000 227.3 -312001 117.804 163541 72.3363 72.3363 36.0896 120
61100 225.067 -312000 658.356 163552 72.338 72.338 36.0904 120
61200 225.743 -312004 -17.9688 163589 72.3434 72.3434 36.0931 120
61300 225.572 -312004 -243.266 163622 72.3483 72.3483 36.0956 120
61400 224.26 -311999 -364.32 163622 72.3483 72.3483 36.0956 120
61500 226.865 -311995 635.768 163598 72.3448 72.3448 36.0939 120
61600 227.369 -311999 293.32 163580 72.3422 72.3422 36.0925 120
61700 224.859 -312000 273.111 163572 72.3409 72.3409 36.0919 120
61800 223.335 -311999 248.748 163574 72.3413 72.3413 36.0921 120
61900 226.356 -312005 -393.107 163597 72.3447 72.3447 36.0938 120
62000 225.999 -312003 -260.379 163608 72.3462 72.3462 36.0945 120
62100 226.306 -311998 654.043 163603 72.3455 72.3455 36.0942 120
62200 225.783 -311996 -51.3063 163610 72.3466 72.3466 36.0947 120
62300 222.717 -311995 189.621 163604 72.3457 72.3457 36.0943 120
62400 224.507 -312002 418.038 163594 72.3442 72.3442 36.0936 120
62500 225.483 -312004 393.443 163598 72.3448 72.3448 36.0938 120
62600 225.227 -312002 -723.103 163628 72.3492 72.3492 36.0961 120
62700 224.792 -311996 28.3899 163633 72.35 72.35 36.0964 120
62800 227.881 -311996 -384.361 163626 72.3489 72.3489 36.0959 120
62900 226.096 -311997 -297.992 163625 72.3487 72.3487 36.0958 120
63000 226.201 -312004 -411.065 163631 72.3497 72.3497 36.0963 120
63100 224.096 -312002 735.828 163624 72.3486 72.3486 36.0957 120
63200 224.595 -312003 -295.618 163624 72.3486 72.3486 36.0957 120
63300 225.07 -312003 507.026 163624 72.3487 72.3487 36.0958 120
63400 225.338 -312001 -153.35 163635 72.3502 72.3502 36.0965 120
63500 225.095 -311998 -462.988 163634 72.3501 72.3501 36.0965 120
63600 226.363 -311999 46.2095 163629 72.3493 72.3493 36.0961 120
63700 224.708 -312002 -767.183 163635 72.3503 72.3503 36.0966 120
63800 224.639 -312006 820.646 163623 72.3484 72.3484 36.0956 120
63900 225.816 -312007 79.9207 163617 72.3476 72.3476 36.0952 120
64000 223.673 -311999 191.567 163610 72.3465 72.3465 36.0947 120
64100 226.085 -312001 -524.301 163618 72.3477 72.3477 36.0953 120
64200 225.878 -312002 -730.354 163632 72.3498 72.3498 36.0963 120
64300 225.452 -312002 -38.9151 163635 72.3502 72.3502 36.0965 120
64400 224.654 -312002 -49.3106 163639 72.3509 72.3509 36.0969 120
64500 224.711 -312004 522.427 163639 72.3509 72.3509 36.0969 120
64600 223.366 -312002 -284.424 163643 72.3515 72.3515 36.0972 120
64700 224.554 -312000 231.802 163625 72.3487 72.3487 36.0958 120
64800 227.623 -312001 75.5123 163602 72.3454 72.3454 36.0941 120
64900 225.347 -312000 -523.64 163593 72.3441 72.3441 36.0935 120
65000 223.452 -312003 414.385 163612 72.3469 72.3469 36.0949 120
65100 224.295 -312004 -47.3295 163660 72.3539 72.3539 36.0983 120
65200 225.377 -312004 -832.015 163685 72.3577 72.3577 36.1003 120
65300 224.862 -311999 -352.781 163675 72.3561 72.3561 36.0995 120
65400 226.546 -312001 -31.8502 163642 72.3512 72.3512 36.097 120
65500 226.597 -312002 6.08771 163606 72.3459 72.3459 36.0944 120
65600 223.334 -312002 587.419 163578 72.3418 72.3418 36.0924 120
65700 224.067 -312006 694.496 163584 72.3428 72.3428 36.0928 120
65800 223.19 -312001 -447.888 163627 72.3491 72.3491 36.096 120
65900 226.787 -312002 -357.761 163665 72.3546 72.3546 36.0987 120
66000 225.506 -311998 -912.634 163692 72.3586 72.3587 36.1007 120
66100 226.99 -312003 -1443.65 163685 72.3576 72.3576 36.1002 120
66200 226.713 -312005 463.111 163646 72.3518 72.3518 36.0973 120
66300 227.04 -312008 118.002 163603 72.3455 72.3455 36.0942 120
66400 224.741 -312006 -519.106 163562 72.3395 72.3395 36.0912 120
66500 223.536 -312006 1513.38 163545 72.337 72.337 36.09 120
66600 224.551 -312008 190.705 163594 72.3442 72.3442 36.0935 120
66700 225.977 -312004 -159.002 163657 72.3534 72.3534 36.0981 120
66800 226.068 -312001 -301.207 163706 72.3608 72.3608 36.1018 120
66900 226.888 -312003 -584.549 163722 72.3631 72.3631 36.1029 120
67000 223.965 -312004 -1633.75 163694 72.359 72.359 36.1009 120
67100 224.866 -312011 784.99 163615 72.3474 72.3474 36.0951 120
67200 225.047 -312008 565.198 163571 72.3408 72.3408 36.0919 120
67300 225.044 -312004 659.193 163564 72.3398 72.3398 36.0913 120
67400 225.789 -312003 532.568 163603 72.3456 72.3456 36.0942 120
67500 226.513 -312004 759.048 163670 72.3554 72.3554 36.0991 120
67600 221.61 -312000 -1580.61 163741 72.3659 72.3659 36.1044 120
67700 222.685 -312007 -2012.85 163729 72.3641 72.3641 36.1035 120
67800 222.057 -312002 150.057 163637 72.3505 72.3505 36.0967 120
67900 226 -312006 1847.85 163548 72.3374 72.3374 36.0901 120
68000 226.25 -312005 426.802 163540 72.3362 72.3362 36.0896 120
68100 226.229 -312005 454.95 163593 72.3441 72.3441 36.0935 120
68200 225.221 -312006 -497.981 163670 72.3554 72.3554 36.0991 120
68300 222.985 -312008 -852.249 163722 72.363 72.363 36.1029 120
68400 222.439 -312005 -222.751 163721 72.3628 72.3628 36.1028 120
68500 224.062 -312002 -470.127 163700 72.3598 72.3598 36.1013 120
68600 225.032 -312002 -192.551 163646 72.3518 72.3518 36.0973 120
68700 225.694 -312005 784.989 163589 72.3434 72.3434 36.0931 120
68800 224.719 -312006 214.589 163586 72.343 72.343 36.0929 120
68900 220.291 -312001 104.962 163620 72.3481 72.3481 36.0955 120
69000 223.487 -312009 -302.683 163666 72.3548 72.3548 36.0988 120
69100 224.467 -312003 -572.285 163687 72.3579 72.3579 36.1004 120
69200 224.069 -312000 -595.741 163688 72.358 72.358 36.1004 120
69300 226.649 -312005 -571.448 163657 72.3535 72.3535 36.0982 120
69400 225.061 -312006 332.078 163606 72.3459 72.3459 36.0944 120
69500 223.16 -312006 666.549 163579 72.3419 72.3419 36.0924 120
69600 223.16 -312007 189.149 163597 72.3447 72.3447 36.0938 120
69700 226.112 -312005 260.909 163631 72.3497 72.3497 36.0963 120
69800 227.02 -312003 93.3835 163669 72.3552 72.3552 36.099 120
69900 226.262 -312003 -571.578 163686 72.3578 72.3578 36.1003 120
70000 224.752 -312006 5.82065 163685 72.3575 72.3575 36.1002 120
70100 223.984 -312007 -478.468 163674 72.3559 72.3559 36.0994 120
70200 225.283 -312005 -225.043 163636 72.3503 72.3503 36.0966 120
70300 226.544 -312000 484.073 163591 72.3438 72.3438 36.0933 120
70400 226.65 -312003 535.361 163583 72.3426 72.3426 36.0927 120
70500 225.386 -312006 -347.598 163639 72.3509 72.3509 36.0969 120
70600 225.18 -312008 -421.801 163687 72.3578 72.3578 36.1003 120
70700 226.298 -312009 -677.215 163718 72.3625 72.3625 36.1027 120
70800 225.344 -312000 -1001.48 163714 72.3619 72.3619 36.1024 120
70900 225.492 -311997 339.863 163666 72.3547 72.3547 36.0988 120
71000 226.317 -312002 -176.581 163628 72.3492 72.3492 36.096 120
71100 225.737 -312005 326.111 163606 72.346 72.346 36.0944 120
71200 226.046 -312008 -211.985 163605 72.3458 72.3458 36.0943 120
71300 223.73 -312003 -99.9696 163622 72.3483 72.3483 36.0956 120
71400 225.153 -312006 635.062 163656 72.3534 72.3534 36.0981 120
71500 225.782 -312006 -622.636 163696 72.3593 72.3593 36.101 120
71600 224.714 -312001 1.15666 163707 72.3609 72.3609 36.1019 120
71700 224.457 -311999 458.688 163703 72.3603 72.3603 36.1016 120
71800 225.707 -312004 426.85 163669 72.3552 72.3552 36.099 120
71900 223.575 -312007 -84.3441 163632 72.3498 72.3498 36.0963 120
72000 223.867 -312008 757.008 163619 72.3478 72.3478 36.0953 120
72100 223.413 -312003 673.945 163630 72.3496 72.3496 36.0962 120
72200 227.026 -312004 571.89 163655 72.3532 72.3532 36.098 120
72300 222.328 -311995 -563.949 163690 72.3583 72.3583 36.1006 120
72400 223.836 -312002 -507.887 163703 72.3602 72.3602 36.1015 120
72500 223.827 -312005 -317.728 163673 72.3558 72.3558 36.0993 120
72600 223.283 -312006 -678.441 163644 72.3515 72.3515 36.0972 120
72700 223.921 -312005 326.341 163614 72.3471 72.3471 36.095 120
72800 225.37 -312001 -18.3812 163615 72.3473 72.3473 36.0951 120
72900 225.848 -312002 -208.576 163633 72.35 72.35 36.0964 120
73000 226.447 -312008 358.414 163658 72.3537 72.3537 36.0983 120
73100 222.161 -312003 57.3524 163674 72.3559 72.3559 36.0994 120
73200 223.335 -312004 -78.2512 163693 72.3588 72.3588 36.1008 120
73300 224.958 -312006 -364.201 163696 72.3592 72.3592 36.101 120
73400 227.656 -312008 -486.533 163680 72.3569 72.3569 36.0999 120
73500 227.625 -312007 -327.415 163651 72.3526 72.3526 36.0977 120
73600 223.781 -312006 78.4762 163618 72.3478 72.3478 36.0953 120
73700 223.333 -312010 785.808 163587 72.3431 72.3431 36.093 120
73800 223.418 -312007 295.293 163584 72.3427 72.3427 36.0928 120
73900 226.295 -312006 461.435 163625 72.3487 72.3487 36.0958 120
74000 223.824 -312000 -899.556 163691 72.3585 72.3585 36.1007 120
74100 223.489 -312000 19.99 163738 72.3653 72.3653 36.1041 120
74200 224.606 -312008 -633.021 163738 72.3655 72.3655 36.1042 120
74300 222.664 -312010 -209.855 163690 72.3583 72.3583 36.1006 120
74400 222.368 -312007 655.922 163616 72.3474 72.3474 36.0951 120
74500 225.427 -312009 1032.56 163566 72.34 72.34 36.0915 120
74600 224.564 -312004 875.7 163566 72.3401 72.3401 36.0915 120
74700 226.668 -312006 79.8871 163625 72.3488 72.3488 36.0958 120
74800 226.12 -312003 -299.553 163700 72.3598 72.3598 36.1013 120
74900 225.276 -312002 -830.386 163750 72.3672 72.3672 36.105 120
75000 223.896 -312004 -416.086 163740 72.3658 72.3658 36.1043 120
75100 222.036 -312004 -95.9893 163693 72.3587 72.3587 36.1008 120
75200 224.501 -312007 410.201 163630 72.3495 72.3495 36.0962 120
75300 226.591 -312005 275.429 163572 72.341 72.341 36.0919 120
75400 227.252 -312004 1012.68 163554 72.3383 72.3383 36.0906 120
75500 226.133 -312005 -356.718 163617 72.3477 72.3477 36.0953 120
75600 224.565 -312004 499.01 163693 72.3588 72.3588 36.1008 120
75700 225.092 -312006 -1150.94 163749 72.367 72.367 36.1049 120
75800 225.713 -312007 -1078.02 163748 72.3669 72.3669 36.1049 120
75900 226.245 -312007 -229.912 163694 72.3589 72.3589 36.1009 120
76000 226.157 -312007 813.09 163610 72.3465 72.3465 36.0947 120
76100 224.85 -312006 523.055 163568 72.3404 72.3404 36.0917 120
76200 224.11 -312005 192.936 163573 72.3411 72.3411 36.092 120
76300 225.458 -312007 561.569 163614 72.3472 72.3472 36.095 120
76400 223.922 -312003 -633.954 163686 72.3577 72.3577 36.1003 120
76500 226.628 -312007 -846.868 163738 72.3655 72.3655 36.1041 120
76600 226.711 -312004 -268.04 163727 72.3638 72.3638 36.1033 120
76700 224.672 -312001 -1109.83 163681 72.3571 72.3571 36.1 120
76800 224.265 -312005 239.442 163615 72.3472 72.3472 36.095 120
76900 223.879 -312009 1157.2 163566 72.3401 72.3401 36.0915 120
77000 223.817 -312007 1127.91 163571 72.3408 72.3408 36.0918 120
77100 225.28 -312003 -572.665 163641 72.3511 72.3511 36.097 120
77200 226.219 -312002 -210.343 163699 72.3597 72.3597 36.1013 120
77300 226.597 -312004 -485.938 163729 72.364 72.364 36.1034 120
77400 224.377 -312004 -367.167 163729 72.3642 72.3642 36.1035 120
77500 224.29 -312007 -490.948 163695 72.3591 72.3591 36.101 120
77600 224.863 -312009 825.638 163629 72.3494 72.3494 36.0961 120
77700 226.249 -312005 773.024 163591 72.3437 72.3437 36.0933 120
77800 226.786 -312003 -286.746 163598 72.3448 72.3448 36.0938 120
77900 227.008 -312006 671.859 163630 72.3495 72.3495 36.0962 120
78000 224.028 -312006 -323.679 163690 72.3584 72.3584 36.1006 120
78100 226.607 -312011 -4.42499 163732 72.3645 72.3645 36.1037 120
78200 225.785 -312007 -812.749 163731 72.3644 72.3644 36.1036 120
78300 224.176 -312003 -507.345 163699 72.3596 72.3596 36.1012 120
78400 226.939 -312008 -192.179 163647 72.3521 72.3521 36.0975 120
78500 224.259 -312004 -313.171 163595 72.3444 72.3444 36.0936 120
78600 225.477 -312007 693.435 163579 72.3419 72.3419 36.0924 120
78700 221.961 -312008 -134.663 163631 72.3497 72.3497 36.0963 120
78800 222.341 -312008 -1049.53 163699 72.3596 72.3596 36.1012 120
78900 223.975 -312004 -893.389 163739 72.3655 72.3655 36.1042 120
79000 224.311 -312001 -722.549 163723 72.3633 72.3633 36.103 120
79100 225.937 -312003 -209.685 163660 72.354 72.354 36.0984 120
79200 224.93 -312006 819.712 163586 72.343 72.343 36.0929 120
79300 222.643 -312008 542.395 163561 72.3393 72.3393 36.0911 120
79400 223.352 -312009 537.783 163593 72.3441 72.3441 36.0935 120
79500 221.371 -312001 -379.406 163662 72.3543 72.3543 36.0986 120
79600 225.689 -312008 -212.174 163729 72.3641 72.3641 36.1035 120
79700 225.24 -312004 -1584.83 163764 72.3692 72.3692 36.106 120
79800 224.973 -312001 -430.285 163727 72.3638 72.3638 36.1033 120
79900 224.968 -311999 575.575 163660 72.354 72.354 36.0984 120
80000 226.088 -312002 1039.81 163585 72.3428 72.3428 36.0928 120
80100 225.775 -312008 1022.56 163550 72.3377 72.3377 36.0903 120
80200 224.06 -312008 496.336 163581 72.3423 72.3423 36.0926 120
80300 223.4 -312005 -179.833 163665 72.3547 72.3547 36.0988 120
80400 226.365 -312004 -1346.47 163748 72.3669 72.3669 36.1048 120
80500 226.077 -312000 -880.406 163770 72.3702 72.3702 36.1065 120
80600 227.684 -312005 -1142.07 163752 72.3675 72.3675 36.1051 120
80700 224.242 -312003 -772.003 163687 72.3579 72.3579 36.1004 120
80800 225.696 -312009 397.91 163595 72.3443 72.3443 36.0936 120
80900 222.714 -312006 1044.25 163533 72.3352 72.3352 36.089 120
81000 222.501 -312007 554.639 163553 72.3381 72.3381 36.0905 120
81100 223.866 -312007 -12.5856 163630 72.3496 72.3496 36.0962 120
81200 227.543 -312007 -616.362 163698 72.3595 72.3595 36.1012 120
81300 226.047 -312002 -826.45 163724 72.3634 72.3634 36.1031 120
81400 225.204 -312003 -277.313 163705 72.3605 72.3605 36.1017 120
81500 223.766 -312008 296.217 163662 72.3542 72.3542 36.0985 120
81600 222.018 -312005 -40.3826 163629 72.3493 72.3493 36.0961 120
81700 222.989 -312005 -151.973 163587 72.3432 72.3432 36.093 120
81800 224.907 -312006 1254.92 163576 72.3415 72.3415 36.0922 120
81900 227.323 -312007 198.415 163616 72.3474 72.3474 36.0951 120
82000 227.018 -312005 -240.278 163670 72.3553 72.3553 36.0991 120
82100 226.965 -312006 -328.956 163705 72.3606 72.3606 36.1017 120
82200 224.246 -312003 -651.706 163718 72.3625 72.3625 36.1027 120
82300 222.314 -312005 -676.159 163695 72.3591 72.3591 36.101 120
82400 222.581 -312005 1059.56 163637 72.3505 72.3505 36.0967 120
82500 223.53 -312000 148.997 163596 72.3445 72.3445 36.0937 120
82600 228.068 -312006 -166.288 163576 72.3416 72.3416 36.0922 120
82700 226.547 -312006 425.767 163586 72.343 72.343 36.093 120
82800 225.664 -312007 194.72 163629 72.3494 72.3494 36.0961 120
82900 226.624 -312009 -712.967 163692 72.3586 72.3586 36.1007 120
83000 223.149 -312002 -242.518 163730 72.3643 72.3643 36.1036 120
83100 225.692 -312005 -752.793 163733 72.3647 72.3647 36.1037 120
83200 224.453 -312003 108.421 163691 72.3585 72.3585 36.1007 120
83300 225.588 -312004 536.881 163629 72.3493 72.3493 36.0961 120
83400 225.75 -312004 -434.947 163591 72.3437 72.3437 36.0933 120
83500 225.505 -312006 432.458 163583 72.3425 72.3425 36.0927 120
83600 223.509 -312006 307.42 163616 72.3474 72.3474 36.0951 120
83700 226.758 -312013 -396.753 163672 72.3557 72.3557 36.0993 120
83800 226.208 -312006 -477.637 163732 72.3645 72.3645 36.1037 120
83900 225.773 -312000 -751.642 163750 72.3672 72.3672 36.105 120
84000 224.875 -312000 -728.14 163710 72.3613 72.3613 36.1021 120
84100 224.921 -312005 -205.899 163636 72.3504 72.3504 36.0966 120
84200 223.562 -312005 1485.95 163578 72.3419 72.3419 36.0924 120
84300 225.628 -312009 334.46 163576 72.3416 72.3416 36.0922 120
84400 225.554 -312007 190.254 163613 72.347 72.347 36.0949 120
84500 225.375 -312004 46.4346 163660 72.3539 72.3539 36.0984 120
84600 224.846 -311996 -561.449 163708 72.361 72.361 36.1019 120
84700 227.954 -312000 -789.194 163719 72.3627 72.3627 36.1028 120
84800 225.694 -312003 474.316 163680 72.3569 72.3569 36.0999 120
84900 222.159 -312000 246.894 163640 72.3509 72.3509 36.0969 120
85000 225.722 -312007 -137.964 163610 72.3465 72.3465 36.0947 120
85100 224.915 -312007 1942.35 163592 72.3439 72.3439 36.0934 120
85200 224.064 -312005 -130.346 163628 72.3492 72.3492 36.096 120
85300 227.704 -312010 346.09 163675 72.3561 72.3561 36.0995 120
85400 225.688 -312003 -542.779 163724 72.3634 72.3634 36.1031 120
85500 227.496 -312007 -640.424 163735 72.3649 72.3649 36.1039 120
85600 225.022 -312007 -300.016 163692 72.3587 72.3587 36.1007 120
85700 222.983 -312008 848.474 163642 72.3512 72.3512 36.097 120
85800 222.8 -312006 481.814 163604 72.3457 72.3457 36.0943 120
85900 227.911 -312009 89.6252 163590 72.3435 72.3435 36.0932 120
86000 225.836 -312003 149.483 163600 72.3451 72.3451 36.094 120
86100 225.808 -312007 -401.424 163658 72.3537 72.3537 36.0982 120
86200 224.894 -312008 -910.25 163716 72.3622 72.3622 36.1025 120
86300 223.761 -312008 -1128.97 163751 72.3674 72.3674 36.1051 120
86400 224.798 -312006 -389.907 163758 72.3683 72.3683 36.1056 120
86500 227.409 -312004 -1000.31 163723 72.3632 72.3632 36.103 120
86600 225.813 -312003 -169.613 163647 72.352 72.352 36.0974 120
86700 224.605 -312006 1217.41 163567 72.3403 72.3403 36.0916 120
86800 224.365 -312009 461.116 163543 72.3366 72.3366 36.0898 120
86900 224.648 -312008 1436.55 163582 72.3424 72.3424 36.0927 120
87000 223.77 -312005 -525.023 163698 72.3595 72.3595 36.1012 120
87100 225.118 -312005 -682.231 163793 72.3734 72.3734 36.1081 120
87200 228.222 -312002 -1123.91 163816 72.3769 72.3769 36.1098 120
87300 226.685 -312000 -1320.97 163759 72.3685 72.3685 36.1056 120
87400 225.96 -312006 795.44 163629 72.3493 72.3493 36.0961 120
87500 225.369 -312009 1116.07 163533 72.3352 72.3352 36.089 120
87600 224.383 -312009 2051.74 163526 72.3342 72.3342 36.0885 120
87700 225.504 -312011 -131.695 163608 72.3462 72.3462 36.0945 120
87800 228.207 -312011 -95.4505 163728 72.3639 72.3639 36.1034 120
87900 226.078 -312002 -1423.02 163836 72.3799 72.3799 36.1113 120
88000 229.513 -312011 -1406.34 163853 72.3823 72.3823 36.1125 120
88100 226.419 -312011 -307.711 163754 72.3678 72.3678 36.1053 120
88200 224.078 -312009 1438.67 163624 72.3486 72.3486 36.0957 120
88300 226.373 -312013 1015.33 163557 72.3388 72.3388 36.0908 120
88400 226.834 -312011 692.679 163558 72.339 72.339 36.0909 120
88500 228.457 -312009 -200.569 163634 72.3501 72.3501 36.0965 120
88600 229.298 -312004 -1103.8 163732 72.3645 72.3645 36.1037 120
88700 226.966 -312003 -909.961 163784 72.3722 72.3722 36.1075 120
88800 224.723 -312005 -676.213 163779 72.3715 72.3715 36.1072 120
88900 225.745 -312009 566.67 163716 72.3622 72.3622 36.1025 120
89000 223.774 -312007 472.405 163652 72.3528 72.3528 36.0978 120
89100 223.499 -312006 795.264 163614 72.3471 72.3471 36.095 120
89200 224.797 -312006 308.047 163598 72.3448 72.3448 36.0938 120
89300 225.347 -312003 929.109 163630 72.3495 72.3495 36.0962 120
89400 226.537 -312004 -510.317 163709 72.3611 72.3611 36.102 120
89500 225.369 -312009 -1316.49 163769 72.37 72.37 36.1064 120
89600 224.529 -312009 111.795 163770 72.3701 72.3701 36.1065 120
89700 224.204 -312008 -180.932 163739 72.3656 72.3656 36.1042 120
89800 225.277 -312005 -481.859 163692 72.3587 72.3587 36.1008 120
89900 227.697 -312007 282.419 163639 72.3508 72.3508 36.0968 120
90000 226.063 -312006 811.063 163604 72.3456 72.3456 36.0942 120
90100 225.145 -312013 524.346 163596 72.3445 72.3445 36.0937 120
90200 223.739 -312009 736.689 163629 72.3493 72.3493 36.0961 120
90300 225.655 -312007 49.0166 163694 72.359 72.359 36.1009 120
90400 225.149 -312003 -538.62 163772 72.3704 72.3704 36.1066 120
90500 225.922 -312005 -1001.19 163805 72.3753 72.3753 36.1091 120
90600 225.301 -312011 -1360.81 163770 72.3701 72.3701 36.1065 120
90700 223.727 -312011 241.783 163682 72.3571 72.3571 36.1 120
90800 224.469 -312011 494.591 163602 72.3453 72.3453 36.0941 120
90900 224.019 -312007 896.425 163562 72.3394 72.3394 36.0912 120
91000 224.497 -312006 722.961 163586 72.343 72.343 36.0929 120
91100 223.029 -312004 -427.671 163667 72.3549 72.3549 36.0989 120
91200 224.566 -312006 318.647 163759 72.3685 72.3685 36.1057 120
91300 226.526 -312010 -1412.44 163832 72.3792 72.3792 36.111 120
91400 224.744 -312009 -736.281 163820 72.3775 72.3775 36.1101 120
91500 225.463 -312011 -1278.09 163730 72.3643 72.3643 36.1036 120
91600 225.58 -312010 1059.36 163600 72.3451 72.3451 36.094 120
91700 226.342 -312007 1057.71 163530 72.3348 72.3348 36.0888 120
91800 225.369 -312004 450.287 163551 72.3379 72.3379 36.0904 120
91900 225.55 -312008 568.475 163645 72.3517 72.3517 36.0973 120
92000 223.208 -312009 -532.573 163763 72.3691 72.3691 36.106 120
92100 224.301 -312009 -1013.65 163826 72.3783 72.3783 36.1106 120
92200 226.635 -312009 -585.29 163798 72.3743 72.3743 36.1086 120
92300 225.366 -312005 -228.384 163717 72.3623 72.3623 36.1025 120
92400 224.68 -312005 399.03 163620 72.348 72.348 36.0954 120
92500 225.578 -312008 908.253 163560 72.3391 72.3391 36.091 120
92600 224.959 -312009 1265.5 163575 72.3414 72.3414 36.0922 120
92700 224.296 -312009 -79.4124 163665 72.3547 72.3547 36.0988 120
92800 224.224 -312009 -1033.85 163757 72.3683 72.3683 36.1055 120
92900 225.593 -312009 -308.754 163807 72.3756 72.3756 36.1092 120
93000 226.967 -312007 -1202.54 163800 72.3746 72.3746 36.1087 120
93100 226.718 -312005 97.6362 163712 72.3617 72.3617 36.1022 120
93200 226.146 -312009 985.621 163617 72.3476 72.3476 36.0952 120
93300 224.322 -312011 1104.42 163573 72.3411 72.3411 36.092 120
93400 223.196 -312008 279.866 163600 72.3451 72.3451 36.094 120
93500 225.43 -312008 -622.093 163672 72.3557 72.3557 36.0992 120
93600 224.999 -312003 -962.279 163739 72.3655 72.3655 36.1042 120
93700 224.507 -312002 -774.926 163766 72.3696 72.3696 36.1062 120
93800 224.91 -312009 -789.145 163755 72.368 72.368 36.1054 120
93900 223.895 -312011 -575.551 163704 72.3604 72.3604 36.1016 120
94000 221.835 -312006 659.21 163638 72.3506 72.3506 36.0967 120
94100 227.398 -312011 19.6965 163614 72.3471 72.3471 36.095 120
94200 224.931 -312004 536.207 163625 72.3488 72.3488 36.0958 120
94300 226.185 -312008 -655.626 163676 72.3563 72.3563 36.0996 120
94400 225.545 -312008 -907.234 163730 72.3643 72.3643 36.1036 120
94500 222.492 -312004 -617.722 163741 72.3658 72.3658 36.1043 120
94600 225.765 -312010 -11.1429 163700 72.3598 72.3598 36.1013 120
94700 226.402 -312011 1456.45 163642 72.3513 72.3513 36.0971 120
94800 223.243 -312003 433.26 163638 72.3507 72.3507 36.0968 120
94900 226.209 -312009 -67.0942 163665 72.3546 72.3546 36.0987 120
95000 224.535 -312004 -11.8743 163696 72.3593 72.3593 36.1011 120
95100 224.577 -312008 -628.096 163721 72.3629 72.3629 36.1029 120
95200 224.008 -312010 -850.736 163718 72.3624 72.3624 36.1026 120
95300 222.927 -312010 -727.032 163694 72.3589 72.3589 36.1008 120
95400 226.061 -312009 -152.592 163660 72.354 72.354 36.0984 120
95500 226.307 -312005 1834.08 163653 72.3529 72.3529 36.0979 120
95600 226.305 -312007 -266.829 163688 72.358 72.358 36.1004 120
95700 222.034 -312004 366.376 163725 72.3634 72.3634 36.1031 120
95800 223.759 -312009 -149.634 163738 72.3654 72.3654 36.1041 120
95900 225.624 -312012 -464.122 163728 72.364 72.364 36.1034 120
96000 226.287 -312011 -233.832 163686 72.3578 72.3578 36.1003 120
96100 225.875 -312010 -693.213 163630 72.3496 72.3496 36.0962 120
96200 226.553 -312010 584.571 163594 72.3442 72.3442 36.0935 120
96300 226.947 -312006 1206.16 163616 72.3474 72.3474 36.0951 120
96400 227.316 -312007 29.3011 163701 72.36 72.36 36.1014 120
96500 225.002 -312007 -751.906 163781 72.3718 72.3718 36.1073 120
96600 224.774 -312011 -983.2 163797 72.3741 72.3741 36.1084 120
96700 222.822 -312005 -18.1761 163757 72.3683 72.3683 36.1056 120
96800 225.05 -312006 -359.636 163683 72.3574 72.3574 36.1001 120
96900 225.953 -312004 982.751 163594 72.3441 72.3441 36.0935 120
97000 227.561 -312004 1705.13 163567 72.3403 72.3403 36.0916 120
97100 226.229 -312004 727.485 163638 72.3506 72.3506 36.0967 120
97200 223.007 -312005 -923.698 163732 72.3646 72.3646 36.1037 120
97300 223.383 -312009 -667.562 163766 72.3695 72.3695 36.1062 120
97400 223.174 -312008 -584.91 163743 72.3661 72.3661 36.1045 120
97500 224.509 -312007 -52.0775 163693 72.3588 72.3588 36.1008 120
97600 227.934 -312008 -217.71 163656 72.3533 72.3533 36.0981 120
97700 226.174 -312006 144.847 163634 72.3501 72.3501 36.0965 120
97800 221.872 -312002 638.476 163638 72.3507 72.3507 36.0968 120
97900 225.484 -312010 -314.686 163668 72.3551 72.3551 36.099 120
98000 224.718 -312008 -494.771 163708 72.361 72.361 36.1019 120
98100 224.73 -312007 -433.032 163716 72.3622 72.3622 36.1025 120
98200 227.732 -312010 784.267 163693 72.3588 72.3588 36.1008 120
98300 226.522 -312005 426.963 163681 72.357 72.357 36.0999 120
98400 227.278 -312009 -63.8799 163683 72.3574 72.3574 36.1001 120
98500 226.364 -312014 -572.339 163690 72.3583 72.3583 36.1006 120
98600 224.297 -312011 1032.17 163693 72.3588 72.3588 36.1008 120
98700 225.649 -312010 -848.728 163722 72.3631 72.3631 36.1029 120
98800 226.068 -312006 -300.739 163725 72.3635 72.3635 36.1031 120
98900 225.104 -312001 -520.175 163698 72.3595 72.3595 36.1012 120
99000 225.57 -312007 173.65 163660 72.3539 72.3539 36.0984 120
99100 222.202 -312007 333.277 163649 72.3523 72.3523 36.0976 120
99200 222.106 -312008 308.83 163668 72.3551 72.3551 36.099 120
99300 225.544 -312010 -371.74 163698 72.3595 72.3595 36.1012 120
99400 224.972 -312005 -466.757 163718 72.3624 72.3624 36.1026 120
99500 224.62 -312004 -912.771 163721 72.3629 72.3629 36.1028 120
99600 225.222 -312010 -168.382 163693 72.3587 72.3587 36.1008 120
99700 222.514 -312011 23.9719 163648 72.3521 72.3521 36.0975 120
99800 222.683 -312009 151.544 163614 72.3471 72.3471 36.095 120
99900 224.776 -312008 813.309 163609 72.3463 72.3463 36.0946 120
100000 229.079 -312014 738.762 163650 72.3524 72.3524 36.0976 120
