# Time-averaged data for fix 2
# TimeStep c_thermo_temp c_thermo_pe c_thermo_press v_myVol v_myCella v_myCellb v_myCellc v_myCellgamma
0 171.297 -312030 351.162 162889 72.2401 72.2401 36.0416 120
100 167.477 -312048 -77.451 162887 72.2399 72.2399 36.0415 120
200 168.935 -312046 -160.635 162870 72.2373 72.2373 36.0402 120
300 174.916 -312033 -235.051 162868 72.237 72.237 36.0401 120
400 180.964 -312023 1142.15 162875 72.238 72.238 36.0405 120
500 180.753 -312024 794.362 162924 72.2453 72.2453 36.0442 120
600 175.621 -312038 -224.871 162996 72.256 72.256 36.0495 120
700 171.43 -312053 -355.305 163014 72.2585 72.2585 36.0508 120
800 169.592 -312055 -1033.54 162993 72.2555 72.2555 36.0493 120
900 172.573 -312048 614.902 162952 72.2494 72.2494 36.0463 120
1000 178.74 -312041 -184.542 162933 72.2467 72.2467 36.0449 120
1100 179.255 -312034 291.781 162930 72.2462 72.2462 36.0446 120
1200 178.305 -312043 62.5754 162954 72.2497 72.2497 36.0464 120
1300 173.25 -312053 31.5076 162978 72.2532 72.2532 36.0481 120
1400 170.591 -312059 -861.307 163013 72.2584 72.2584 36.0507 120
1500 171.055 -312054 -125.38 163000 72.2565 72.2565 36.0498 120
1600 175.725 -312047 17.4681 162979 72.2535 72.2535 36.0483 120
1700 179.983 -312044 918.187 162962 72.251 72.251 36.047 120
1800 178.805 -312047 583.206 163000 72.2565 72.2565 36.0498 120
1900 174.383 -312054 -667.696 163047 72.2635 72.2635 36.0533 120
2000 171.1 -312060 -387.647 163070 72.2669 72.2669 36.055 120
2100 171.771 -312061 -959.817 163063 72.2658 72.2658 36.0544 120
2200 174.162 -312053 -60.0819 163021 72.2596 72.2596 36.0513 120
2300 178.02 -312048 1204.25 162992 72.2554 72.2554 36.0492 120
2400 178.83 -312049 -14.2901 163022 72.2598 72.2598 36.0514 120
2500 176.1 -312055 -611.659 163068 72.2666 72.2666 36.0548 120
2600 173 -312063 -304.466 163070 72.2668 72.2668 36.0549 120
2700 170.53 -312063 585.253 163034 72.2615 72.2615 36.0523 120
2800 175.108 -312065 329.541 163028 72.2606 72.2606 36.0518 120
2900 176.92 -312056 603.93 163035 72.2617 72.2617 36.0524 120
3000 178.48 -312053 541.104 163066 72.2662 72.2662 36.0546 120
3100 175.826 -312055 -111.663 163105 72.272 72.272 36.0575 120
3200 174.676 -312065 98.9181 163126 72.2751 72.2751 36.0591 120
3300 171.71 -312068 520.027 163126 72.2752 72.2752 36.0591 120
3400 173.162 -312067 27.4289 163124 72.2748 72.2748 36.0589 120
3500 175.545 -312059 -233.937 163112 72.273 72.273 36.058 120
3600 177.851 -312056 632.366 163091 72.27 72.27 36.0565 120
3700 178.161 -312059 -54.202 163094 72.2704 72.2704 36.0567 120
3800 174.249 -312063 -18.5643 163099 72.2712 72.2712 36.0571 120
3900 171.517 -312068 -296.045 163108 72.2724 72.2724 36.0577 120
4000 170.415 -312066 -137.984 163111 72.2729 72.2729 36.058 120
4100 172.506 -312060 -49.7122 163105 72.272 72.272 36.0575 120
4200 178.754 -312060 -27.5656 163110 72.2727 72.2727 36.0579 120
4300 178.863 -312059 -220.68 163114 72.2734 72.2734 36.0582 120
4400 175.189 -312060 -38.1969 163107 72.2723 72.2723 36.0577 120
4500 171.553 -312064 372.251 163090 72.2698 72.2698 36.0564 120
4600 170.943 -312068 146.071 163090 72.2698 72.2698 36.0564 120
4700 173.211 -312067 -112.094 163109 72.2727 72.2727 36.0578 120
4800 175.092 -312059 406.744 163121 72.2743 72.2743 36.0587 120
4900 178.095 -312057 280.18 163131 72.2759 72.2759 36.0594 120
5000 178.561 -312063 -570.803 163151 72.2788 72.2788 36.0609 120
5100 173.812 -312064 -42.3923 163150 72.2786 72.2786 36.0608 120
5200 172.298 -312070 -990.732 163135 72.2765 72.2765 36.0597 120
5300 172.712 -312070 157.597 163080 72.2683 72.2683 36.0557 120
5400 173.838 -312063 487.327 163045 72.2632 72.2632 36.0531 120
5500 176.632 -312060 64.6964 163059 72.2653 72.2653 36.0542 120
5600 177.068 -312059 -67.3202 163106 72.2722 72.2722 36.0576 120
5700 176.783 -312066 351.292 163141 72.2773 72.2773 36.0601 120
5800 172.763 -312068 -420.096 163157 72.2797 72.2797 36.0613 120
5900 173.749 -312072 -198.892 163162 72.2805 72.2805 36.0617 120
6000 173.427 -312066 -457.586 163150 72.2787 72.2787 36.0608 120
6100 176.969 -312064 677.992 163090 72.2699 72.2699 36.0565 120
6200 177.396 -312060 643.532 163065 72.2661 72.2661 36.0546 120
6300 176.715 -312063 42.2106 163089 72.2698 72.2698 36.0564 120
6400 174.473 -312068 416.903 163128 72.2754 72.2754 36.0592 120
6500 174.788 -312073 -260.73 163159 72.28 72.28 36.0615 120
6600 173.016 -312068 -812.428 163180 72.2832 72.2832 36.0631 120
6700 175.229 -312064 -484.482 163169 72.2815 72.2815 36.0622 120
6800 177.941 -312062 49.7579 163133 72.2762 72.2762 36.0596 120
6900 176.628 -312061 429.764 163114 72.2733 72.2733 36.0582 120
7000 175.437 -312067 574.079 163105 72.2721 72.2721 36.0576 120
7100 173.558 -312071 287.573 163127 72.2753 72.2753 36.0592 120
7200 172.904 -312071 -59.554 163148 72.2784 72.2784 36.0607 120
7300 173.822 -312066 -116.605 163147 72.2782 72.2782 36.0606 120
7400 176.447 -312062 466.119 163134 72.2763 72.2763 36.0596 120
7500 177.324 -312061 -172.037 163133 72.2762 72.2762 36.0596 120
7600 178.884 -312070 -186.611 163142 72.2774 72.2774 36.0602 120
7700 173.343 -312069 -111.824 163163 72.2807 72.2807 36.0618 120
7800 171.798 -312071 -49.1104 163182 72.2835 72.2835 36.0632 120
7900 172.527 -312067 -328.177 163183 72.2835 72.2835 36.0633 120
8000 176.712 -312065 437.15 163181 72.2833 72.2833 36.0631 120
8100 178.224 -312063 -155.074 163186 72.284 72.284 36.0635 120
8200 177.395 -312065 199.126 163167 72.2812 72.2812 36.0621 120
8300 173.6 -312066 -310.007 163161 72.2803 72.2803 36.0616 120
8400 172.855 -312071 -196.534 163160 72.2801 72.2801 36.0616 120
8500 174.284 -312072 218.488 163157 72.2797 72.2797 36.0613 120
8600 175.039 -312066 -221.655 163159 72.2801 72.2801 36.0615 120
8700 177.183 -312062 -134.798 163172 72.282 72.282 36.0625 120
8800 178.439 -312065 -667.966 163175 72.2824 72.2824 36.0627 120
8900 176.726 -312069 -489.142 163173 72.2821 72.2821 36.0625 120
9000 173.348 -312070 -85.9522 163160 72.2802 72.2802 36.0616 120
9100 171.498 -312068 -205.939 163151 72.2789 72.2789 36.0609 120
9200 173.321 -312066 210.354 163146 72.278 72.278 36.0605 120
9300 176.621 -312063 737.176 163153 72.2792 72.2792 36.0611 120
9400 176.583 -312060 -659.897 163194 72.2852 72.2852 36.0641 120
9500 175.625 -312063 -701.355 163217 72.2885 72.2885 36.0658 120
9600 172.508 -312067 -601.666 163205 72.2868 72.2868 36.0649 120
9700 171.74 -312069 229.459 163168 72.2813 72.2813 36.0621 120
9800 174.236 -312070 694.174 163132 72.2761 72.2761 36.0595 120
9900 175.907 -312065 147.487 163136 72.2767 72.2767 36.0598 120
10000 177.478 -312063 -135.251 163152 72.2789 72.2789 36.061 120
10100 175.245 -312060 -522.937 163162 72.2804 72.2804 36.0617 120
10200 176.435 -312071 480.37 163156 72.2796 72.2796 36.0613 120
10300 172.307 -312069 401.608 163160 72.2801 72.2801 36.0616 120
10400 172.666 -312069 -46.4047 163157 72.2797 72.2797 36.0614 120
10500 175.601 -312068 362.063 163162 72.2805 72.2805 36.0617 120
10600 175.311 -312060 -561.889 163193 72.2851 72.2851 36.064 120
10700 176.505 -312062 -909.127 163204 72.2866 72.2866 36.0648 120
10800 175.04 -312065 165.378 163183 72.2836 72.2836 36.0633 120
10900 174.972 -312072 -265.376 163162 72.2805 72.2805 36.0618 120
11000 173.159 -312071 -680.66 163142 72.2776 72.2776 36.0603 120
11100 174.708 -312070 102.079 163127 72.2753 72.2753 36.0591 120
11200 176.436 -312066 726.071 163154 72.2792 72.2792 36.0611 120
11300 176.251 -312061 -378.975 163206 72.2869 72.2869 36.0649 120
11400 176.305 -312065 -85.4615 163225 72.2897 72.2897 36.0664 120
11500 173.328 -312067 63.692 163203 72.2865 72.2865 36.0647 120
11600 173.842 -312073 -567.748 163178 72.2828 72.2828 36.0629 120
11700 173.642 -312072 -465.476 163144 72.2778 72.2778 36.0604 120
11800 175.171 -312066 1050.88 163115 72.2735 72.2735 36.0582 120
11900 177.547 -312064 471.139 163147 72.2782 72.2782 36.0606 120
12000 176.796 -312065 -228.029 163192 72.2849 72.2849 36.0639 120
12100 174.466 -312067 -603.858 163227 72.2901 72.2901 36.0665 120
12200 173.722 -312074 -327.334 163211 72.2877 72.2877 36.0653 120
12300 174.011 -312074 692.542 163171 72.2818 72.2818 36.0624 120
12400 174.908 -312070 152.143 163146 72.2781 72.2781 36.0606 120
12500 177.226 -312066 58.8792 163137 72.2767 72.2767 36.0599 120
12600 178.696 -312067 598.475 163157 72.2797 72.2797 36.0613 120
12700 174.768 -312065 -875.315 163200 72.286 72.286 36.0645 120
12800 174.058 -312072 216.85 163199 72.2859 72.2859 36.0644 120
12900 173.619 -312075 53.912 163191 72.2848 72.2848 36.0639 120
13000 173.519 -312070 -914.08 163176 72.2825 72.2825 36.0628 120
13100 175.981 -312066 416.72 163133 72.2762 72.2763 36.0596 120
13200 177.425 -312064 421.877 163132 72.276 72.276 36.0595 120
13300 177.595 -312068 187.098 163165 72.2809 72.2809 36.062 120
13400 174.854 -312072 -591.339 163210 72.2875 72.2875 36.0653 120
13500 174.545 -312076 -408.823 163202 72.2864 72.2864 36.0647 120
13600 173.738 -312072 23.6424 163155 72.2795 72.2795 36.0612 120
13700 176.112 -312069 376.867 163126 72.2752 72.2752 36.0591 120
13800 179.01 -312069 911.38 163120 72.2742 72.2742 36.0586 120
13900 175.034 -312063 454.837 163152 72.279 72.279 36.061 120
14000 172.911 -312066 -370.143 163198 72.2858 72.2858 36.0644 120
14100 173.18 -312072 -895.19 163232 72.2908 72.2908 36.0669 120
14200 174.196 -312073 55.313 163215 72.2883 72.2883 36.0657 120
14300 175.32 -312069 -564.692 163186 72.284 72.2841 36.0635 120
14400 177.345 -312067 262.947 163141 72.2773 72.2773 36.0602 120
14500 176.628 -312065 650.709 163133 72.2761 72.2761 36.0596 120
14600 175.344 -312068 430.831 163175 72.2823 72.2823 36.0627 120
14700 174.22 -312073 -507.362 163221 72.2891 72.2891 36.0661 120
14800 173.419 -312073 -137.67 163208 72.2872 72.2872 36.0651 120
14900 175.991 -312073 -128.687 163170 72.2816 72.2816 36.0623 120
15000 175.952 -312067 823.872 163138 72.2769 72.2769 36.06 120
15100 176.593 -312066 440.732 163134 72.2764 72.2764 36.0597 120
15200 176.867 -312069 457.074 163173 72.282 72.282 36.0625 120
15300 172.708 -312068 -713.172 163229 72.2904 72.2904 36.0667 120
15400 172.603 -312071 306.075 163236 72.2914 72.2914 36.0672 120
15500 173.607 -312070 129.564 163221 72.2891 72.2891 36.0661 120
15600 175.641 -312067 292.157 163196 72.2854 72.2854 36.0642 120
15700 176.539 -312066 -416.516 163164 72.2808 72.2808 36.0619 120
15800 176.401 -312067 120.008 163135 72.2765 72.2765 36.0598 120
15900 175.291 -312072 1203 163138 72.277 72.277 36.06 120
16000 173.53 -312073 -781.456 163204 72.2866 72.2866 36.0648 120
16100 173.081 -312071 -840.312 163250 72.2935 72.2935 36.0682 120
16200 174.016 -312065 -126.003 163236 72.2914 72.2914 36.0672 120
16300 176.926 -312066 402.49 163188 72.2842 72.2842 36.0636 120
16400 176.507 -312066 266.248 163152 72.2791 72.2791 36.061 120
16500 176.129 -312071 297.623 163137 72.2768 72.2768 36.0599 120
16600 173.795 -312073 382.481 163151 72.2789 72.2789 36.0609 120
16700 172.843 -312071 -350.602 163192 72.2849 72.2849 36.064 120
16800 173.347 -312067 273.624 163206 72.287 72.287 36.065 120
16900 178.09 -312070 -786.912 163206 72.287 72.287 36.065 120
17000 178.461 -312069 536.102 163174 72.2822 72.2822 36.0626 120
17100 174.775 -312067 542.472 163162 72.2804 72.2804 36.0617 120
17200 172.617 -312069 -310.519 163179 72.2829 72.2829 36.063 120
17300 174.056 -312074 -615.703 163188 72.2843 72.2843 36.0636 120
17400 174.272 -312071 -133.157 163193 72.2851 72.2851 36.064 120
17500 176.054 -312069 -2.07103 163191 72.2848 72.2848 36.0639 120
17600 177.077 -312068 614.137 163182 72.2835 72.2835 36.0632 120
17700 175.936 -312069 -69.8297 163191 72.2848 72.2848 36.0639 120
17800 172.783 -312069 -481.224 163218 72.2887 72.2887 36.0658 120
17900 174.355 -312075 -30.9743 163223 72.2895 72.2895 36.0662 120
18000 172.808 -312070 480.729 163205 72.2867 72.2867 36.0649 120
18100 175.7 -312069 211.255 163207 72.2871 72.2871 36.065 120
18200 177.179 -312069 199.74 163220 72.289 72.289 36.066 120
18300 176.015 -312068 -490.478 163225 72.2897 72.2897 36.0663 120
18400 175.83 -312073 309.282 163195 72.2853 72.2853 36.0642 120
18500 173.407 -312072 647.121 163182 72.2834 72.2834 36.0632 120
18600 173.684 -312072 58.9451 163197 72.2857 72.2857 36.0643 120
18700 176.168 -312072 -573.407 163197 72.2856 72.2856 36.0643 120
18800 173.957 -312064 604.333 163185 72.2839 72.2839 36.0634 120
18900 177.421 -312070 -609.913 163198 72.2858 72.2858 36.0644 120
19000 175.425 -312070 -8.99204 163200 72.2861 72.2861 36.0645 120
19100 173.031 -312070 -408.851 163199 72.2859 72.2859 36.0645 120
19200 174.422 -312074 -178.783 163183 72.2836 72.2836 36.0633 120
19300 174.79 -312071 587.805 163176 72.2825 72.2825 36.0627 120
19400 175.784 -312068 18.164 163195 72.2853 72.2853 36.0641 120
19500 174.669 -312065 -512.503 163217 72.2885 72.2885 36.0658 120
19600 175.496 -312070 -96.9099 163212 72.2878 72.2878 36.0654 120
19700 174.13 -312071 355.535 163182 72.2835 72.2835 36.0632 120
19800 174.294 -312074 118.312 163159 72.28 72.28 36.0615 120
19900 174.33 -312071 973.842 163157 72.2797 72.2797 36.0614 120
20000 174.463 -312067 -797.661 163191 72.2848 72.2848 36.0639 120
20100 176.317 -312069 -634.038 163212 72.2879 72.2879 36.0654 120
20200 176.075 -312070 -179.573 163221 72.2892 72.2892 36.0661 120
20300 175.114 -312072 154.892 163226 72.2899 72.2899 36.0664 120
20400 174.035 -312073 -849.989 163213 72.2879 72.2879 36.0655 120
20500 173.569 -312071 -204.31 163168 72.2813 72.2813 36.0622 120
20600 176.195 -312073 920.284 163120 72.2743 72.2743 36.0587 120
20700 176.506 -312070 131.156 163144 72.2778 72.2778 36.0604 120
20800 174.691 -312066 -345.873 163192 72.2849 72.285 36.064 120
20900 176.876 -312074 -537.433 163228 72.2902 72.2902 36.0666 120
21000 173.223 -312070 -548.698 163229 72.2904 72.2904 36.0667 120
21100 174.448 -312073 -114.962 163200 72.286 72.286 36.0645 120
21200 174.059 -312070 127.111 163171 72.2818 72.2818 36.0624 120
21300 176.385 -312071 979.752 163156 72.2796 72.2796 36.0613 120
21400 174.339 -312066 174.341 163185 72.2838 72.2838 36.0634 120
21500 175.165 -312069 -426.575 163224 72.2897 72.2897 36.0663 120
21600 174.15 -312072 -230.477 163233 72.291 72.291 36.067 120
21700 174.005 -312072 -197.784 163232 72.2907 72.2907 36.0669 120
21800 175.518 -312073 -220.972 163225 72.2898 72.2898 36.0664 120
21900 175.042 -312070 37.0768 163205 72.2869 72.2869 36.0649 120
22000 176.292 -312070 476.266 163175 72.2823 72.2823 36.0627 120
22100 176.259 -312071 373.553 163181 72.2833 72.2833 36.0631 120
22200 174.064 -312070 -769.608 163208 72.2873 72.2873 36.0651 120
22300 173.638 -312071 519.498 163207 72.2871 72.2871 36.065 120
22400 175.157 -312073 -176.059 163211 72.2878 72.2878 36.0654 120
22500 176.236 -312073 6.76193 163214 72.2881 72.2881 36.0655 120
22600 175.931 -312070 63.4431 163219 72.2889 72.2889 36.0659 120
22700 176.166 -312071 -98.7747 163207 72.2871 72.2871 36.0651 120
22800 175.014 -312070 884.065 163190 72.2846 72.2846 36.0638 120
22900 173.468 -312071 -198.785 163208 72.2873 72.2873 36.0651 120
23000 175.202 -312073 379.191 163211 72.2877 72.2877 36.0653 120
23100 173.614 -312069 -545.84 163201 72.2862 72.2862 36.0646 120
23200 173.476 -312066 615.572 163180 72.2831 72.2831 36.063 120
23300 174.543 -312068 297.501 163191 72.2847 72.2847 36.0639 120
23400 175.689 -312071 -543.843 163214 72.2882 72.2882 36.0656 120
23500 175.126 -312073 -229.537 163219 72.2889 72.2889 36.066 120
23600 173.095 -312069 -37.1575 163203 72.2865 72.2865 36.0647 120
23700 174.525 -312071 242.245 163184 72.2838 72.2838 36.0634 120
23800 175.133 -312070 -395.138 163198 72.2857 72.2857 36.0644 120
23900 174.661 -312069 -312.949 163214 72.2881 72.2881 36.0656 120
24000 173.867 -312068 -71.6146 163221 72.2891 72.2891 36.066 120
24100 173.134 -312068 -848.589 163222 72.2893 72.2893 36.0661 120
24200 173.921 -312069 500.833 163179 72.283 72.283 36.063 120
24300 174.912 -312072 706.561 163155 72.2794 72.2794 36.0612 120
24400 175.304 -312072 -253.716 163178 72.2829 72.2829 36.0629 120
24500 174.243 -312069 -699.071 163208 72.2872 72.2872 36.0651 120
24600 175.147 -312070 -266.393 163230 72.2906 72.2906 36.0668 120
24700 177.173 -312074 -407.064 163259 72.2948 72.2948 36.0689 120
24800 174.231 -312070 -1423.37 163259 72.2948 72.2948 36.0689 120
24900 175.463 -312073 423.047 163191 72.2847 72.2847 36.0638 120
25000 174.701 -312071 346.88 163139 72.2771 72.2771 36.06 120
25100 174.235 -312070 900.72 163146 72.2781 72.2781 36.0605 120
25200 174.887 -312070 142.187 163199 72.286 72.286 36.0645 120
25300 173.628 -312068 -225.715 163245 72.2927 72.2927 36.0679 120
25400 175.591 -312071 -685.479 163266 72.2959 72.2959 36.0694 120
25500 174.775 -312070 -386.752 163235 72.2912 72.2912 36.0671 120
25600 174.589 -312071 623.465 163186 72.284 72.284 36.0635 120
25700 174.335 -312071 129.171 163164 72.2808 72.2808 36.0619 120
25800 174.42 -312070 151.674 163160 72.2802 72.2802 36.0616 120
25900 176.549 -312074 411.223 163189 72.2845 72.2845 36.0637 120
26000 173.946 -312068 -286.506 163235 72.2913 72.2913 36.0671 120
26100 175.315 -312070 -373.248 163244 72.2926 72.2926 36.0678 120
26200 174.589 -312070 -383.742 163238 72.2917 72.2917 36.0673 120
26300 174.639 -312071 -500.351 163218 72.2887 72.2887 36.0658 120
26400 174.942 -312072 760.174 163188 72.2844 72.2844 36.0637 120
26500 174.766 -312071 34.634 163200 72.286 72.286 36.0645 120
26600 174.191 -312068 -623.092 163217 72.2886 72.2886 36.0658 120
26700 175.361 -312071 -230.584 163208 72.2873 72.2873 36.0651 120
26800 174.737 -312070 -292.48 163187 72.2842 72.2842 36.0636 120
26900 175.585 -312073 -208.692 163160 72.2801 72.2801 36.0616 120
27000 174.513 -312072 579.562 163162 72.2805 72.2805 36.0617 120
27100 174.512 -312071 -156.302 163196 72.2855 72.2855 36.0642 120
27200 174.91 -312071 -59.1027 163220 72.289 72.289 36.066 120
27300 175.697 -312071 -48.1731 163243 72.2925 72.2925 36.0677 120
27400 174.057 -312068 -161.384 163244 72.2926 72.2926 36.0678 120
27500 175.816 -312073 -896.638 163210 72.2876 72.2876 36.0653 120
27600 173.93 -312071 452.529 163150 72.2787 72.2787 36.0608 120
27700 174.657 -312072 1293.49 163129 72.2756 72.2757 36.0593 120
27800 175.819 -312073 -177.66 163178 72.2827 72.2828 36.0629 120
27900 176.08 -312072 30.1041 163214 72.2881 72.2881 36.0655 120
28000 175.42 -312071 66.196 163244 72.2925 72.2925 36.0678 120
28100 174.906 -312071 282.492 163245 72.2927 72.2927 36.0678 120
28200 175.047 -312073 -246.637 163225 72.2897 72.2897 36.0663 120
28300 174.048 -312071 308.689 163182 72.2835 72.2835 36.0632 120
28400 174.529 -312071 -33.862 163145 72.2779 72.2779 36.0605 120
28500 176.975 -312074 477.703 163151 72.2789 72.2789 36.0609 120
28600 175.816 -312072 -144.257 163195 72.2853 72.2853 36.0641 120
28700 174.766 -312071 -410.466 163230 72.2905 72.2905 36.0667 120
28800 175.551 -312076 -29.314 163248 72.2931 72.2931 36.068 120
28900 172.619 -312072 -63.6696 163255 72.2943 72.2943 36.0686 120
29000 174.154 -312074 -74.0051 163231 72.2907 72.2907 36.0668 120
29100 176.072 -312074 430.08 163202 72.2864 72.2864 36.0647 120
29200 175.757 -312072 613.503 163186 72.2839 72.2839 36.0635 120
29300 175.615 -312073 145.714 163180 72.2831 72.2831 36.0631 120
29400 175.937 -312076 7.5297 163191 72.2847 72.2847 36.0639 120
29500 174.974 -312077 -11.1717 163226 72.2899 72.2899 36.0664 120
29600 175.109 -312077 -992.502 163250 72.2935 72.2935 36.0682 120
29700 175.549 -312074 -466.634 163219 72.2888 72.2888 36.0659 120
29800 176.497 -312073 664.412 163169 72.2814 72.2814 36.0622 120
29900 175.15 -312071 359.874 163151 72.2788 72.2788 36.0609 120
30000 175.387 -312074 326.528 163168 72.2814 72.2814 36.0622 120
30100 173.931 -312075 -65.97 163211 72.2877 72.2877 36.0653 120
30200 172.968 -312074 226.637 163227 72.2901 72.2901 36.0665 120
30300 177.301 -312079 -460.116 163242 72.2923 72.2923 36.0676 120
30400 176.131 -312072 -597.746 163244 72.2925 72.2925 36.0678 120
30500 174.232 -312068 -423.392 163225 72.2898 72.2898 36.0664 120
30600 175.042 -312072 625.096 163179 72.283 72.283 36.063 120
30700 174.792 -312077 637.218 163161 72.2803 72.2803 36.0617 120
30800 174.043 -312078 405.936 163172 72.282 72.282 36.0625 120
30900 174.295 -312075 371.489 163202 72.2864 72.2864 36.0647 120
31000 175.648 -312072 200.361 163240 72.2919 72.2919 36.0675 120
31100 175.199 -312070 -1266.81 163263 72.2953 72.2953 36.0691 120
31200 177.191 -312075 -183.224 163240 72.2919 72.2919 36.0675 120
31300 175.168 -312076 58.9494 163213 72.2879 72.2879 36.0655 120
31400 173.149 -312076 -36.3836 163181 72.2833 72.2833 36.0632 120
31500 173.554 -312075 176.475 163166 72.2811 72.2811 36.062 120
31600 175.212 -312074 290.812 163179 72.283 72.283 36.063 120
31700 176.056 -312072 178.278 163205 72.2869 72.2869 36.0649 120
31800 176.025 -312072 -349.703 163226 72.29 72.29 36.0665 120
31900 173.955 -312073 243.644 163241 72.2921 72.2921 36.0675 120
32000 174.06 -312077 -738.633 163258 72.2947 72.2947 36.0688 120
32100 174.285 -312077 -554.528 163256 72.2944 72.2944 36.0687 120
32200 176.029 -312077 -673.182 163234 72.2912 72.2912 36.0671 120
32300 176.755 -312073 305.578 163163 72.2806 72.2806 36.0618 120
32400 176.694 -312073 1385.86 163126 72.2751 72.2751 36.0591 120
32500 175.427 -312075 32.3488 163163 72.2806 72.2806 36.0618 120
32600 173.902 -312076 129.37 163228 72.2902 72.2902 36.0666 120
32700 174.092 -312078 -1482.95 163294 72.3 72.3 36.0715 120
32800 175.146 -312077 5.90674 163265 72.2956 72.2956 36.0693 120
32900 174.944 -312072 659.8 163202 72.2863 72.2863 36.0647 120
33000 174.978 -312069 304.291 163163 72.2806 72.2806 36.0618 120
33100 175.432 -312073 86.7077 163151 72.2789 72.2789 36.061 120
33200 174.101 -312076 74.4996 163176 72.2825 72.2825 36.0627 120
33300 173.689 -312077 -227.645 163220 72.289 72.289 36.066 120
33400 175.378 -312078 -11.7177 163247 72.293 72.293 36.068 120
33500 177.169 -312076 -420.779 163254 72.2941 72.2941 36.0685 120
33600 176.316 -312071 -67.598 163236 72.2914 72.2914 36.0672 120
33700 175.776 -312073 -107.054 163200 72.286 72.286 36.0645 120
33800 174.357 -312075 158.927 163171 72.2818 72.2818 36.0624 120
33900 173.962 -312078 87.7209 163179 72.283 72.283 36.063 120
34000 173.078 -312075 -521.876 163215 72.2883 72.2883 36.0657 120
34100 175.197 -312074 136.717 163228 72.2902 72.2902 36.0666 120
34200 176.272 -312072 -246.955 163243 72.2924 72.2924 36.0677 120
34300 176.524 -312073 99.7947 163240 72.292 72.292 36.0675 120
34400 173.518 -312072 336.191 163215 72.2883 72.2883 36.0656 120
34500 173.555 -312077 241.9 163198 72.2858 72.2858 36.0644 120
34600 173.452 -312077 363.85 163181 72.2833 72.2833 36.0631 120
34700 174.425 -312075 332.945 163168 72.2813 72.2813 36.0621 120
34800 174.85 -312071 388.252 163177 72.2827 72.2827 36.0629 120
34900 175.704 -312071 -214.098 163205 72.2868 72.2868 36.0649 120
35000 176.393 -312076 -320.666 163221 72.2892 72.2892 36.0661 120
35100 174.911 -312078 428.994 163221 72.2892 72.2892 36.0661 120
35200 173.036 -312076 101.554 163243 72.2925 72.2925 36.0677 120
35300 172.931 -312073 -137.727 163255 72.2942 72.2942 36.0686 120
35400 176.647 -312076 -579.394 163225 72.2897 72.2897 36.0664 120
35500 177.228 -312075 168.077 163180 72.2831 72.2831 36.063 120
35600 176.968 -312076 330.493 163170 72.2817 72.2817 36.0623 120
35700 174.855 -312077 -93.3499 163189 72.2844 72.2844 36.0637 120
35800 172.509 -312075 742.383 163205 72.2868 72.2868 36.0649 120
35900 174.344 -312078 -42.1715 163230 72.2904 72.2904 36.0667 120
36000 176 -312075 -315.535 163239 72.2919 72.2919 36.0674 120
36100 176.415 -312073 -560.889 163244 72.2926 72.2926 36.0678 120
36200 175.619 -312072 44.4054 163232 72.2907 72.2907 36.0669 120
36300 173.308 -312072 619.293 163189 72.2844 72.2844 36.0637 120
36400 173.015 -312076 75.3789 163154 72.2793 72.2793 36.0612 120
36500 174.21 -312078 646.723 163169 72.2815 72.2815 36.0622 120
36600 174.521 -312075 309.182 163216 72.2884 72.2884 36.0657 120
36700 175.91 -312073 -66.534 163254 72.294 72.294 36.0685 120
36800 175.36 -312071 64.7992 163245 72.2927 72.2927 36.0679 120
36900 176.674 -312077 336.025 163220 72.2891 72.2891 36.066 120
37000 173.418 -312075 232.637 163199 72.2859 72.2859 36.0644 120
37100 173.437 -312078 342.988 163166 72.281 72.281 36.062 120
37200 174.149 -312077 518.839 163175 72.2824 72.2824 36.0627 120
37300 174.643 -312072 -111.286 163230 72.2905 72.2905 36.0667 120
37400 175.614 -312072 142.422 163264 72.2956 72.2956 36.0693 120
37500 175.848 -312075 -474.383 163257 72.2944 72.2944 36.0687 120
37600 174.699 -312077 180.413 163215 72.2883 72.2883 36.0656 120
37700 173.851 -312077 -26.2009 163176 72.2825 72.2825 36.0627 120
37800 174.565 -312077 275.656 163158 72.2798 72.2798 36.0614 120
37900 174.971 -312075 434.224 163181 72.2833 72.2833 36.0631 120
38000 176.847 -312075 -1219.97 163235 72.2912 72.2912 36.0671 120
38100 176.065 -312074 -1044.95 163255 72.2942 72.2942 36.0686 120
38200 175.513 -312076 273.859 163223 72.2895 72.2895 36.0662 120
38300 174.85 -312079 685.101 163183 72.2835 72.2835 36.0633 120
38400 175.816 -312080 327.767 163162 72.2804 72.2804 36.0617 120
38500 174.847 -312075 275.489 163181 72.2832 72.2832 36.0631 120
38600 176.078 -312074 -265.058 163227 72.29 72.29 36.0665 120
38700 175.417 -312073 -467.05 163244 72.2926 72.2926 36.0678 120
38800 174.313 -312074 -103.417 163228 72.2902 72.2902 36.0666 120
38900 174.916 -312078 642.195 163213 72.288 72.288 36.0655 120
39000 172.902 -312075 -158.016 163217 72.2886 72.2886 36.0658 120
39100 174.257 -312075 -1121.81 163214 72.2881 72.2881 36.0656 120
39200 176.428 -312076 697.267 163182 72.2834 72.2834 36.0632 120
39300 175.885 -312073 805.168 163186 72.284 72.284 36.0635 120
39400 174.538 -312073 -1161.64 163234 72.291 72.291 36.067 120
39500 175.086 -312078 -599.88 163236 72.2913 72.2913 36.0672 120
39600 174.94 -312079 597.244 163204 72.2866 72.2866 36.0648 120
39700 172.774 -312073 67.5001 163192 72.2849 72.2849 36.0639 120
39800 175.475 -312076 682.593 163214 72.2881 72.2881 36.0655 120
39900 174.835 -312072 -754.847 163256 72.2944 72.2944 36.0687 120
40000 175.78 -312073 370.559 163253 72.2939 72.2939 36.0684 120
40100 175.518 -312077 -251.852 163238 72.2916 72.2916 36.0673 120
40200 173.861 -312078 432.657 163208 72.2872 72.2872 36.0651 120
40300 172.388 -312075 105.874 163186 72.284 72.284 36.0635 120
40400 175.618 -312079 757.983 163194 72.2852 72.2852 36.0641 120
40500 173.082 -312070 -561.152 163244 72.2925 72.2925 36.0678 120
40600 176.532 -312076 -118.597 163258 72.2947 72.2947 36.0688 120
40700 174.253 -312075 -43.1493 163250 72.2935 72.2935 36.0682 120
40800 173.101 -312077 165.707 163217 72.2886 72.2886 36.0658 120
40900 175.44 -312082 -97.3447 163186 72.284 72.284 36.0635 120
41000 174.471 -312078 -390.334 163170 72.2816 72.2816 36.0623 120
41100 174.883 -312077 982.456 163174 72.2823 72.2823 36.0626 120
41200 175.477 -312078 263.772 163235 72.2912 72.2912 36.0671 120
41300 176.301 -312079 -997.593 163305 72.3015 72.3015 36.0722 120
41400 172.473 -312075 -747.446 163322 72.3041 72.3041 36.0735 120
41500 173.62 -312081 335.374 163277 72.2974 72.2974 36.0702 120
41600 173.655 -312080 116.555 163223 72.2895 72.2895 36.0663 120
41700 175.867 -312079 1174.13 163184 72.2838 72.2838 36.0634 120
41800 176.042 -312079 636.468 163191 72.2848 72.2848 36.0639 120
41900 175.164 -312078 464.281 163232 72.2908 72.2908 36.0669 120
42000 174.662 -312080 -784.821 163283 72.2983 72.2983 36.0706 120
42100 172.468 -312080 -833.454 163301 72.3009 72.3009 36.0719 120
42200 173.199 -312084 -525.154 163260 72.2949 72.2949 36.0689 120
42300 172.936 -312077 244.911 163196 72.2855 72.2855 36.0643 120
42400 174.825 -312078 1027.48 163159 72.2799 72.2799 36.0615 120
42500 174.745 -312077 147.473 163184 72.2837 72.2837 36.0633 120
42600 175.702 -312080 494.024 163232 72.2908 72.2908 36.0669 120
42700 172.093 -312077 -425.913 163299 72.3007 72.3007 36.0718 120
42800 174.44 -312082 193.287 163311 72.3025 72.3025 36.0727 120
42900 174.056 -312076 -41.59 163299 72.3006 72.3006 36.0718 120
43000 176.664 -312078 -421.539 163248 72.2932 72.2932 36.0681 120
43100 175.278 -312077 -48.4263 163195 72.2854 72.2854 36.0642 120
43200 174.221 -312079 408.393 163170 72.2817 72.2817 36.0623 120
43300 173.332 -312079 573.926 163193 72.2851 72.2851 36.064 120
43400 175.115 -312080 13.7903 163258 72.2947 72.2947 36.0688 120
43500 175.826 -312075 -595.263 163308 72.302 72.302 36.0725 120
43600 177.459 -312077 -78.8574 163311 72.3024 72.3024 36.0727 120
43700 176.723 -312080 10.3218 163297 72.3004 72.3004 36.0717 120
43800 173.428 -312077 -387.372 163250 72.2934 72.2934 36.0682 120
43900 173.144 -312078 54.4378 163186 72.284 72.284 36.0635 120
44000 175.081 -312081 855.984 163155 72.2794 72.2794 36.0612 120
44100 176.873 -312077 718.31 163205 72.2869 72.2869 36.0649 120
44200 176.774 -312076 -388.72 163311 72.3025 72.3025 36.0727 120
44300 175.05 -312076 -1023.84 163370 72.3111 72.3111 36.077 120
44400 175.002 -312079 -663.917 163344 72.3073 72.3073 36.0751 120
44500 174.424 -312079 210.386 163244 72.2925 72.2925 36.0677 120
44600 174.628 -312079 491.148 163163 72.2806 72.2806 36.0618 120
44700 174.933 -312078 1505.04 163139 72.277 72.277 36.06 120
44800 176.118 -312077 367.699 163221 72.2892 72.2892 36.0661 120
44900 177.489 -312079 -1239.08 163332 72.3055 72.3055 36.0742 120
45000 175.429 -312080 -785.189 163381 72.3128 72.3128 36.0778 120
45100 174.782 -312081 -852.417 163346 72.3077 72.3077 36.0753 120
45200 173.687 -312078 310.665 163242 72.2922 72.2922 36.0676 120
45300 173.676 -312077 735.696 163163 72.2806 72.2806 36.0618 120
45400 175.694 -312079 582.108 163159 72.28 72.28 36.0615 120
45500 176.513 -312075 650.457 163210 72.2876 72.2876 36.0653 120
45600 177.275 -312075 -140.466 163296 72.3002 72.3002 36.0716 120
45700 175.959 -312077 -483.135 163359 72.3096 72.3096 36.0763 120
45800 175.502 -312080 -109.674 163343 72.3072 72.3072 36.0751 120
45900 174.962 -312080 -447.911 163283 72.2983 72.2983 36.0706 120
46000 174.708 -312080 506.586 163197 72.2856 72.2856 36.0643 120
46100 175.746 -312077 810.028 163141 72.2774 72.2774 36.0602 120
46200 175.602 -312075 837.662 163167 72.2812 72.2812 36.0621 120
46300 176.574 -312080 -591.089 163273 72.2968 72.2968 36.0699 120
46400 174.463 -312079 -873.973 163358 72.3094 72.3094 36.0761 120
46500 175.936 -312081 -1526.83 163353 72.3086 72.3086 36.0758 120
46600 174.202 -312076 96.8008 163256 72.2944 72.2944 36.0687 120
46700 175.755 -312077 617.76 163161 72.2803 72.2803 36.0617 120
46800 176.164 -312077 605.571 163115 72.2736 72.2736 36.0583 120
46900 174.865 -312078 1069.08 163162 72.2805 72.2805 36.0618 120
47000 173.306 -312080 -1077.11 163279 72.2977 72.2977 36.0703 120
47100 173.343 -312078 -824.161 163339 72.3065 72.3065 36.0747 120
47200 176.897 -312081 -841.886 163331 72.3054 72.3054 36.0742 120
47300 176.974 -312078 -317.013 163283 72.2983 72.2983 36.0706 120
47400 175.771 -312077 240.567 163233 72.2909 72.2909 36.067 120
47500 174.762 -312078 354.352 163212 72.2878 72.2878 36.0654 120
47600 174.626 -312078 703.412 163211 72.2877 72.2877 36.0654 120
47700 174.646 -312080 1039.2 163241 72.2922 72.2922 36.0676 120
47800 173.987 -312080 -462.623 163286 72.2987 72.2987 36.0708 120
47900 173.342 -312081 -296.509 163293 72.2998 72.2998 36.0714 120
48000 174.661 -312081 -102.718 163274 72.297 72.297 36.07 120
48100 176.449 -312079 -158.351 163258 72.2946 72.2946 36.0688 120
48200 174.192 -312075 -98.1361 163249 72.2934 72.2934 36.0682 120
48300 173.652 -312077 -429.545 163237 72.2915 72.2915 36.0672 120
48400 174.494 -312084 -220.186 163224 72.2896 72.2896 36.0663 120
48500 172.44 -312080 90.6409 163224 72.2896 72.2896 36.0663 120
48600 174.027 -312081 949.051 163234 72.2911 72.2911 36.0671 120
48700 175.258 -312080 -60.9554 163269 72.2962 72.2962 36.0696 120
48800 175.856 -312078 -271.219 163293 72.2997 72.2997 36.0713 120
48900 175.853 -312078 -705.263 163281 72.298 72.298 36.0705 120
49000 173.848 -312077 785.054 163236 72.2914 72.2914 36.0672 120
49100 172.752 -312080 356.699 163224 72.2896 72.2896 36.0663 120
49200 174.356 -312082 252.49 163225 72.2898 72.2898 36.0664 120
49300 175.371 -312079 -112.578 163236 72.2913 72.2913 36.0671 120
49400 176.497 -312080 261.933 163245 72.2928 72.2928 36.0679 120
49500 177.33 -312082 -108.038 163264 72.2956 72.2956 36.0693 120
49600 173.969 -312078 -453.017 163266 72.2958 72.2958 36.0694 120
49700 174.714 -312083 301.787 163228 72.2902 72.2902 36.0666 120
49800 173.803 -312087 -19.2015 163208 72.2872 72.2872 36.0651 120
49900 173.517 -312082 220.068 163217 72.2885 72.2885 36.0658 120
50000 173.501 -312078 69.8849 163239 72.2919 72.2919 36.0674 120
50100 173.211 -312075 -166.06 163261 72.295 72.295 36.069 120
50200 175.253 -312078 -907.247 163280 72.2979 72.2979 36.0704 120
50300 175.717 -312078 187.076 163275 72.2971 72.2971 36.0701 120
50400 175.729 -312083 -365.091 163263 72.2954 72.2954 36.0692 120
50500 173.418 -312082 -521.039 163245 72.2927 72.2927 36.0678 120
50600 173.73 -312079 700.321 163215 72.2882 72.2882 36.0656 120
50700 176.243 -312081 281.299 163220 72.2891 72.2891 36.066 120
50800 174.157 -312076 316.829 163253 72.2939 72.2939 36.0684 120
50900 175.63 -312080 -626.718 163301 72.301 72.301 36.072 120
51000 174.008 -312078 -1033.46 163308 72.302 72.302 36.0725 120
51100 175.189 -312082 -68.788 163260 72.295 72.295 36.069 120
51200 173.099 -312081 429.029 163209 72.2874 72.2874 36.0652 120
51300 174.407 -312082 774.942 163190 72.2846 72.2846 36.0638 120
51400 175.161 -312079 240.701 163219 72.2889 72.2889 36.0659 120
51500 177.287 -312081 605.923 163238 72.2917 72.2917 36.0674 120
51600 176.629 -312080 -74.4989 163263 72.2954 72.2954 36.0692 120
51700 174.499 -312081 -152.29 163285 72.2986 72.2986 36.0708 120
51800 172.521 -312081 -652.979 163303 72.3013 72.3013 36.0721 120
51900 173.575 -312081 87.2808 163273 72.2969 72.2969 36.0699 120
52000 175.195 -312078 -610.204 163220 72.289 72.289 36.066 120
52100 176.662 -312081 947.175 163186 72.284 72.284 36.0635 120
52200 175.034 -312080 43.7069 163214 72.2881 72.2881 36.0655 120
52300 172.827 -312077 424.057 163252 72.2938 72.2938 36.0684 120
52400 173.573 -312080 -656.726 163287 72.299 72.299 36.071 120
52500 174.698 -312080 -453.4 163285 72.2986 72.2986 36.0708 120
52600 176.254 -312079 263.098 163262 72.2952 72.2952 36.0691 120
52700 175.884 -312077 -241.762 163244 72.2926 72.2926 36.0678 120
52800 174.522 -312079 -513.122 163230 72.2905 72.2905 36.0667 120
52900 174.944 -312084 -27.9271 163230 72.2906 72.2906 36.0668 120
53000 174.524 -312082 259.518 163242 72.2923 72.2923 36.0676 120
53100 175.822 -312081 -20.2003 163264 72.2955 72.2955 36.0692 120
53200 176.991 -312081 -945.743 163277 72.2974 72.2974 36.0702 120
53300 175.78 -312079 -257.551 163253 72.294 72.294 36.0685 120
53400 173.618 -312082 275.72 163236 72.2914 72.2914 36.0672 120
53500 174.507 -312084 447.789 163253 72.2939 72.2939 36.0684 120
53600 175.268 -312083 -455.754 163301 72.301 72.301 36.072 120
53700 174.071 -312076 -563.062 163317 72.3033 72.3033 36.0731 120
53800 175.903 -312079 -250.867 163277 72.2975 72.2975 36.0702 120
53900 176.261 -312082 265.912 163227 72.2901 72.2901 36.0665 120
54000 174.14 -312081 293.601 163208 72.2872 72.2872 36.0651 120
54100 174.324 -312085 795.028 163222 72.2893 72.2893 36.0661 120
54200 172.454 -312086 -174.169 163265 72.2957 72.2957 36.0693 120
54300 173.497 -312083 -467.69 163291 72.2996 72.2996 36.0713 120
54400 174.593 -312080 41.899 163292 72.2997 72.2997 36.0713 120
54500 175.917 -312081 -818.832 163275 72.2971 72.2971 36.07 120
54600 176.615 -312082 265.856 163222 72.2893 72.2893 36.0661 120
54700 175.518 -312081 489.188 163203 72.2865 72.2865 36.0648 120
54800 175.114 -312085 346.947 163235 72.2913 72.2913 36.0671 120
54900 173.036 -312082 372.446 163283 72.2983 72.2983 36.0706 120
55000 174.231 -312080 189.323 163303 72.3013 72.3013 36.0721 120
55100 176.846 -312082 -601.013 163304 72.3015 72.3015 36.0722 120
55200 177.042 -312083 -66.4136 163280 72.2979 72.2979 36.0704 120
55300 173.685 -312079 40.5166 163250 72.2934 72.2934 36.0682 120
55400 174.287 -312082 -775.601 163236 72.2914 72.2914 36.0672 120
55500 173.945 -312084 169.581 163234 72.2911 72.2911 36.067 120
55600 175.509 -312084 -94.9001 163248 72.2931 72.2931 36.068 120
55700 176.386 -312081 592.377 163249 72.2933 72.2933 36.0681 120
55800 176.626 -312081 239.814 163244 72.2925 72.2925 36.0678 120
55900 174.242 -312079 227.866 163237 72.2916 72.2916 36.0673 120
56000 174.04 -312083 474.343 163251 72.2936 72.2936 36.0683 120
56100 173.765 -312081 -62.6123 163283 72.2984 72.2984 36.0707 120
56200 174.529 -312081 -690.999 163321 72.304 72.304 36.0735 120
56300 174.775 -312080 -817.657 163324 72.3044 72.3044 36.0737 120
56400 175.208 -312080 261.501 163266 72.2959 72.2959 36.0694 120
56500 173.673 -312078 752.972 163198 72.2858 72.2858 36.0644 120
56600 173.126 -312081 858.127 163173 72.2821 72.2821 36.0626 120
56700 173.906 -312085 638.641 163181 72.2833 72.2833 36.0632 120
56800 172.508 -312079 -745.433 163244 72.2926 72.2926 36.0678 120
56900 174.96 -312079 349.345 163307 72.3019 72.3019 36.0724 120
57000 175.191 -312078 -912.922 163355 72.3089 72.3089 36.0759 120
57100 175.86 -312081 -989.815 163343 72.3071 72.3071 36.075 120
57200 171.822 -312080 -526.678 163265 72.2957 72.2957 36.0693 120
57300 173.485 -312084 1439.01 163179 72.283 72.283 36.063 120
57400 174.79 -312084 967.676 163180 72.2832 72.2832 36.0631 120
57500 174.798 -312081 -164.411 163251 72.2936 72.2936 36.0683 120
57600 175.402 -312080 -133.341 163311 72.3025 72.3025 36.0727 120
57700 174.88 -312079 -481.231 163322 72.304 72.304 36.0735 120
57800 174.458 -312082 -7.08893 163267 72.296 72.296 36.0695 120
57900 174.059 -312086 535.699 163211 72.2878 72.2878 36.0654 120
58000 173.913 -312084 667.868 163196 72.2855 72.2855 36.0642 120
58100 175.792 -312082 -80.3496 163234 72.2911 72.2911 36.067 120
58200 176.184 -312082 -346.871 163283 72.2984 72.2984 36.0707 120
58300 174.554 -312080 -245.529 163322 72.304 72.304 36.0735 120
58400 174.604 -312083 -349.6 163325 72.3045 72.3045 36.0737 120
58500 172.108 -312083 152.093 163272 72.2967 72.2967 36.0699 120
58600 173.66 -312084 794.549 163224 72.2896 72.2896 36.0663 120
58700 174.023 -312079 365.266 163234 72.291 72.291 36.067 120
58800 176.231 -312083 368.022 163268 72.2961 72.2961 36.0696 120
58900 175.94 -312082 -702.346 163302 72.3011 72.3011 36.072 120
59000 172.773 -312078 -21.7104 163305 72.3016 72.3016 36.0723 120
59100 173.49 -312083 -640.27 163288 72.299 72.299 36.071 120
59200 173.525 -312083 388.57 163251 72.2937 72.2937 36.0683 120
59300 174.846 -312081 590.202 163230 72.2905 72.2905 36.0667 120
59400 175.361 -312079 481.626 163226 72.2899 72.2899 36.0664 120
59500 175.091 -312080 226.525 163246 72.2929 72.2929 36.0679 120
59600 173.844 -312081 -247.895 163277 72.2974 72.2974 36.0702 120
59700 174.124 -312083 -234.183 163295 72.3001 72.3001 36.0715 120
59800 175.031 -312084 660.232 163280 72.2979 72.2979 36.0704 120
59900 175.404 -312084 -136.003 163276 72.2973 72.2973 36.0701 120
60000 175.76 -312083 -565.741 163275 72.2971 72.2971 36.07 120
60100 177.463 -312083 405.831 163256 72.2943 72.2943 36.0687 120
60200 176.552 -312078 -494.926 163262 72.2953 72.2953 36.0691 120
60300 175.964 -312081 -394.005 163262 72.2952 72.2952 36.0691 120
60400 174.163 -312081 466.306 163245 72.2928 72.2928 36.0679 120
60500 174.96 -312084 227.166 163267 72.2959 72.2959 36.0694 120
60600 175.235 -312084 -463.099 163293 72.2998 72.2998 36.0714 120
60700 176.13 -312082 96.7988 163284 72.2985 72.2985 36.0707 120
60800 177.712 -312082 281.346 163269 72.2963 72.2963 36.0696 120
60900 176.969 -312084 175.686 163256 72.2943 72.2943 36.0686 120
61000 173.511 -312083 318.779 163254 72.2941 72.2941 36.0685 120
61100 173.327 -312082 -195.857 163278 72.2976 72.2976 36.0703 120
61200 174.502 -312081 -655.721 163299 72.3006 72.3006 36.0718 120
61300 175.146 -312080 -214.719 163289 72.2992 72.2992 36.0711 120
61400 177.072 -312083 279.626 163268 72.2961 72.2961 36.0695 120
61500 174.752 -312085 -246.47 163278 72.2976 72.2976 36.0703 120
61600 173.044 -312083 -158.451 163284 72.2984 72.2984 36.0707 120
61700 174.479 -312083 498.948 163266 72.2958 72.2958 36.0694 120
61800 175.047 -312081 -116.774 163253 72.2939 72.2939 36.0685 120
61900 176.326 -312084 -330.022 163245 72.2928 72.2928 36.0679 120
62000 175.753 -312083 730.713 163235 72.2913 72.2913 36.0671 120
62100 176.363 -312085 456.38 163257 72.2945 72.2945 36.0687 120
62200 174.37 -312082 -966.598 163298 72.3005 72.3005 36.0717 120
62300 176.619 -312088 -308.717 163297 72.3004 72.3004 36.0717 120
62400 174.313 -312083 -408.978 163280 72.2978 72.2978 36.0704 120
62500 174.52 -312084 325.814 163251 72.2936 72.2936 36.0683 120
62600 174.62 -312083 227.527 163229 72.2904 72.2904 36.0667 120
62700 176.47 -312083 172.596 163244 72.2926 72.2926 36.0678 120
62800 175.171 -312080 -206.867 163290 72.2993 72.2993 36.0711 120
62900 175.237 -312083 -468.491 163323 72.3043 72.3043 36.0736 120
63000 174.097 -312086 -347.968 163299 72.3007 72.3007 36.0719 120
63100 173.09 -312084 826.876 163242 72.2922 72.2922 36.0676 120
63200 174.89 -312083 255.297 163225 72.2897 72.2897 36.0664 120
63300 175.863 -312083 422.147 163255 72.2941 72.2941 36.0686 120
63400 175.992 -312084 240.447 163291 72.2995 72.2995 36.0712 120
63500 174.537 -312083 -677.963 163303 72.3012 72.3012 36.0721 120
63600 174.606 -312084 341.871 163280 72.2979 72.2979 36.0704 120
63700 172.385 -312083 -80.8534 163253 72.2939 72.2939 36.0684 120
63800 173.891 -312087 491.281 163232 72.2908 72.2908 36.0669 120
63900 175.169 -312085 471.861 163252 72.2938 72.2938 36.0684 120
64000 176.121 -312083 -239.834 163291 72.2996 72.2996 36.0713 120
64100 174.953 -312081 -98.0172 163313 72.3028 72.3028 36.0729 120
64200 173.975 -312082 -352.842 163312 72.3026 72.3026 36.0728 120
64300 173.293 -312085 64.1017 163282 72.2982 72.2982 36.0706 120
64400 173.179 -312086 125.912 163248 72.2932 72.2932 36.0681 120
64500 175.227 -312082 -153.387 163229 72.2903 72.2903 36.0666 120
64600 176.352 -312083 1025.01 163226 72.2899 72.2899 36.0664 120
64700 175.831 -312085 -448.143 163270 72.2964 72.2964 36.0697 120
64800 175.163 -312088 -819.778 163318 72.3034 72.3034 36.0732 120
64900 174.96 -312088 -314.566 163315 72.3031 72.3031 36.073 120
65000 174.569 -312084 -603.625 163297 72.3004 72.3004 36.0717 120
65100 176.523 -312083 -31.9019 163262 72.2953 72.2953 36.0691 120
65200 175.002 -312081 754.157 163225 72.2898 72.2898 36.0664 120
65300 175.525 -312085 -32.6725 163246 72.2929 72.2929 36.0679 120
65400 175.695 -312087 424.711 163293 72.2998 72.2998 36.0714 120
65500 173.789 -312083 -171.818 163327 72.3049 72.3049 36.0739 120
65600 174.494 -312085 -674.857 163333 72.3058 72.3058 36.0744 120
65700 175.104 -312086 -425.853 163317 72.3034 72.3034 36.0732 120
65800 175.332 -312085 374.635 163285 72.2986 72.2986 36.0708 120
65900 175.366 -312085 910.268 163268 72.2961 72.2961 36.0695 120
66000 177.572 -312089 165.622 163285 72.2986 72.2986 36.0708 120
66100 175.338 -312087 -625.66 163296 72.3003 72.3003 36.0716 120
66200 173.323 -312086 882.09 163300 72.3009 72.3009 36.0719 120
66300 174.573 -312088 -784.588 163299 72.3007 72.3007 36.0719 120
66400 174.68 -312082 -529.061 163273 72.2968 72.2968 36.0699 120
66500 176.95 -312086 795.522 163243 72.2925 72.2925 36.0677 120
66600 176.023 -312087 765.768 163234 72.2911 72.2911 36.0671 120
66700 173.024 -312084 -54.0748 163258 72.2947 72.2947 36.0688 120
66800 173.144 -312085 83.1697 163295 72.3001 72.3001 36.0715 120
66900 173.626 -312082 -373.456 163327 72.3048 72.3048 36.0739 120
67000 177.148 -312082 -52.0071 163327 72.3048 72.3048 36.0739 120
67100 174.109 -312080 -149.018 163298 72.3006 72.3006 36.0718 120
67200 175.026 -312086 883.953 163247 72.2931 72.2931 36.068 120
67300 173.916 -312087 602.763 163231 72.2907 72.2907 36.0669 120
67400 173.775 -312085 -64.958 163246 72.2929 72.2929 36.0679 120
67500 176.1 -312084 123.099 163293 72.2998 72.2998 36.0714 120
67600 176.84 -312083 -868.874 163350 72.3083 72.3083 36.0756 120
67700 175.122 -312082 64.7594 163348 72.3079 72.3079 36.0754 120
67800 175.592 -312086 -729.688 163317 72.3033 72.3033 36.0731 120
67900 174.446 -312087 744.031 163242 72.2922 72.2922 36.0676 120
68000 176.325 -312090 753.134 163201 72.2863 72.2863 36.0646 120
68100 172.625 -312084 1101.37 163218 72.2887 72.2887 36.0658 120
68200 175.02 -312085 -59.0659 163276 72.2972 72.2972 36.0701 120
68300 175.549 -312082 -309.438 163327 72.3048 72.3048 36.0739 120
68400 174.028 -312082 -1062.47 163356 72.3091 72.3091 36.076 120
68500 174.358 -312087 -343.42 163331 72.3054 72.3054 36.0742 120
68600 174.007 -312088 300.434 163264 72.2955 72.2955 36.0692 120
68700 175.987 -312090 592.034 163207 72.2871 72.2871 36.065 120
68800 175.533 -312088 244.483 163216 72.2885 72.2885 36.0657 120
68900 175.12 -312087 176.255 163251 72.2936 72.2936 36.0683 120
69000 177.201 -312091 558.25 163298 72.3006 72.3006 36.0718 120
69100 175.442 -312088 -88.1229 163355 72.3089 72.3089 36.0759 120
69200 173.55 -312087 -830.809 163379 72.3124 72.3124 36.0777 120
69300 173.759 -312088 -139.799 163324 72.3043 72.3043 36.0736 120
69400 173.997 -312088 484.187 163245 72.2928 72.2928 36.0679 120
69500 175.753 -312087 748.386 163201 72.2862 72.2862 36.0646 120
69600 176.953 -312088 140.506 163208 72.2872 72.2872 36.0651 120
69700 176.346 -312089 305.833 163247 72.293 72.293 36.068 120
69800 175.097 -312090 183.494 163291 72.2995 72.2995 36.0712 120
69900 171.91 -312089 -536.559 163311 72.3025 72.3025 36.0727 120
70000 171.954 -312095 -58.6672 163301 72.301 72.301 36.072 120
70100 173.696 -312094 -645.444 163288 72.2991 72.2991 36.071 120
70200 173.494 -312089 -311.678 163282 72.2982 72.2982 36.0706 120
70300 173.624 -312085 214.187 163264 72.2955 72.2955 36.0692 120
70400 175.533 -312085 490.714 163248 72.2932 72.2932 36.0681 120
70500 175.522 -312086 -291.058 163258 72.2946 72.2946 36.0688 120
70600 173.846 -312087 266.182 163267 72.296 72.296 36.0695 120
70700 174.38 -312091 -506.037 163297 72.3004 72.3004 36.0717 120
70800 174.874 -312090 79.9476 163314 72.3028 72.3028 36.0729 120
70900 175.781 -312087 780.964 163328 72.305 72.305 36.074 120
71000 179.052 -312092 -1002.47 163333 72.3057 72.3057 36.0743 120
71100 175.452 -312087 -468.323 163300 72.3008 72.3008 36.0719 120
71200 174.418 -312088 14.9743 163271 72.2966 72.2966 36.0698 120
71300 173.395 -312087 -123.995 163253 72.2939 72.2939 36.0684 120
71400 171.807 -312085 1214.03 163237 72.2916 72.2916 36.0673 120
71500 175.072 -312088 249.45 163277 72.2974 72.2974 36.0702 120
71600 176.192 -312086 -753.509 163318 72.3035 72.3035 36.0733 120
71700 176.661 -312087 -507.172 163337 72.3062 72.3062 36.0746 120
71800 175.862 -312090 -920.791 163319 72.3036 72.3036 36.0733 120
71900 172.357 -312086 5.31469 163274 72.297 72.297 36.07 120
72000 173.398 -312087 202.207 163242 72.2922 72.2922 36.0676 120
72100 173.936 -312086 142.188 163237 72.2915 72.2915 36.0672 120
72200 176.098 -312087 303.932 163255 72.2942 72.2942 36.0686 120
72300 176.304 -312086 378.709 163299 72.3008 72.3008 36.0719 120
72400 176.213 -312084 -331.821 163353 72.3087 72.3087 36.0758 120
72500 175.849 -312088 -866.048 163368 72.3109 72.3109 36.0769 120
72600 173.747 -312087 -138.759 163317 72.3033 72.3033 36.0731 120
72700 174.121 -312089 69.2572 163235 72.2912 72.2912 36.0671 120
72800 176.09 -312090 1439.27 163189 72.2844 72.2844 36.0637 120
72900 177.039 -312086 430.724 163246 72.2928 72.2928 36.0679 120
73000 175.237 -312083 -75.9647 163334 72.3058 72.3058 36.0744 120
73100 176.328 -312087 -1234.5 163383 72.3131 72.3131 36.078 120
73200 173.883 -312084 -102.445 163342 72.3071 72.3071 36.075 120
73300 174.79 -312089 -91.7428 163291 72.2995 72.2995 36.0712 120
73400 174.364 -312090 -32.6382 163251 72.2936 72.2936 36.0683 120
73500 173.328 -312089 615.699 163223 72.2895 72.2895 36.0663 120
73600 173.449 -312087 693.739 163243 72.2924 72.2924 36.0677 120
73700 176.128 -312087 -785.094 163322 72.3041 72.3041 36.0735 120
73800 176.316 -312086 -840.103 163384 72.3133 72.3133 36.0781 120
73900 174.068 -312084 -1181.57 163372 72.3114 72.3114 36.0772 120
74000 173.773 -312090 88.5472 163291 72.2995 72.2995 36.0712 120
74100 175.138 -312093 1113.65 163206 72.2869 72.2869 36.065 120
74200 174.497 -312090 532.925 163202 72.2863 72.2863 36.0647 120
74300 176.697 -312091 624.476 163239 72.2918 72.2918 36.0674 120
74400 176.464 -312088 68.0315 163277 72.2975 72.2975 36.0702 120
74500 175.035 -312086 -413.372 163328 72.305 72.305 36.074 120
74600 173.085 -312088 -1530.85 163366 72.3105 72.3105 36.0767 120
74700 173.848 -312091 -631.348 163329 72.3051 72.3051 36.074 120
74800 174.241 -312089 -285.801 163254 72.294 72.294 36.0685 120
74900 177.638 -312092 970.699 163202 72.2863 72.2863 36.0647 120
75000 175.999 -312089 1143.2 163202 72.2864 72.2864 36.0647 120
75100 174.3 -312087 476.816 163268 72.2961 72.2961 36.0695 120
75200 172.846 -312087 -852.196 163372 72.3115 72.3115 36.0772 120
75300 172.445 -312090 -1495.89 163408 72.3167 72.3167 36.0798 120
75400 173.519 -312088 -723.669 163334 72.3059 72.3059 36.0744 120
75500 175.85 -312090 814.579 163226 72.2899 72.2899 36.0664 120
75600 175.38 -312088 864.336 163170 72.2817 72.2817 36.0623 120
75700 176.49 -312090 689.764 163192 72.2849 72.2849 36.0639 120
75800 175.501 -312088 -310.375 163278 72.2975 72.2975 36.0703 120
75900 173.221 -312085 -462.923 163351 72.3083 72.3083 36.0756 120
76000 173.795 -312088 -537.265 163374 72.3117 72.3117 36.0773 120
76100 175.722 -312092 570.066 163337 72.3063 72.3063 36.0746 120
76200 175.082 -312086 533.699 163270 72.2964 72.2964 36.0697 120
76300 174.49 -312084 439.376 163210 72.2876 72.2876 36.0653 120
76400 175.626 -312088 1236.99 163201 72.2862 72.2862 36.0646 120
76500 175.066 -312089 262.339 163267 72.296 72.296 36.0695 120
76600 174.907 -312089 -1297.58 163353 72.3086 72.3086 36.0758 120
76700 174.181 -312087 -1357.4 163382 72.3129 72.3129 36.0779 120
76800 174.775 -312086 111.373 163334 72.3059 72.3059 36.0744 120
76900 176.148 -312087 -301.781 163285 72.2986 72.2986 36.0708 120
77000 174.659 -312082 20.4 163232 72.2907 72.2907 36.0669 120
77100 176.397 -312085 1531.53 163210 72.2876 72.2876 36.0653 120
77200 174.147 -312086 -421.267 163264 72.2955 72.2955 36.0692 120
77300 173.48 -312086 -568.573 163334 72.3058 72.3058 36.0744 120
77400 175.256 -312090 -90.6572 163362 72.31 72.31 36.0765 120
77500 175.434 -312087 -569.718 163338 72.3064 72.3064 36.0747 120
77600 176.537 -312086 209.557 163274 72.297 72.297 36.07 120
77700 176.264 -312085 -14.2713 163240 72.292 72.292 36.0675 120
77800 174.796 -312090 351.784 163241 72.2922 72.2922 36.0676 120
77900 173.668 -312088 142.732 163269 72.2963 72.2963 36.0696 120
78000 173.676 -312085 180.042 163304 72.3014 72.3014 36.0722 120
78100 176.059 -312087 -117.361 163332 72.3055 72.3055 36.0742 120
78200 175.86 -312086 -217.408 163323 72.3042 72.3042 36.0736 120
78300 175.494 -312089 484.075 163278 72.2976 72.2976 36.0703 120
78400 173.367 -312090 966.44 163246 72.2928 72.2928 36.0679 120
78500 174.357 -312090 259.017 163267 72.296 72.296 36.0695 120
78600 173.102 -312083 385.408 163297 72.3003 72.3003 36.0717 120
78700 173.64 -312083 -466.901 163311 72.3025 72.3025 36.0727 120
78800 175.331 -312086 -275.016 163284 72.2985 72.2985 36.0707 120
78900 172.763 -312087 179.818 163258 72.2946 72.2946 36.0688 120
79000 173.155 -312091 244.218 163252 72.2937 72.2937 36.0683 120
79100 176.392 -312093 531.308 163261 72.2951 72.2951 36.069 120
79200 174.195 -312085 -170.113 163319 72.3037 72.3037 36.0733 120
79300 175.342 -312087 -1230.49 163367 72.3107 72.3107 36.0768 120
79400 175.13 -312086 -636.725 163340 72.3068 72.3068 36.0749 120
79500 174.485 -312089 -2.03847 163275 72.2972 72.2972 36.0701 120
79600 174.676 -312095 1258.03 163208 72.2872 72.2872 36.0651 120
79700 174.759 -312092 1554.94 163201 72.2862 72.2862 36.0646 120
79800 175.702 -312090 -492.902 163283 72.2983 72.2983 36.0706 120
79900 175.379 -312088 -1173.16 163348 72.308 72.308 36.0754 120
80000 175.34 -312086 -259.586 163343 72.3071 72.3071 36.075 120
80100 176.221 -312089 -633.926 163309 72.3022 72.3022 36.0726 120
80200 174.944 -312090 73.2948 163259 72.2948 72.2948 36.0689 120
80300 172.197 -312088 596.498 163233 72.291 72.291 36.067 120
80400 175.418 -312091 471.681 163246 72.2929 72.2929 36.0679 120
80500 176.624 -312088 726.992 163275 72.2972 72.2972 36.0701 120
80600 176.13 -312087 -1090.89 163301 72.301 72.301 36.072 120
80700 176.331 -312089 22.8765 163293 72.2998 72.2998 36.0714 120
80800 174.401 -312090 76.0803 163281 72.2981 72.2981 36.0705 120
80900 174.254 -312092 71.1674 163285 72.2986 72.2986 36.0708 120
81000 173.296 -312089 206.353 163287 72.2989 72.2989 36.071 120
81100 177.216 -312091 61.9509 163306 72.3018 72.3018 36.0724 120
81200 175.502 -312086 -382.366 163329 72.3051 72.3051 36.074 120
81300 175.404 -312088 259.18 163318 72.3035 72.3035 36.0732 120
81400 174.759 -312091 -119.33 163310 72.3023 72.3023 36.0726 120
81500 173.885 -312091 -147.607 163303 72.3013 72.3013 36.0721 120
81600 173.96 -312089 226.365 163291 72.2995 72.2995 36.0712 120
81700 177.397 -312091 866.428 163293 72.2998 72.2998 36.0714 120
81800 178.687 -312087 -240.507 163329 72.305 72.305 36.074 120
81900 177.55 -312086 31.2932 163346 72.3076 72.3076 36.0753 120
82000 178.652 -312092 -596.831 163343 72.3072 72.3072 36.0751 120
82100 174.789 -312090 -233.279 163313 72.3027 72.3027 36.0729 120
82200 173.981 -312091 -196.062 163271 72.2965 72.2965 36.0698 120
82300 175.998 -312095 1312.96 163250 72.2935 72.2935 36.0682 120
82400 174.34 -312088 -321.222 163309 72.3022 72.3022 36.0726 120
82500 176.06 -312087 -1183.28 163379 72.3125 72.3125 36.0777 120
82600 174.753 -312086 -678.646 163378 72.3123 72.3123 36.0776 120
82700 174.265 -312088 -159.387 163330 72.3053 72.3053 36.0741 120
82800 175.483 -312092 128.139 163272 72.2967 72.2967 36.0699 120
82900 176.322 -312093 591.533 163242 72.2922 72.2922 36.0676 120
83000 174.359 -312089 690.876 163264 72.2955 72.2955 36.0692 120
83100 174.862 -312088 -434.212 163330 72.3052 72.3052 36.0741 120
83200 177.149 -312090 -217.875 163376 72.3121 72.3121 36.0775 120
83300 174.439 -312088 -858.173 163375 72.3119 72.3119 36.0774 120
83400 174.342 -312093 -554.209 163325 72.3045 72.3045 36.0737 120
83500 174.483 -312093 446.193 163262 72.2952 72.2952 36.0691 120
83600 175.018 -312091 1358.14 163240 72.292 72.292 36.0675 120
83700 175.438 -312088 572.762 163291 72.2995 72.2995 36.0712 120
83800 176.798 -312089 -846.765 163370 72.3112 72.3112 36.077 120
83900 177.62 -312087 -566.059 163407 72.3167 72.3167 36.0798 120
84000 176.666 -312089 -558.027 163387 72.3136 72.3136 36.0783 120
84100 174.728 -312091 893.421 163333 72.3056 72.3056 36.0743 120
84200 173.967 -312092 685.904 163274 72.297 72.297 36.07 120
84300 173.637 -312091 620.116 163253 72.2939 72.2939 36.0684 120
84400 176.461 -312091 413.646 163262 72.2952 72.2952 36.0691 120
84500 177.064 -312090 -3.71498 163304 72.3014 72.3014 36.0722 120
84600 175.962 -312090 -748.809 163343 72.3072 72.3072 36.0751 120
84700 175.435 -312091 -446.636 163341 72.3069 72.3069 36.0749 120
84800 174.369 -312090 530.205 163325 72.3045 72.3045 36.0737 120
84900 173.381 -312088 -308.867 163348 72.308 72.308 36.0755 120
85000 174.014 -312088 -686.988 163345 72.3075 72.3075 36.0752 120
85100 174.448 -312086 -402.968 163320 72.3038 72.3038 36.0734 120
85200 177.592 -312089 215.725 163295 72.3001 72.3001 36.0715 120
85300 177.325 -312093 9.57668 163290 72.2994 72.2994 36.0712 120
85400 174.713 -312092 243.978 163297 72.3004 72.3004 36.0717 120
85500 176.63 -312096 -348.561 163321 72.304 72.304 36.0735 120
85600 176.288 -312093 -780.4 163366 72.3106 72.3106 36.0768 120
85700 174.684 -312086 -1024.01 163396 72.3151 72.3151 36.079 120
85800 176.687 -312086 19.1349 163374 72.3117 72.3117 36.0773 120
85900 176.07 -312088 467.251 163307 72.3018 72.3018 36.0724 120
86000 176.514 -312092 635.506 163251 72.2937 72.2937 36.0683 120
86100 174.675 -312091 1006.1 163247 72.2929 72.2929 36.068 120
86200 174.875 -312093 -493.471 163288 72.2991 72.2991 36.071 120
86300 173.084 -312089 -470.923 163326 72.3046 72.3046 36.0738 120
86400 174.133 -312086 -564.519 163354 72.3088 72.3088 36.0759 120
86500 177.83 -312090 389.864 163361 72.3098 72.3098 36.0764 120
86600 176.69 -312091 33.7096 163356 72.3091 72.3091 36.076 120
86700 174.089 -312090 -527.305 163333 72.3057 72.3057 36.0743 120
86800 174.583 -312092 -373.247 163293 72.2998 72.2998 36.0714 120
86900 174.561 -312091 913.2 163256 72.2943 72.2943 36.0686 120
87000 175.217 -312089 405.476 163266 72.2958 72.2959 36.0694 120
87100 176.759 -312087 -275.053 163316 72.3031 72.3031 36.073 120
87200 176.366 -312084 -172.965 163363 72.3101 72.3101 36.0765 120
87300 175.005 -312089 -174.355 163370 72.3112 72.3112 36.0771 120
87400 174.291 -312091 -238.79 163341 72.3069 72.3069 36.0749 120
87500 175.07 -312093 352.922 163283 72.2983 72.2983 36.0706 120
87600 173.631 -312089 346.533 163263 72.2953 72.2953 36.0691 120
87700 175.453 -312089 -189.041 163277 72.2974 72.2974 36.0702 120
87800 175.633 -312088 289.287 163306 72.3017 72.3017 36.0723 120
87900 176.157 -312091 -450.207 163344 72.3073 72.3073 36.0751 120
88000 173.767 -312092 -235.04 163367 72.3107 72.3107 36.0768 120
88100 174.681 -312093 -1041.27 163351 72.3083 72.3083 36.0756 120
88200 175.316 -312091 -259.311 163298 72.3005 72.3005 36.0717 120
88300 175.18 -312088 797.62 163258 72.2946 72.2946 36.0688 120
88400 175.807 -312090 387.672 163278 72.2976 72.2976 36.0703 120
88500 175.464 -312091 -632.841 163337 72.3063 72.3063 36.0746 120
88600 175.428 -312092 -311.464 163364 72.3103 72.3103 36.0766 120
88700 173.495 -312088 -566.654 163347 72.3077 72.3077 36.0753 120
88800 174.074 -312089 -316.822 163299 72.3007 72.3007 36.0718 120
88900 174.68 -312091 1091.41 163271 72.2965 72.2965 36.0697 120
89000 175.501 -312094 495.69 163288 72.2991 72.2991 36.071 120
89100 174.172 -312092 -504.074 163318 72.3035 72.3035 36.0732 120
89200 175.889 -312093 120.952 163336 72.3062 72.3062 36.0746 120
89300 176.777 -312091 -1115.99 163365 72.3104 72.3104 36.0767 120
89400 176.686 -312089 -466.458 163323 72.3042 72.3042 36.0736 120
89500 173.848 -312090 844.13 163234 72.2911 72.2911 36.067 120
89600 173.035 -312092 1009.47 163202 72.2864 72.2864 36.0647 120
89700 173.979 -312092 198.039 163270 72.2964 72.2964 36.0697 120
89800 175.591 -312091 -396.338 163372 72.3114 72.3114 36.0772 120
89900 175.216 -312088 -1673.88 163431 72.3202 72.3202 36.0815 120
90000 175.083 -312089 -642.156 163389 72.314 72.314 36.0784 120
90100 173.8 -312094 -221.138 163298 72.3005 72.3005 36.0717 120
90200 173.313 -312094 1343.12 163209 72.2875 72.2875 36.0652 120
90300 175.809 -312095 1362.61 163188 72.2842 72.2842 36.0636 120
90400 175.841 -312092 -368.826 163253 72.2938 72.2938 36.0684 120
90500 176.778 -312093 -168.936 163339 72.3065 72.3065 36.0747 120
90600 173.904 -312090 -1028.51 163414 72.3177 72.3177 36.0803 120
90700 173.594 -312094 -1535.87 163437 72.3211 72.3211 36.082 120
90800 173.466 -312094 -1159.25 163372 72.3114 72.3114 36.0772 120
90900 174.676 -312095 287.557 163250 72.2934 72.2934 36.0682 120
91000 175.242 -312094 1376.14 163164 72.2807 72.2807 36.0619 120
91100 176.152 -312094 780.59 163181 72.2832 72.2832 36.0631 120
91200 176.826 -312098 -48.7321 163302 72.3011 72.3011 36.072 120
91300 174.697 -312098 -669.194 163436 72.3209 72.3209 36.0819 120
91400 175.973 -312099 -1413.52 163478 72.327 72.327 36.085 120
91500 174.919 -312094 -607.934 163409 72.3169 72.3169 36.0799 120
91600 175.001 -312094 1007.06 163281 72.2981 72.2981 36.0705 120
91700 177.636 -312100 963.538 163203 72.2866 72.2866 36.0648 120
91800 173.896 -312099 555.384 163213 72.288 72.288 36.0655 120
91900 173.91 -312099 96.2818 163294 72.3 72.3 36.0715 120
92000 175.079 -312097 -1048.13 163388 72.3138 72.3138 36.0784 120
92100 174.862 -312093 -1116.88 163410 72.3171 72.3171 36.08 120
92200 177.048 -312098 249.548 163347 72.3077 72.3077 36.0753 120
92300 173.138 -312093 596.077 163286 72.2988 72.2988 36.0709 120
92400 173.68 -312100 -148.023 163283 72.2983 72.2983 36.0706 120
92500 172.275 -312099 -175.838 163299 72.3007 72.3007 36.0718 120
92600 173.722 -312099 334.613 163338 72.3064 72.3064 36.0747 120
92700 175.457 -312098 -445.18 163373 72.3116 72.3116 36.0773 120
92800 174.463 -312093 -145.065 163361 72.3099 72.3099 36.0764 120
92900 177.11 -312099 22.5908 163339 72.3066 72.3066 36.0748 120
93000 174.573 -312097 -35.4178 163323 72.3043 72.3043 36.0736 120
93100 173.442 -312100 261.788 163312 72.3026 72.3026 36.0728 120
93200 173.88 -312099 -222.682 163329 72.3052 72.3052 36.0741 120
93300 173.966 -312096 462.047 163334 72.3059 72.3059 36.0744 120
93400 174.176 -312094 -415.83 163337 72.3063 72.3063 36.0746 120
93500 175.958 -312098 184.772 163329 72.305 72.305 36.074 120
93600 175.981 -312099 25.9317 163340 72.3067 72.3067 36.0748 120
93700 173.85 -312100 -337.452 163333 72.3056 72.3056 36.0743 120
93800 173.158 -312101 754.377 163283 72.2983 72.2983 36.0706 120
93900 172.939 -312097 815.105 163279 72.2977 72.2977 36.0703 120
94000 174.29 -312095 -62.1032 163322 72.3041 72.3041 36.0735 120
94100 175.091 -312096 -821.547 163377 72.3122 72.3122 36.0776 120
94200 175.823 -312097 -675.608 163397 72.3151 72.3151 36.079 120
94300 174.25 -312096 -735.969 163368 72.3108 72.3108 36.0769 120
94400 172.636 -312096 92.6577 163305 72.3016 72.3016 36.0723 120
94500 175.471 -312104 693.56 163251 72.2937 72.2937 36.0683 120
94600 173.016 -312095 766.123 163250 72.2935 72.2935 36.0682 120
94700 174.166 -312093 602.635 163310 72.3022 72.3022 36.0726 120
94800 177.046 -312098 -1057.68 163380 72.3126 72.3126 36.0778 120
94900 174.185 -312096 -557.075 163394 72.3147 72.3147 36.0788 120
95000 172.026 -312095 -858.844 163366 72.3106 72.3106 36.0768 120
95100 173.687 -312100 678.02 163309 72.3021 72.3021 36.0725 120
95200 174.669 -312097 234.861 163274 72.2969 72.2969 36.07 120
95300 177.28 -312098 751.938 163273 72.2968 72.2968 36.0699 120
95400 175.095 -312094 294.613 163331 72.3054 72.3054 36.0742 120
95500 175.507 -312100 -953.446 163393 72.3145 72.3145 36.0787 120
95600 173.009 -312096 -129.008 163384 72.3133 72.3133 36.0781 120
95700 174.676 -312098 -421.419 163353 72.3087 72.3087 36.0758 120
95800 176.354 -312095 -239.604 163314 72.3028 72.3028 36.0729 120
95900 178.221 -312098 556.044 163296 72.3002 72.3002 36.0716 120
96000 176.313 -312098 -508.749 163301 72.301 72.301 36.072 120
96100 174.064 -312097 332.406 163291 72.2996 72.2996 36.0713 120
96200 175.217 -312100 -84.6051 163309 72.3021 72.3021 36.0725 120
96300 174.732 -312097 219.386 163351 72.3083 72.3083 36.0756 120
96400 176.201 -312093 -518.716 163381 72.3128 72.3128 36.0779 120
96500 177.447 -312096 -412.787 163359 72.3096 72.3096 36.0763 120
96600 176.065 -312098 362.697 163316 72.3032 72.3032 36.0731 120
96700 175.631 -312099 118.788 163286 72.2987 72.2987 36.0708 120
96800 173.166 -312095 257.971 163280 72.2979 72.2979 36.0704 120
96900 174.937 -312098 290.249 163306 72.3017 72.3017 36.0723 120
97000 175.772 -312095 -322.36 163335 72.306 72.306 36.0745 120
97100 175.48 -312091 -59.5697 163356 72.309 72.309 36.076 120
97200 176.984 -312097 149.334 163361 72.3098 72.3098 36.0764 120
97300 175.246 -312097 -296.239 163344 72.3073 72.3073 36.0751 120
97400 174.414 -312096 731.859 163318 72.3035 72.3035 36.0732 120
97500 173.738 -312096 292.138 163306 72.3017 72.3017 36.0723 120
97600 175.021 -312098 855.115 163286 72.2987 72.2987 36.0708 120
97700 174.573 -312094 -79.9074 163294 72.3 72.3 36.0715 120
97800 175.528 -312093 -228.281 163324 72.3044 72.3044 36.0737 120
97900 175.355 -312096 94.2689 163362 72.31 72.31 36.0765 120
98000 175.184 -312100 -513.099 163378 72.3124 72.3124 36.0777 120
98100 174.698 -312099 -260.426 163348 72.3079 72.3079 36.0754 120
98200 175.111 -312098 315.576 163301 72.3009 72.3009 36.0719 120
98300 175.59 -312095 471.614 163282 72.2982 72.2982 36.0706 120
98400 177.503 -312094 -229.825 163288 72.299 72.299 36.071 120
98500 177.103 -312091 209.76 163321 72.304 72.304 36.0735 120
98600 175.732 -312095 -276.742 163366 72.3106 72.3106 36.0768 120
98700 174.734 -312097 -124.941 163389 72.3139 72.3139 36.0784 120
98800 175.922 -312101 -544.689 163375 72.312 72.312 36.0774 120
98900 174.255 -312098 -218.848 163319 72.3037 72.3037 36.0733 120
99000 175.051 -312097 -70.0758 163266 72.2958 72.2958 36.0694 120
99100 176.455 -312096 822.419 163254 72.294 72.294 36.0685 120
99200 174.3 -312092 349.072 163306 72.3017 72.3017 36.0723 120
99300 173.281 -312097 -512.223 163383 72.313 72.313 36.078 120
99400 173.743 -312098 -1092.24 163419 72.3184 72.3184 36.0807 120
99500 175.116 -312098 -142.571 163382 72.3129 72.3129 36.0779 120
99600 174.452 -312093 939.784 163309 72.3022 72.3022 36.0726 120
99700 175.416 -312095 810.763 163272 72.2967 72.2967 36.0698 120
99800 175.083 -312099 930.006 163277 72.2974 72.2974 36.0702 120
99900 173.963 -312100 -603.226 163348 72.3079 72.3079 36.0754 120
100000 173.266 -312097 -1578.33 163402 72.3159 72.3159 36.0794 120
