shift, A	phi, rad	Energy(TOTEN)     EDIFF		


0.00    0.000	-459.288853	0.00001
0.00	0.079	-459.288838	0.00001
0.00    0.157	-459.288798	0.00001
0.00	0.236	-459.288749	0.00001
#0.00	0.260	-459.288734	0.00001
0.00    0.314	-459.288699	0.00001
0.00	0.393	-459.288647	0.00001
0.00    0.471	-459.288622	0.00001
0.00	0.550	-459.288620	0.00001
0.00    0.628	-459.288636	0.00001
0.00	0.707	-459.288679	0.00001
0.00	0.785	-459.288734	0.00001
0.00	0.864	-459.288784	0.00001
0.00	0.942	-459.288829	0.00001
0.00	1.021	-459.288850	0.00001
0.00	1.100	-459.288846	0.00001
0.00	1.178	-459.288815	0.00001
0.00	1.257	-459.288766	0.00001
0.00	1.335	-459.288718	0.00001
0.00	1.414	-459.288661	0.00001
0.00	1.492	-459.288627	0.00001
0.00    1.571	-459.288620	0.00001
0.00	1.649	-459.288626	0.00001
0.00	1.728	-459.288661	0.00001
0.00	1.806	-459.288718	0.00001
0.00	1.885	-459.288766	0.00001
0.00	1.963	-459.288814	0.00001
0.00	2.042	-459.288845	0.00001
0.00	2.121	-459.288849	0.00001
0.00	2.199	-459.288828	0.00001
0.00	2.278	-459.288782	0.00001
0.00	2.356	-459.288733	0.00001
0.00	2.435	-459.288677	0.00001
0.00	2.513	-459.288634	0.00001
0.00	2.592	-459.288619	0.00001
0.00	2.670	-459.288620	0.00001
0.00	2.749	-459.288646	0.00001
0.00	2.827	-459.288697	0.00001
0.00	2.906	-459.288749	0.00001
0.00	2.985	-459.288799	0.00001
0.00	3.063	-459.288838	0.00001
0.00	3.142	-459.288852	0.00001
