# Time-averaged data for fix 2
# TimeStep c_thermo_temp c_thermo_pe c_thermo_press v_myVol v_myCella v_myCellb v_myCellc v_myCellgamma
0 67.359 -312199 209.53 162368 72.163 72.163 36.0031 120
100 64.6997 -312205 614.184 162436 72.1731 72.1731 36.0082 120
200 66.8197 -312203 100.044 162509 72.1838 72.1838 36.0135 120
300 70.6106 -312195 -86.4159 162543 72.1889 72.1889 36.016 120
400 75.0584 -312194 208.043 162547 72.1895 72.1895 36.0163 120
500 73.6107 -312200 -67.9449 162559 72.1914 72.1914 36.0173 120
600 68.8698 -312209 -65.6921 162564 72.1921 72.1921 36.0176 120
700 66.9885 -312217 146.927 162566 72.1923 72.1923 36.0177 120
800 66.0646 -312216 547.853 162602 72.1977 72.1977 36.0204 120
900 68.9468 -312211 -705.593 162664 72.2069 72.2069 36.025 120
1000 72.2886 -312208 -207.692 162643 72.2037 72.2037 36.0234 120
1100 73.2055 -312210 87.3156 162600 72.1974 72.1974 36.0203 120
1200 70.1072 -312216 719.04 162603 72.1978 72.1978 36.0205 120
1300 67.2842 -312221 210.857 162677 72.2088 72.2088 36.026 120
1400 67.302 -312224 -466.441 162702 72.2124 72.2124 36.0278 120
1500 68.6929 -312219 480.781 162659 72.206 72.206 36.0246 120
1600 71.6526 -312215 -172.908 162641 72.2034 72.2034 36.0233 120
1700 72.7091 -312213 -312.183 162644 72.2039 72.2039 36.0235 120
1800 70.7765 -312216 14.7733 162676 72.2087 72.2087 36.0259 120
1900 69.0078 -312222 -152.896 162683 72.2096 72.2096 36.0264 120
2000 67.4873 -312223 271.029 162641 72.2034 72.2034 36.0233 120
2100 69.1051 -312222 2.28836 162624 72.2009 72.2009 36.0221 120
2200 70.8876 -312217 437.63 162634 72.2024 72.2024 36.0228 120
2300 72.1563 -312216 -92.6659 162685 72.21 72.21 36.0266 120
2400 71.324 -312218 -517.8 162677 72.2088 72.2088 36.026 120
2500 69.2414 -312222 500.738 162619 72.2002 72.2002 36.0217 120
2600 68.5025 -312225 131.232 162646 72.2042 72.2042 36.0237 120
2700 68.6439 -312222 -392.763 162707 72.2132 72.2132 36.0282 120
2800 70.4764 -312219 -313.382 162718 72.2148 72.2148 36.029 120
2900 71.356 -312216 6.58943 162673 72.2081 72.2081 36.0257 120
3000 71.5921 -312218 370.257 162637 72.2029 72.2029 36.023 120
3100 69.8013 -312220 131.491 162666 72.2072 72.2072 36.0252 120
3200 68.4139 -312223 31.0747 162711 72.2138 72.2138 36.0285 120
3300 68.423 -312224 -65.3395 162714 72.2143 72.2143 36.0287 120
3400 70.0083 -312222 445.036 162677 72.2087 72.2087 36.0259 120
3500 72.0916 -312219 -0.122721 162661 72.2064 72.2064 36.0248 120
3600 71.7821 -312217 142.183 162693 72.2112 72.2112 36.0272 120
3700 70.5567 -312219 -126.063 162717 72.2146 72.2146 36.0289 120
3800 69.33 -312223 15.506 162692 72.211 72.211 36.0271 120
3900 68.5603 -312224 183.476 162671 72.2079 72.208 36.0256 120
4000 69.7032 -312223 -160.67 162686 72.2101 72.2101 36.0267 120
4100 70.7073 -312219 167.858 162702 72.2125 72.2125 36.0278 120
4200 71.2957 -312218 -101.996 162732 72.2169 72.2169 36.03 120
4300 70.9004 -312219 -26.5129 162709 72.2135 72.2135 36.0283 120
4400 70.3187 -312225 495.175 162650 72.2047 72.2047 36.0239 120
4500 68.8579 -312226 -92.2281 162654 72.2054 72.2054 36.0243 120
4600 68.148 -312224 -837.714 162719 72.2149 72.2149 36.029 120
4700 70.308 -312222 -165.436 162729 72.2165 72.2165 36.0298 120
4800 71.0509 -312219 198.739 162699 72.212 72.212 36.0276 120
4900 71.6098 -312221 37.555 162686 72.2102 72.2102 36.0267 120
5000 70.5438 -312223 541.281 162708 72.2134 72.2134 36.0283 120
5100 68.998 -312225 -335.465 162750 72.2195 72.2195 36.0313 120
5200 68.2964 -312224 54.3186 162729 72.2165 72.2165 36.0298 120
5300 69.9353 -312224 172.376 162730 72.2166 72.2166 36.0299 120
5400 70.9664 -312221 262.439 162714 72.2142 72.2142 36.0287 120
5500 72.0143 -312222 -339.778 162712 72.2139 72.2139 36.0285 120
5600 70.5291 -312223 311.532 162683 72.2097 72.2097 36.0264 120
5700 69.1748 -312225 291.441 162684 72.2097 72.2097 36.0264 120
5800 69.0828 -312227 149.564 162704 72.2128 72.2128 36.028 120
5900 69.1783 -312224 -156.641 162743 72.2185 72.2185 36.0308 120
6000 70.337 -312222 -6.02874 162731 72.2167 72.2167 36.0299 120
6100 71.6551 -312222 837.74 162701 72.2124 72.2124 36.0278 120
6200 70.05 -312221 -143.895 162724 72.2157 72.2157 36.0294 120
6300 69.36 -312223 -87.2357 162709 72.2136 72.2136 36.0284 120
6400 69.4456 -312226 121.148 162718 72.2148 72.2148 36.029 120
6500 68.7439 -312224 -563.343 162753 72.2201 72.2201 36.0316 120
6600 70.3619 -312223 -68.1272 162746 72.2189 72.2189 36.031 120
6700 71.0164 -312221 753.376 162704 72.2127 72.2127 36.0279 120
6800 71.7331 -312222 28.5928 162733 72.2171 72.2171 36.0301 120
6900 69.8667 -312223 -236.963 162741 72.2183 72.2183 36.0307 120
7000 68.7796 -312226 -18.6009 162707 72.2132 72.2132 36.0282 120
7100 68.9195 -312227 259.794 162695 72.2114 72.2114 36.0273 120
7200 69.6671 -312225 -235.943 162738 72.2178 72.2178 36.0305 120
7300 70.6321 -312224 -401.013 162778 72.2237 72.2237 36.0334 120
7400 70.5767 -312223 199.135 162740 72.2181 72.2181 36.0306 120
7500 70.0103 -312225 425.661 162714 72.2142 72.2142 36.0287 120
7600 69.3964 -312227 -167.29 162769 72.2223 72.2223 36.0327 120
7700 68.8957 -312227 -377.46 162778 72.2237 72.2237 36.0334 120
7800 69.8352 -312227 172.179 162723 72.2156 72.2156 36.0294 120
7900 70.6515 -312225 647.103 162725 72.2159 72.2159 36.0295 120
8000 70.9694 -312225 -1019.43 162802 72.2273 72.2273 36.0352 120
8100 70.1236 -312227 139.875 162765 72.2219 72.2219 36.0325 120
8200 69.2396 -312229 134.127 162743 72.2185 72.2185 36.0308 120
8300 68.6055 -312228 -453.7 162766 72.222 72.222 36.0326 120
8400 69.7535 -312229 -318.79 162774 72.2232 72.2232 36.0331 120
8500 70.1516 -312226 -52.6201 162747 72.2191 72.2191 36.0311 120
8600 71.4101 -312226 -98.8395 162738 72.2178 72.2178 36.0305 120
8700 70.7023 -312226 81.7199 162753 72.22 72.22 36.0316 120
8800 69.7509 -312229 104.847 162748 72.2193 72.2193 36.0312 120
8900 68.9481 -312230 11.6172 162741 72.2183 72.2183 36.0307 120
9000 68.5809 -312227 59.0317 162759 72.2208 72.2208 36.032 120
9100 70.1844 -312227 -264.116 162790 72.2255 72.2255 36.0343 120
9200 71.4801 -312226 -122.874 162774 72.2231 72.2231 36.0331 120
9300 70.6427 -312226 440.757 162741 72.2182 72.2182 36.0307 120
9400 69.6583 -312228 397.859 162738 72.2178 72.2178 36.0305 120
9500 69.2616 -312230 -182.826 162780 72.224 72.224 36.0336 120
9600 69.1695 -312229 -90.9026 162772 72.2228 72.2228 36.033 120
9700 70.011 -312228 31.0893 162755 72.2204 72.2204 36.0317 120
9800 71.1594 -312226 -39.4292 162766 72.222 72.222 36.0326 120
9900 70.8913 -312226 191.423 162769 72.2224 72.2224 36.0328 120
10000 69.8998 -312226 203.839 162780 72.224 72.224 36.0336 120
10100 68.8249 -312228 -168.161 162771 72.2227 72.2227 36.0329 120
10200 68.7623 -312229 360.6 162756 72.2205 72.2205 36.0318 120
10300 69.4828 -312228 73.2399 162757 72.2205 72.2205 36.0318 120
10400 70.8502 -312227 -305.153 162759 72.221 72.221 36.032 120
10500 70.989 -312226 -280.361 162752 72.2199 72.2199 36.0315 120
10600 71.0662 -312228 437.626 162742 72.2183 72.2183 36.0307 120
10700 69.5198 -312228 -282.006 162773 72.2229 72.2229 36.033 120
10800 68.9629 -312229 -344.191 162790 72.2255 72.2255 36.0343 120
10900 69.5847 -312229 23.7002 162755 72.2203 72.2203 36.0317 120
11000 70.9109 -312228 138.128 162710 72.2137 72.2137 36.0284 120
11100 71.0775 -312226 707.644 162726 72.2161 72.2161 36.0296 120
11200 69.9774 -312225 117.659 162818 72.2297 72.2297 36.0364 120
11300 69.3836 -312227 -906.952 162840 72.2329 72.2329 36.038 120
11400 69.3997 -312230 -154.332 162749 72.2194 72.2194 36.0313 120
11500 69.7217 -312230 532.048 162684 72.2098 72.2098 36.0265 120
11600 69.9987 -312227 95.1077 162725 72.2159 72.2159 36.0295 120
11700 70.418 -312225 -605.03 162806 72.2278 72.2278 36.0355 120
11800 71.0943 -312227 -513.641 162834 72.232 72.232 36.0375 120
11900 69.824 -312227 -110.094 162783 72.2245 72.2245 36.0338 120
12000 68.8871 -312228 -38.43 162720 72.2152 72.2152 36.0292 120
12100 69.3618 -312229 368.913 162708 72.2133 72.2133 36.0282 120
12200 69.9518 -312228 -217.805 162775 72.2233 72.2233 36.0332 120
12300 71.0995 -312227 -557.26 162831 72.2316 72.2316 36.0373 120
12400 70.692 -312226 -400.204 162812 72.2287 72.2287 36.0359 120
12500 71.1494 -312229 944.768 162725 72.2159 72.2159 36.0295 120
12600 69.6237 -312228 181.361 162723 72.2156 72.2156 36.0294 120
12700 69.5253 -312229 1.21875 162760 72.2211 72.2211 36.0321 120
12800 69.3778 -312228 -96.7272 162796 72.2264 72.2264 36.0348 120
12900 70.2052 -312226 117.314 162792 72.2257 72.2257 36.0344 120
13000 70.8425 -312226 669.225 162754 72.2202 72.2202 36.0316 120
13100 70.8382 -312228 -47.7903 162767 72.2221 72.2221 36.0326 120
13200 70.0701 -312229 -667.626 162781 72.2241 72.2241 36.0336 120
13300 69.0091 -312230 212.503 162760 72.2211 72.2211 36.0321 120
13400 69.5459 -312230 -446.762 162785 72.2248 72.2248 36.034 120
13500 69.9049 -312228 -7.38923 162788 72.2252 72.2252 36.0342 120
13600 69.796 -312225 -303.918 162762 72.2213 72.2213 36.0322 120
13700 70.5495 -312227 269.279 162741 72.2182 72.2182 36.0307 120
13800 70.4153 -312229 -475.633 162792 72.2258 72.2258 36.0344 120
13900 69.204 -312230 -11.5393 162776 72.2234 72.2234 36.0333 120
14000 68.6762 -312229 -254.737 162785 72.2247 72.2247 36.0339 120
14100 69.5881 -312228 46.1343 162783 72.2245 72.2245 36.0338 120
14200 70.6113 -312227 245.706 162775 72.2233 72.2233 36.0332 120
14300 70.7978 -312227 471.663 162770 72.2225 72.2225 36.0328 120
14400 69.9854 -312227 -178.829 162788 72.2251 72.2251 36.0341 120
14500 69.5878 -312230 -74.3361 162777 72.2236 72.2236 36.0333 120
14600 69.4614 -312231 -200.649 162747 72.2191 72.2191 36.0311 120
14700 69.6436 -312229 389.767 162736 72.2176 72.2176 36.0304 120
14800 70.8092 -312228 -358.286 162804 72.2276 72.2276 36.0354 120
14900 70.5173 -312226 -380.839 162829 72.2313 72.2313 36.0372 120
15000 69.8745 -312226 -291.918 162806 72.2278 72.2278 36.0355 120
15100 69.9137 -312229 563.432 162756 72.2204 72.2204 36.0318 120
15200 68.9252 -312230 409.407 162748 72.2192 72.2192 36.0312 120
15300 69.0079 -312229 452.639 162758 72.2207 72.2207 36.0319 120
15400 70.6972 -312229 -193.307 162818 72.2297 72.2297 36.0364 120
15500 70.984 -312227 -174.164 162823 72.2303 72.2303 36.0367 120
15600 70.5692 -312227 460.21 162761 72.2212 72.2212 36.0322 120
15700 69.4271 -312227 335.608 162717 72.2147 72.2147 36.0289 120
15800 69.3685 -312230 17.2207 162764 72.2216 72.2216 36.0324 120
15900 69.0835 -312229 -535.356 162829 72.2312 72.2312 36.0372 120
16000 70.2747 -312229 -245.855 162794 72.2261 72.2261 36.0346 120
16100 69.4895 -312225 182.419 162738 72.2178 72.2178 36.0304 120
16200 71.0233 -312228 517.998 162745 72.2189 72.2189 36.031 120
16300 70.0087 -312228 -74.5321 162800 72.227 72.227 36.035 120
16400 70.0169 -312230 -496.279 162805 72.2277 72.2277 36.0354 120
16500 69.7934 -312231 47.3762 162764 72.2217 72.2217 36.0324 120
16600 69.7664 -312230 236.603 162760 72.221 72.221 36.0321 120
16700 70.3051 -312228 -44.1209 162780 72.2241 72.2241 36.0336 120
16800 70.9124 -312228 15.2825 162797 72.2265 72.2265 36.0348 120
16900 70.4501 -312228 78.8987 162789 72.2254 72.2254 36.0342 120
17000 69.7863 -312229 -292.809 162788 72.2252 72.2252 36.0342 120
17100 69.144 -312229 60.9144 162777 72.2235 72.2235 36.0333 120
17200 70.2123 -312231 295.598 162741 72.2182 72.2182 36.0307 120
17300 70.0449 -312228 410.472 162747 72.2191 72.2191 36.0311 120
17400 70.201 -312226 -505.003 162820 72.2299 72.2299 36.0365 120
17500 70.8214 -312228 -498.869 162843 72.2334 72.2334 36.0382 120
17600 69.8446 -312228 112.291 162781 72.2241 72.2241 36.0336 120
17700 69.3692 -312230 823.831 162721 72.2153 72.2153 36.0292 120
17800 69.2011 -312229 350.211 162745 72.2188 72.2188 36.031 120
17900 70.3014 -312230 -154.222 162805 72.2277 72.2277 36.0354 120
18000 71.0276 -312228 -381.51 162820 72.2299 72.2299 36.0365 120
18100 69.993 -312226 197.342 162783 72.2245 72.2245 36.0338 120
18200 70.7157 -312229 189.137 162776 72.2234 72.2234 36.0333 120
18300 69.4978 -312230 -333.658 162774 72.2231 72.2231 36.0331 120
18400 69.6101 -312230 331.315 162768 72.2222 72.2222 36.0327 120
18500 69.8596 -312229 721.596 162776 72.2234 72.2234 36.0333 120
18600 70.2608 -312227 -381.901 162802 72.2273 72.2273 36.0352 120
18700 70.9357 -312228 -212.144 162783 72.2244 72.2244 36.0338 120
18800 70.6567 -312228 471.257 162767 72.2221 72.2221 36.0326 120
18900 69.6596 -312229 52.5252 162773 72.2229 72.2229 36.033 120
19000 69.3665 -312229 7.44397 162790 72.2254 72.2254 36.0343 120
19100 69.8757 -312230 -206.237 162811 72.2286 72.2286 36.0359 120
19200 69.7771 -312227 -67.2456 162780 72.224 72.224 36.0335 120
19300 70.4944 -312227 15.1782 162764 72.2216 72.2216 36.0324 120
19400 70.4058 -312227 150.544 162782 72.2242 72.2242 36.0337 120
19500 69.8681 -312228 -666.034 162804 72.2275 72.2275 36.0353 120
19600 68.9956 -312229 -477.459 162795 72.2262 72.2263 36.0347 120
19700 69.8216 -312230 -0.134047 162770 72.2225 72.2225 36.0328 120
19800 70.168 -312229 161.449 162769 72.2223 72.2223 36.0327 120
19900 70.0891 -312227 -61.9664 162794 72.2261 72.2261 36.0346 120
20000 70.3951 -312227 -283.281 162811 72.2285 72.2285 36.0358 120
20100 69.7609 -312228 16.1514 162789 72.2253 72.2253 36.0342 120
20200 69.9994 -312230 215.55 162752 72.2199 72.2199 36.0315 120
20300 69.6101 -312230 186.485 162759 72.221 72.221 36.032 120
20400 69.2705 -312227 -132.324 162809 72.2282 72.2282 36.0357 120
20500 69.8749 -312227 -85.9761 162802 72.2272 72.2272 36.0352 120
20600 69.9354 -312226 115.302 162779 72.2238 72.2238 36.0335 120
20700 69.739 -312227 250.511 162798 72.2267 72.2267 36.0349 120
20800 69.3657 -312228 -282.446 162806 72.2278 72.2278 36.0355 120
20900 70.2441 -312231 290.908 162750 72.2196 72.2196 36.0314 120
21000 69.7588 -312229 667.046 162739 72.2179 72.2179 36.0305 120
21100 70.3647 -312228 -75.5993 162790 72.2255 72.2255 36.0343 120
21200 70.7093 -312227 89.7768 162809 72.2283 72.2283 36.0357 120
21300 69.8156 -312227 -93.6293 162822 72.2302 72.2302 36.0367 120
21400 69.7326 -312229 139.326 162801 72.2271 72.2271 36.0351 120
21500 69.2369 -312230 429.061 162748 72.2193 72.2193 36.0312 120
21600 69.0013 -312228 703.519 162738 72.2178 72.2178 36.0305 120
21700 69.7848 -312227 -435.887 162819 72.2298 72.2298 36.0364 120
21800 70.3887 -312226 -418.086 162851 72.2345 72.2345 36.0388 120
21900 70.1971 -312227 -1.29119 162779 72.2238 72.2238 36.0335 120
22000 69.378 -312228 384.349 162729 72.2165 72.2165 36.0298 120
22100 69.5428 -312230 272.008 162765 72.2218 72.2218 36.0325 120
22200 68.9877 -312228 -573.861 162815 72.2292 72.2292 36.0362 120
22300 70.2559 -312229 199.948 162807 72.228 72.228 36.0356 120
22400 70.0725 -312227 -228.154 162786 72.2248 72.2248 36.034 120
22500 70.42 -312227 65.27 162767 72.2222 72.2222 36.0326 120
22600 69.6288 -312227 -49.0162 162769 72.2224 72.2224 36.0327 120
22700 69.6785 -312229 247.775 162783 72.2244 72.2244 36.0338 120
22800 69.8773 -312230 -205.141 162806 72.2278 72.2278 36.0355 120
22900 69.4389 -312228 -113.743 162792 72.2258 72.2258 36.0345 120
23000 70.0748 -312228 133.85 162768 72.2222 72.2222 36.0327 120
23100 70.2395 -312227 272.72 162773 72.223 72.223 36.0331 120
23200 70.9642 -312229 -159.162 162803 72.2274 72.2274 36.0353 120
23300 70.3754 -312230 -613.553 162791 72.2257 72.2257 36.0344 120
23400 69.1874 -312229 405.658 162749 72.2195 72.2195 36.0313 120
23500 70.2311 -312230 50.253 162760 72.2211 72.2211 36.0321 120
23600 70.3051 -312228 -276.519 162796 72.2264 72.2264 36.0347 120
23700 70.1832 -312227 131.05 162799 72.2268 72.2268 36.035 120
23800 70.5862 -312228 289.099 162784 72.2247 72.2247 36.0339 120
23900 70.1788 -312229 -402.571 162791 72.2256 72.2256 36.0344 120
24000 69.5304 -312229 -14.4958 162779 72.2239 72.2239 36.0335 120
24100 69.951 -312230 -176.677 162786 72.2249 72.2249 36.034 120
24200 70.2025 -312228 430.924 162790 72.2255 72.2255 36.0343 120
24300 71.1186 -312229 -446.953 162822 72.2303 72.2303 36.0367 120
24400 71.0212 -312229 161.744 162786 72.2248 72.2248 36.034 120
24500 70.0111 -312229 332.8 162750 72.2195 72.2195 36.0313 120
24600 69.6835 -312230 81.9349 162759 72.2209 72.2209 36.032 120
24700 70.1475 -312230 4.79245 162779 72.2239 72.2239 36.0335 120
24800 70.2224 -312229 -54.3471 162799 72.2269 72.2269 36.035 120
24900 70.902 -312228 -290.695 162788 72.2252 72.2252 36.0342 120
25000 70.4888 -312228 -49.3561 162779 72.2239 72.2239 36.0335 120
25100 69.7184 -312227 -347.94 162783 72.2244 72.2244 36.0338 120
25200 69.2324 -312228 -19.4226 162763 72.2214 72.2214 36.0323 120
25300 69.1512 -312229 5.03934 162784 72.2246 72.2246 36.0339 120
25400 69.8106 -312229 101.98 162799 72.2267 72.2267 36.0349 120
25500 69.9419 -312228 19.97 162791 72.2256 72.2256 36.0344 120
25600 70.2178 -312227 234.129 162772 72.2229 72.2229 36.033 120
25700 69.7561 -312227 -307.12 162790 72.2254 72.2254 36.0343 120
25800 69.7215 -312228 -104.87 162782 72.2243 72.2243 36.0337 120
25900 70.0054 -312230 614.232 162779 72.2239 72.2239 36.0335 120
26000 69.1346 -312228 -81.1312 162819 72.2298 72.2298 36.0365 120
26100 70.0504 -312229 -357.818 162793 72.226 72.226 36.0345 120
26200 70.6184 -312228 626.285 162721 72.2153 72.2153 36.0292 120
26300 70.4423 -312228 -100.674 162766 72.222 72.222 36.0325 120
26400 69.9005 -312228 -627.464 162837 72.2324 72.2324 36.0377 120
26500 69.7909 -312230 -672.19 162815 72.2292 72.2292 36.0362 120
26600 69.6054 -312229 556.149 162730 72.2166 72.2166 36.0299 120
26700 69.662 -312228 3.33321 162762 72.2214 72.2214 36.0323 120
26800 71.0041 -312229 -652.909 162816 72.2294 72.2294 36.0363 120
26900 70.7645 -312228 -375.061 162813 72.2289 72.2289 36.036 120
27000 70.5492 -312230 1.3546 162767 72.222 72.222 36.0326 120
27100 69.683 -312229 150.604 162755 72.2203 72.2203 36.0317 120
27200 69.6839 -312229 23.5416 162796 72.2264 72.2264 36.0348 120
27300 69.9682 -312228 312.042 162821 72.23 72.23 36.0366 120
27400 70.0085 -312228 -121.265 162794 72.226 72.226 36.0346 120
27500 70.4925 -312228 484.103 162739 72.218 72.218 36.0306 120
27600 70.4413 -312228 13.4935 162778 72.2237 72.2237 36.0334 120
27700 69.4355 -312228 -666.814 162831 72.2315 72.2315 36.0373 120
27800 69.4552 -312229 -295.436 162797 72.2266 72.2266 36.0349 120
27900 69.4782 -312229 317.778 162741 72.2183 72.2183 36.0307 120
28000 70.3203 -312229 201.388 162765 72.2217 72.2217 36.0324 120
28100 70.173 -312227 -324.081 162812 72.2287 72.2287 36.0359 120
28200 70.2889 -312227 -377.848 162805 72.2276 72.2276 36.0354 120
28300 69.4752 -312228 343.228 162760 72.221 72.221 36.0321 120
28400 69.5872 -312230 -154.593 162769 72.2224 72.2224 36.0328 120
28500 69.6624 -312229 367.081 162785 72.2247 72.2247 36.0339 120
28600 69.5785 -312228 -799.473 162819 72.2297 72.2297 36.0364 120
28700 70.698 -312228 150.926 162775 72.2233 72.2233 36.0332 120
28800 69.7117 -312227 407.917 162757 72.2206 72.2206 36.0319 120
28900 69.9294 -312228 -216.059 162807 72.2281 72.2281 36.0356 120
29000 70.0446 -312229 -274.118 162839 72.2327 72.2327 36.0379 120
29100 69.0787 -312228 -297.481 162784 72.2246 72.2246 36.0339 120
29200 69.8967 -312229 922.148 162723 72.2156 72.2156 36.0293 120
29300 70.5049 -312228 -37.1646 162784 72.2246 72.2246 36.0339 120
29400 70.9355 -312228 -421.835 162840 72.2329 72.2329 36.038 120
29500 70.2624 -312228 -870.546 162822 72.2302 72.2302 36.0367 120
29600 69.8047 -312230 790.675 162739 72.2179 72.2179 36.0305 120
29700 69.2431 -312229 313.847 162733 72.217 72.217 36.0301 120
29800 70.4038 -312230 252.604 162809 72.2283 72.2283 36.0357 120
29900 70.884 -312229 -336.573 162848 72.2341 72.2341 36.0386 120
30000 70.1739 -312227 192.6 162791 72.2256 72.2256 36.0344 120
30100 70.3626 -312228 229.122 162766 72.2219 72.2219 36.0325 120
30200 69.6499 -312229 -15.277 162774 72.2231 72.2231 36.0331 120
30300 69.6609 -312230 144.523 162794 72.2261 72.2261 36.0346 120
30400 69.2333 -312228 29.5998 162810 72.2284 72.2284 36.0358 120
30500 70.2828 -312229 -80.3871 162781 72.2242 72.2242 36.0337 120
30600 70.6178 -312228 -64.8325 162771 72.2227 72.2227 36.0329 120
30700 70.3523 -312228 -108.801 162806 72.2278 72.2278 36.0355 120
30800 69.6863 -312228 75.5697 162805 72.2278 72.2278 36.0354 120
30900 68.9623 -312228 -315.359 162795 72.2262 72.2263 36.0347 120
31000 69.4082 -312230 500.489 162768 72.2223 72.2223 36.0327 120
31100 69.7313 -312228 244.257 162772 72.2228 72.2228 36.033 120
31200 70.6536 -312228 -77.5778 162803 72.2274 72.2274 36.0353 120
31300 70.5179 -312228 5.49428 162816 72.2293 72.2293 36.0362 120
31400 70.5497 -312229 155.921 162795 72.2263 72.2263 36.0347 120
31500 69.5853 -312229 -273.24 162771 72.2227 72.2227 36.0329 120
31600 70.019 -312231 130.91 162752 72.2199 72.2199 36.0315 120
31700 69.6609 -312228 103.886 162780 72.2239 72.2239 36.0335 120
31800 69.8858 -312227 -359.079 162815 72.2292 72.2292 36.0362 120
31900 70.1889 -312226 275.14 162802 72.2272 72.2272 36.0352 120
32000 70.0208 -312227 -396.613 162796 72.2263 72.2263 36.0347 120
32100 70.1109 -312229 -62.5182 162774 72.2232 72.2232 36.0332 120
32200 69.5446 -312229 62.434 162768 72.2222 72.2222 36.0327 120
32300 69.7123 -312229 -212.525 162797 72.2265 72.2265 36.0348 120
32400 69.6748 -312227 -204.995 162807 72.228 72.228 36.0356 120
32500 70.5977 -312228 -638.536 162794 72.226 72.226 36.0346 120
32600 70.2365 -312228 514.893 162753 72.22 72.22 36.0316 120
32700 69.7855 -312228 27.7843 162784 72.2246 72.2246 36.0339 120
32800 68.98 -312228 -342.76 162828 72.2311 72.2311 36.0371 120
32900 69.3195 -312229 -644.489 162811 72.2285 72.2285 36.0358 120
33000 69.527 -312228 310.382 162742 72.2184 72.2184 36.0308 120
33100 70.1634 -312227 -29.3736 162740 72.218 72.218 36.0306 120
33200 71.2368 -312229 341.641 162800 72.227 72.227 36.035 120
33300 70.2082 -312229 -773.079 162849 72.2342 72.2342 36.0387 120
33400 69.3483 -312229 223.197 162789 72.2254 72.2254 36.0343 120
33500 69.3529 -312229 486.944 162743 72.2185 72.2185 36.0308 120
33600 69.9714 -312229 122.845 162769 72.2223 72.2223 36.0327 120
33700 70.1529 -312227 -643.252 162830 72.2314 72.2314 36.0373 120
33800 70.4678 -312227 -169.008 162790 72.2255 72.2255 36.0343 120
33900 70.4067 -312229 593.718 162738 72.2178 72.2178 36.0305 120
34000 69.1672 -312228 -249.22 162787 72.225 72.225 36.0341 120
34100 69.5769 -312230 -81.4941 162820 72.2299 72.2299 36.0365 120
34200 69.9849 -312229 168.2 162778 72.2236 72.2236 36.0334 120
34300 70.1207 -312228 -8.61518 162761 72.2212 72.2212 36.0322 120
34400 70.7548 -312228 -286.652 162772 72.2229 72.2229 36.033 120
34500 70.1516 -312228 474.363 162766 72.2219 72.2219 36.0325 120
34600 70.15 -312230 133.963 162792 72.2258 72.2258 36.0345 120
34700 69.0812 -312229 -150.241 162807 72.228 72.228 36.0355 120
34800 69.9936 -312230 596.139 162778 72.2237 72.2237 36.0334 120
34900 69.9137 -312228 -182.472 162774 72.2231 72.2231 36.0331 120
35000 71.002 -312229 -129.462 162769 72.2224 72.2224 36.0328 120
35100 70.4527 -312227 -173.872 162789 72.2254 72.2254 36.0343 120
35200 70.464 -312229 -623.48 162817 72.2294 72.2294 36.0363 120
35300 69.9637 -312230 320.034 162767 72.2221 72.2221 36.0326 120
35400 69.593 -312229 287.613 162744 72.2186 72.2186 36.0309 120
35500 70.1222 -312229 -111.974 162784 72.2246 72.2246 36.0339 120
35600 70.0854 -312227 -362.533 162811 72.2286 72.2286 36.0359 120
35700 70.5988 -312228 -201.25 162796 72.2264 72.2264 36.0347 120
35800 70.1596 -312229 -173.567 162777 72.2235 72.2235 36.0333 120
35900 70.3943 -312231 -110.755 162763 72.2216 72.2216 36.0323 120
36000 69.3311 -312229 346.774 162757 72.2206 72.2206 36.0318 120
36100 70.4002 -312229 -266.076 162792 72.2258 72.2258 36.0345 120
36200 70.0391 -312227 47.1495 162800 72.2269 72.2269 36.035 120
36300 70.0038 -312227 -582.726 162809 72.2283 72.2283 36.0357 120
36400 70.624 -312229 247.343 162766 72.2219 72.2219 36.0325 120
36500 69.7759 -312229 568.536 162758 72.2207 72.2207 36.0319 120
36600 69.9903 -312230 127.418 162802 72.2273 72.2273 36.0352 120
36700 70.2884 -312230 -140.878 162810 72.2285 72.2285 36.0358 120
36800 70.3409 -312229 -68.0766 162748 72.2193 72.2193 36.0312 120
36900 70.5273 -312228 683.394 162730 72.2165 72.2165 36.0298 120
37000 69.7108 -312227 -561.06 162819 72.2297 72.2297 36.0364 120
37100 69.4738 -312228 -823.461 162855 72.2351 72.2351 36.0391 120
37200 69.9174 -312230 368.137 162769 72.2225 72.2225 36.0328 120
37300 69.3158 -312229 268.622 162730 72.2166 72.2166 36.0299 120
37400 69.938 -312228 19.9993 162785 72.2247 72.2247 36.0339 120
37500 70.575 -312228 -396.303 162835 72.2321 72.2321 36.0376 120
37600 70.0117 -312227 -199.038 162794 72.2261 72.2261 36.0346 120
37700 70.3799 -312229 515.045 162733 72.2171 72.2171 36.0301 120
37800 70.0272 -312231 437.794 162753 72.2201 72.2201 36.0316 120
37900 69.3811 -312229 -363.191 162842 72.2332 72.2332 36.0382 120
38000 70.0823 -312229 -210.891 162860 72.2359 72.2359 36.0395 120
38100 70.0583 -312227 26.1963 162776 72.2234 72.2234 36.0333 120
38200 70.6287 -312228 1112.18 162704 72.2128 72.2128 36.028 120
38300 70.2199 -312229 197.563 162759 72.2208 72.2208 36.032 120
38400 69.1563 -312228 -708.587 162857 72.2354 72.2354 36.0393 120
38500 69.5871 -312228 143.383 162823 72.2303 72.2303 36.0367 120
38600 69.5262 -312228 130.802 162751 72.2197 72.2197 36.0314 120
38700 69.6717 -312228 -76.9119 162753 72.22 72.22 36.0316 120
38800 70.1841 -312227 -300.056 162780 72.2241 72.2241 36.0336 120
38900 70.6845 -312229 57.79 162802 72.2272 72.2272 36.0352 120
39000 69.2924 -312227 305.128 162798 72.2267 72.2267 36.0349 120
39100 69.9892 -312230 366.409 162775 72.2233 72.2233 36.0332 120
39200 69.2945 -312228 89.8603 162758 72.2208 72.2208 36.032 120
39300 70.1699 -312229 130.737 162763 72.2215 72.2215 36.0323 120
39400 70.5391 -312228 -480.669 162815 72.2292 72.2292 36.0361 120
39500 69.7953 -312226 -260.568 162835 72.2321 72.2321 36.0376 120
39600 69.8616 -312229 -407.762 162786 72.2249 72.2249 36.034 120
39700 69.9567 -312230 492.063 162738 72.2178 72.2178 36.0305 120
39800 70.0586 -312230 75.7591 162773 72.223 72.223 36.0331 120
39900 69.3427 -312227 -216.402 162831 72.2315 72.2315 36.0373 120
40000 69.7412 -312226 -297.365 162833 72.2318 72.2318 36.0375 120
40100 70.8288 -312229 -218.255 162765 72.2218 72.2218 36.0325 120
40200 70.1759 -312229 223.179 162727 72.2162 72.2162 36.0296 120
40300 69.5634 -312229 3.00102 162782 72.2243 72.2243 36.0337 120
40400 69.5389 -312229 -95.1493 162820 72.23 72.23 36.0365 120
40500 69.6565 -312228 -97.4205 162825 72.2307 72.2307 36.0369 120
40600 70.1899 -312228 -113.061 162782 72.2243 72.2243 36.0337 120
40700 70.8244 -312228 395.882 162751 72.2197 72.2197 36.0314 120
40800 70.1437 -312228 -150.17 162798 72.2266 72.2266 36.0349 120
40900 70.2305 -312230 3.19319 162803 72.2274 72.2274 36.0352 120
41000 69.619 -312230 -188.862 162787 72.225 72.225 36.034 120
41100 69.6381 -312229 37.8967 162787 72.2251 72.2251 36.0341 120
41200 70.1132 -312228 -119.05 162795 72.2263 72.2263 36.0347 120
41300 70.2737 -312228 -140.871 162788 72.2252 72.2252 36.0341 120
41400 70.3019 -312228 246.224 162771 72.2227 72.2227 36.0329 120
41500 69.3399 -312227 134.686 162790 72.2255 72.2255 36.0343 120
41600 69.4258 -312229 730.83 162787 72.2251 72.2251 36.0341 120
41700 69.7868 -312230 -664.769 162814 72.2291 72.2291 36.0361 120
41800 70.1494 -312228 151.836 162784 72.2246 72.2246 36.0339 120
41900 70.0405 -312227 490.95 162757 72.2206 72.2206 36.0319 120
42000 69.9156 -312227 25.6276 162763 72.2216 72.2216 36.0323 120
42100 70.2659 -312229 63.0535 162798 72.2266 72.2266 36.0349 120
42200 70.0362 -312229 -15.9401 162818 72.2296 72.2296 36.0363 120
42300 69.5445 -312230 26.0471 162791 72.2256 72.2256 36.0344 120
42400 69.5284 -312228 696.051 162754 72.2202 72.2202 36.0317 120
42500 69.762 -312227 46.4013 162786 72.2249 72.2249 36.034 120
42600 70.3959 -312227 -45.2132 162823 72.2304 72.2304 36.0368 120
42700 70.4175 -312228 -199.225 162821 72.2301 72.2301 36.0366 120
42800 69.279 -312228 -414.712 162787 72.2251 72.2251 36.0341 120
42900 69.0886 -312229 485.058 162741 72.2182 72.2182 36.0307 120
43000 69.5213 -312229 -270.606 162759 72.2209 72.2209 36.032 120
43100 70.095 -312228 -57.7481 162795 72.2262 72.2262 36.0346 120
43200 70.4859 -312228 -212.802 162812 72.2288 72.2288 36.0359 120
43300 70.7019 -312228 -7.35112 162783 72.2244 72.2244 36.0338 120
43400 69.939 -312229 426.016 162768 72.2222 72.2222 36.0327 120
43500 69.4499 -312229 147.558 162801 72.2271 72.2271 36.0351 120
43600 69.3762 -312229 -312.887 162827 72.2309 72.2309 36.037 120
43700 70.0481 -312229 -87.6488 162768 72.2223 72.2223 36.0327 120
43800 70.1406 -312227 1009.09 162723 72.2156 72.2156 36.0294 120
43900 70.4603 -312227 51.1894 162792 72.2258 72.2258 36.0345 120
44000 70.6968 -312229 -716.296 162839 72.2327 72.2327 36.0379 120
44100 69.866 -312229 -360.227 162786 72.2249 72.2249 36.034 120
44200 69.6958 -312230 545.988 162751 72.2197 72.2197 36.0314 120
44300 69.4093 -312228 -139.607 162802 72.2272 72.2272 36.0352 120
44400 71.0418 -312230 50.9437 162803 72.2274 72.2274 36.0353 120
44500 70.7032 -312228 206.777 162763 72.2214 72.2214 36.0323 120
44600 70.2797 -312228 -34.3767 162800 72.2269 72.2269 36.035 120
44700 69.957 -312229 -351.433 162809 72.2282 72.2282 36.0357 120
44800 69.748 -312230 525.174 162757 72.2205 72.2205 36.0318 120
44900 69.7194 -312229 427.197 162770 72.2226 72.2226 36.0328 120
45000 70.6932 -312229 -437.726 162823 72.2304 72.2304 36.0367 120
45100 70.3548 -312227 88.0435 162813 72.2289 72.2289 36.036 120
45200 70.8855 -312228 226.47 162772 72.2228 72.2228 36.033 120
45300 69.6438 -312228 -312.684 162777 72.2236 72.2236 36.0334 120
45400 69.4765 -312229 -112.4 162788 72.2251 72.2251 36.0341 120
45500 69.4894 -312229 -316.343 162812 72.2288 72.2288 36.036 120
45600 69.9328 -312229 94.1068 162796 72.2264 72.2264 36.0348 120
45700 70.4797 -312228 246.747 162775 72.2232 72.2232 36.0332 120
45800 71.3472 -312229 512.372 162765 72.2217 72.2217 36.0324 120
45900 70.1073 -312228 -43.33 162801 72.2271 72.2271 36.0351 120
46000 69.5136 -312229 -318.949 162802 72.2273 72.2273 36.0352 120
46100 69.6249 -312229 348.29 162775 72.2232 72.2232 36.0332 120
46200 70.0653 -312230 191.786 162794 72.2261 72.2261 36.0346 120
46300 70.3504 -312228 -321.934 162819 72.2297 72.2297 36.0364 120
46400 70.5696 -312228 -263.243 162785 72.2248 72.2248 36.034 120
46500 70.4882 -312229 782.654 162742 72.2184 72.2184 36.0308 120
46600 69.143 -312228 -83.1194 162799 72.2268 72.2268 36.035 120
46700 69.0561 -312228 -35.3423 162819 72.2298 72.2298 36.0365 120
46800 69.3965 -312229 -339.624 162812 72.2287 72.2287 36.0359 120
46900 70.0413 -312228 -130.993 162771 72.2227 72.2227 36.0329 120
47000 70.225 -312227 476.497 162750 72.2195 72.2195 36.0313 120
47100 70.6361 -312228 -337.658 162815 72.2292 72.2292 36.0362 120
47200 70.3913 -312229 -873.53 162839 72.2327 72.2327 36.0379 120
47300 69.4904 -312230 98.1419 162753 72.2199 72.2199 36.0315 120
47400 69.2258 -312229 -127.525 162736 72.2174 72.2175 36.0303 120
47500 70.1958 -312229 -71.4017 162797 72.2265 72.2265 36.0348 120
47600 70.5454 -312227 -446.962 162816 72.2293 72.2294 36.0362 120
47700 70.659 -312227 67.3159 162795 72.2262 72.2262 36.0346 120
47800 70.017 -312228 -282.27 162790 72.2256 72.2256 36.0343 120
47900 69.592 -312230 -134.888 162779 72.2238 72.2238 36.0335 120
48000 69.1283 -312229 491.796 162770 72.2225 72.2225 36.0328 120
48100 69.6601 -312228 0.0711611 162805 72.2277 72.2277 36.0354 120
48200 70.3218 -312228 -159.554 162805 72.2277 72.2277 36.0354 120
48300 70.8562 -312228 271.578 162760 72.2211 72.2211 36.0321 120
48400 70.6762 -312229 -61.0628 162776 72.2234 72.2234 36.0333 120
48500 69.7478 -312229 -83.9214 162814 72.229 72.229 36.036 120
48600 69.4235 -312229 -712.949 162816 72.2294 72.2294 36.0363 120
48700 69.5899 -312229 142.354 162772 72.2228 72.2228 36.033 120
48800 70.4775 -312228 -208.972 162776 72.2233 72.2233 36.0332 120
48900 70.3191 -312227 -57.8483 162801 72.2271 72.2271 36.0351 120
49000 69.9947 -312227 73.0799 162790 72.2255 72.2255 36.0343 120
49100 70.0624 -312229 72.5079 162772 72.2229 72.2229 36.033 120
49200 69.6585 -312230 408.913 162791 72.2256 72.2256 36.0344 120
49300 69.6821 -312229 -422.197 162831 72.2316 72.2316 36.0373 120
49400 70.1392 -312229 504.131 162763 72.2214 72.2214 36.0323 120
49500 70.9019 -312228 268.813 162749 72.2194 72.2194 36.0312 120
49600 70.4567 -312228 -386.107 162798 72.2266 72.2266 36.0349 120
49700 69.4742 -312227 213.901 162791 72.2256 72.2256 36.0344 120
49800 69.6529 -312230 50.6518 162779 72.2239 72.2239 36.0335 120
49900 69.5074 -312230 246.771 162788 72.2252 72.2252 36.0342 120
50000 69.7636 -312228 -280.194 162810 72.2284 72.2284 36.0358 120
50100 70.5297 -312228 -9.49018 162783 72.2244 72.2244 36.0338 120
50200 70.6039 -312227 368.936 162764 72.2217 72.2217 36.0324 120
50300 70.0584 -312228 -93.6394 162820 72.23 72.23 36.0365 120
50400 69.8319 -312230 -59.9388 162816 72.2294 72.2294 36.0363 120
50500 69.2256 -312229 225.274 162767 72.222 72.222 36.0326 120
50600 69.9919 -312229 119.985 162740 72.2181 72.2181 36.0306 120
50700 70.1678 -312227 314.43 162775 72.2233 72.2233 36.0332 120
50800 70.1713 -312226 -214.051 162834 72.2321 72.2321 36.0376 120
50900 69.7932 -312226 -266.469 162817 72.2295 72.2295 36.0363 120
51000 69.8226 -312229 442.41 162753 72.22 72.22 36.0316 120
51100 69.4556 -312230 215.673 162741 72.2182 72.2182 36.0307 120
51200 69.4632 -312229 -40.2243 162784 72.2247 72.2247 36.0339 120
51300 70.4964 -312229 378.265 162798 72.2266 72.2266 36.0349 120
51400 70.6277 -312227 -451.574 162826 72.2308 72.2308 36.0369 120
51500 70.2901 -312228 -576.946 162808 72.2281 72.2281 36.0356 120
51600 70.1329 -312230 247.061 162749 72.2194 72.2194 36.0313 120
51700 69.5385 -312229 354.175 162771 72.2227 72.2227 36.0329 120
51800 69.5623 -312229 -442.26 162821 72.2301 72.2301 36.0366 120
51900 70.6301 -312230 -52.655 162797 72.2265 72.2265 36.0348 120
52000 71.0205 -312228 265.742 162767 72.222 72.222 36.0326 120
52100 70.4489 -312228 173.231 162760 72.221 72.221 36.0321 120
52200 70.5062 -312229 432.341 162770 72.2225 72.2225 36.0328 120
52300 69.5819 -312229 -268.098 162817 72.2295 72.2295 36.0363 120
52400 69.5172 -312229 24.0191 162809 72.2283 72.2283 36.0357 120
52500 69.8607 -312229 235.221 162758 72.2207 72.2207 36.0319 120
52600 70.5894 -312229 552.969 162749 72.2194 72.2194 36.0313 120
52700 70.028 -312226 -280.795 162819 72.2297 72.2297 36.0364 120
52800 70.5583 -312228 -198.695 162835 72.2321 72.2321 36.0376 120
52900 70.1253 -312230 519.433 162776 72.2234 72.2234 36.0332 120
53000 69.2354 -312229 73.6072 162757 72.2206 72.2206 36.0319 120
53100 70.3449 -312230 46.8343 162777 72.2236 72.2236 36.0333 120
53200 70.1492 -312228 -486.52 162792 72.2258 72.2258 36.0345 120
53300 71.2271 -312228 -86.9372 162796 72.2264 72.2264 36.0348 120
53400 70.9047 -312229 -277.344 162810 72.2285 72.2285 36.0358 120
53500 70.0078 -312229 -121.375 162806 72.2279 72.2279 36.0355 120
53600 70.0188 -312230 115.184 162776 72.2235 72.2235 36.0333 120
53700 70.2139 -312230 170.637 162756 72.2204 72.2204 36.0318 120
53800 69.9481 -312228 -155.09 162783 72.2245 72.2245 36.0338 120
53900 70.3353 -312227 -104.529 162811 72.2285 72.2285 36.0358 120
54000 69.9853 -312227 70.2359 162797 72.2265 72.2265 36.0348 120
54100 69.7278 -312228 -204.648 162782 72.2242 72.2242 36.0337 120
54200 69.8048 -312230 365.357 162772 72.2228 72.2228 36.033 120
54300 69.7767 -312230 89.5838 162796 72.2263 72.2263 36.0347 120
54400 70.1537 -312228 -350.3 162822 72.2302 72.2302 36.0367 120
54500 70.3895 -312228 -232.662 162787 72.2251 72.2251 36.0341 120
54600 70.6972 -312228 553.092 162752 72.2198 72.2198 36.0315 120
54700 70.3376 -312229 -2.18784 162802 72.2272 72.2272 36.0352 120
54800 70.0685 -312231 -200.561 162831 72.2316 72.2316 36.0374 120
54900 69.411 -312229 -392.662 162803 72.2273 72.2273 36.0352 120
55000 69.9636 -312229 1072.99 162728 72.2164 72.2164 36.0298 120
55100 70.2314 -312228 -203.643 162763 72.2215 72.2215 36.0323 120
55200 70.3931 -312227 145.245 162805 72.2277 72.2277 36.0354 120
55300 69.6959 -312226 -554.208 162845 72.2337 72.2337 36.0384 120
55400 69.5107 -312228 -248.29 162808 72.2282 72.2282 36.0356 120
55500 69.6102 -312230 645.435 162727 72.2162 72.2162 36.0297 120
55600 69.8635 -312230 769.734 162734 72.2172 72.2172 36.0302 120
55700 70.3405 -312228 -123.832 162825 72.2306 72.2306 36.0369 120
55800 70.314 -312227 -742.34 162842 72.2332 72.2332 36.0381 120
55900 70.4528 -312228 361.533 162754 72.2202 72.2202 36.0317 120
56000 69.7524 -312229 455.477 162716 72.2146 72.2146 36.0289 120
56100 69.1841 -312229 -638.921 162793 72.226 72.226 36.0345 120
56200 68.9401 -312228 -237.616 162833 72.2319 72.2319 36.0375 120
56300 69.8944 -312228 -256.412 162823 72.2303 72.2303 36.0367 120
56400 70.6099 -312228 211.492 162760 72.2211 72.2211 36.0321 120
56500 70.3407 -312228 280.677 162731 72.2167 72.2167 36.0299 120
56600 70.4983 -312230 520.052 162774 72.2231 72.2231 36.0331 120
56700 69.7338 -312229 -472.318 162856 72.2353 72.2353 36.0392 120
56800 69.3754 -312229 -433.805 162829 72.2312 72.2312 36.0372 120
56900 69.5404 -312228 178.249 162743 72.2185 72.2185 36.0308 120
57000 70.1675 -312228 585.101 162724 72.2157 72.2157 36.0294 120
57100 70.1624 -312227 -488.926 162849 72.2343 72.2343 36.0387 120
57200 70.2959 -312228 -1080.25 162886 72.2397 72.2397 36.0414 120
57300 70.7341 -312231 128.427 162770 72.2226 72.2226 36.0329 120
57400 69.8457 -312231 1208.37 162677 72.2088 72.2088 36.026 120
57500 69.7973 -312230 316.686 162753 72.22 72.22 36.0315 120
57600 69.8016 -312227 -159.94 162851 72.2345 72.2345 36.0388 120
57700 70.1226 -312227 -533.07 162863 72.2363 72.2363 36.0397 120
57800 70.3853 -312228 589.427 162755 72.2203 72.2203 36.0317 120
57900 69.8414 -312229 670.294 162705 72.2129 72.2129 36.028 120
58000 70.0009 -312230 -152.52 162777 72.2236 72.2236 36.0334 120
58100 69.4605 -312228 -729.431 162852 72.2346 72.2346 36.0389 120
58200 70.3118 -312229 -245.514 162829 72.2312 72.2312 36.0372 120
58300 70.4871 -312228 115.732 162763 72.2215 72.2215 36.0323 120
58400 70.5245 -312228 712.436 162736 72.2174 72.2174 36.0303 120
58500 70.4728 -312229 -154.18 162789 72.2254 72.2254 36.0342 120
58600 69.5948 -312229 -699.33 162829 72.2313 72.2313 36.0372 120
58700 69.798 -312230 271.144 162809 72.2283 72.2283 36.0357 120
58800 69.9888 -312229 123.5 162786 72.2248 72.2248 36.034 120
58900 70.343 -312228 454.997 162754 72.2202 72.2202 36.0317 120
59000 69.8582 -312226 -282.567 162786 72.2248 72.2248 36.034 120
59100 70.4625 -312229 153.267 162803 72.2274 72.2274 36.0352 120
59200 70.1176 -312230 49.7097 162797 72.2264 72.2264 36.0348 120
59300 69.6789 -312230 148.467 162785 72.2247 72.2247 36.0339 120
59400 69.8609 -312229 218.343 162771 72.2226 72.2226 36.0329 120
59500 70.0373 -312228 -236.775 162777 72.2236 72.2236 36.0334 120
59600 70.5576 -312227 170.393 162799 72.2268 72.2268 36.0349 120
59700 70.5688 -312229 -497.278 162813 72.2289 72.2289 36.036 120
59800 70.0596 -312230 388.841 162768 72.2222 72.2222 36.0327 120
59900 69.9091 -312230 140.308 162745 72.2188 72.2188 36.031 120
60000 69.4388 -312229 136.943 162790 72.2255 72.2255 36.0343 120
60100 70.4428 -312228 -361.42 162818 72.2296 72.2296 36.0364 120
60200 70.584 -312228 264.732 162769 72.2224 72.2224 36.0328 120
60300 69.7686 -312227 -78.6447 162781 72.2242 72.2242 36.0337 120
60400 70.016 -312228 -119.744 162813 72.2289 72.2289 36.036 120
60500 70.1765 -312230 -605.339 162817 72.2295 72.2295 36.0363 120
60600 69.8186 -312229 60.7663 162773 72.223 72.223 36.0331 120
60700 70.4499 -312230 -80.0484 162755 72.2204 72.2204 36.0318 120
60800 70.3693 -312227 318.865 162775 72.2233 72.2233 36.0332 120
60900 70.5304 -312228 -260.81 162819 72.2298 72.2298 36.0365 120
61000 70.818 -312230 193.243 162780 72.224 72.224 36.0336 120
61100 69.3511 -312228 240.363 162750 72.2195 72.2195 36.0313 120
61200 69.44 -312229 172.923 162776 72.2234 72.2234 36.0332 120
61300 69.7392 -312228 -544.777 162814 72.2291 72.2291 36.0361 120
61400 70.0519 -312227 0.0628816 162803 72.2274 72.2274 36.0353 120
61500 71.1386 -312229 -103.456 162777 72.2236 72.2236 36.0333 120
61600 69.9896 -312228 381.544 162762 72.2213 72.2213 36.0322 120
61700 69.1593 -312228 -168.165 162792 72.2257 72.2257 36.0344 120
61800 70.099 -312230 84.5694 162816 72.2293 72.2293 36.0362 120
61900 69.9118 -312229 -347.925 162819 72.2298 72.2298 36.0364 120
62000 70.1244 -312228 -245.006 162785 72.2248 72.2248 36.0339 120
62100 70.3643 -312228 467.386 162748 72.2193 72.2193 36.0312 120
62200 70.5282 -312229 -227.841 162785 72.2247 72.2247 36.0339 120
62300 68.9349 -312227 -81.0503 162814 72.229 72.229 36.0361 120
62400 69.3592 -312229 191.549 162794 72.2261 72.2261 36.0346 120
62500 70.1955 -312230 299.829 162753 72.2199 72.2199 36.0315 120
62600 70.4556 -312229 -74.827 162769 72.2224 72.2224 36.0328 120
62700 70.3697 -312228 57.3117 162809 72.2283 72.2283 36.0357 120
62800 70.3768 -312228 115.086 162811 72.2285 72.2285 36.0358 120
62900 69.7805 -312228 -436.173 162812 72.2288 72.2288 36.0359 120
63000 70.1386 -312230 150.712 162780 72.2239 72.2239 36.0335 120
63100 69.8054 -312230 -89.0075 162772 72.2228 72.2228 36.033 120
63200 69.9126 -312228 -196.968 162794 72.2261 72.2261 36.0346 120
63300 70.5349 -312229 235.528 162793 72.226 72.226 36.0346 120
63400 70.551 -312228 -108.199 162801 72.2271 72.2271 36.0351 120
63500 69.9784 -312228 -167.614 162806 72.2278 72.2278 36.0355 120
63600 70.313 -312231 -147.769 162790 72.2255 72.2255 36.0343 120
63700 70.0429 -312230 750.003 162771 72.2226 72.2226 36.0329 120
63800 69.8791 -312229 -215.985 162805 72.2277 72.2277 36.0354 120
63900 70.1681 -312228 -224.927 162810 72.2284 72.2284 36.0358 120
64000 70.2326 -312228 -66.3809 162784 72.2245 72.2245 36.0338 120
64100 70.7914 -312230 95.1056 162751 72.2197 72.2197 36.0314 120
64200 69.4522 -312228 368.153 162771 72.2227 72.2227 36.0329 120
64300 69.6533 -312229 -696.019 162832 72.2317 72.2317 36.0374 120
64400 69.1004 -312228 -96.0679 162813 72.2289 72.2289 36.036 120
64500 70.2553 -312229 454.867 162745 72.2189 72.2189 36.031 120
64600 70.2975 -312227 1.13024 162784 72.2246 72.2246 36.0339 120
64700 70.1422 -312228 -886.715 162837 72.2324 72.2324 36.0378 120
64800 69.7619 -312228 330.213 162800 72.227 72.227 36.035 120
64900 69.6231 -312229 146.665 162776 72.2234 72.2234 36.0333 120
65000 69.8897 -312230 -525.598 162780 72.2241 72.2241 36.0336 120
65100 69.9286 -312229 571.579 162768 72.2223 72.2223 36.0327 120
65200 70.4418 -312228 2.9097 162809 72.2283 72.2283 36.0357 120
65300 70.6204 -312228 -407.866 162818 72.2297 72.2297 36.0364 120
65400 70.2584 -312229 -442.357 162783 72.2245 72.2245 36.0338 120
65500 69.7889 -312229 123.933 162751 72.2197 72.2197 36.0314 120
65600 69.7212 -312229 129.965 162781 72.2242 72.2242 36.0337 120
65700 70.227 -312229 -286.087 162802 72.2273 72.2273 36.0352 120
65800 70.4197 -312228 456.336 162783 72.2245 72.2245 36.0338 120
65900 70.4991 -312228 300.827 162772 72.2228 72.2228 36.033 120
66000 70.2894 -312228 -381.874 162793 72.226 72.226 36.0346 120
66100 69.5893 -312229 -430.785 162799 72.2268 72.2268 36.035 120
66200 70.0301 -312230 -134.476 162787 72.2251 72.2251 36.0341 120
66300 70.08 -312230 -407.862 162777 72.2236 72.2236 36.0334 120
66400 70.1901 -312228 441.626 162783 72.2245 72.2245 36.0338 120
66500 70.2822 -312228 -669.911 162833 72.2318 72.2318 36.0375 120
66600 69.698 -312227 42.094 162809 72.2283 72.2283 36.0357 120
66700 70.0145 -312229 299.58 162777 72.2235 72.2235 36.0333 120
66800 70.2838 -312231 68.2629 162779 72.2238 72.2238 36.0335 120
66900 69.9549 -312230 -182.283 162796 72.2264 72.2264 36.0348 120
67000 69.8605 -312228 27.0779 162790 72.2256 72.2256 36.0343 120
67100 70.1776 -312228 619.31 162769 72.2223 72.2223 36.0327 120
67200 70.02 -312228 -662.992 162815 72.2292 72.2292 36.0362 120
67300 70.7373 -312230 192.59 162774 72.2231 72.2231 36.0331 120
67400 69.319 -312229 150.142 162765 72.2217 72.2217 36.0324 120
67500 69.1777 -312229 -497.885 162806 72.2279 72.2279 36.0355 120
67600 69.966 -312229 -83.2291 162795 72.2263 72.2263 36.0347 120
67700 69.9132 -312227 219.978 162772 72.2228 72.2228 36.033 120
67800 70.7027 -312228 44.1483 162781 72.2242 72.2242 36.0336 120
67900 69.9098 -312228 -720.906 162810 72.2285 72.2285 36.0358 120
68000 70.0733 -312230 -397.536 162788 72.2253 72.2253 36.0342 120
68100 69.4684 -312230 397.021 162750 72.2195 72.2195 36.0313 120
68200 69.856 -312229 -513.221 162785 72.2248 72.2248 36.0339 120
68300 70.1326 -312228 -433.349 162821 72.2301 72.2301 36.0366 120
68400 70.6697 -312228 -231.82 162806 72.2279 72.2279 36.0355 120
68500 69.4213 -312227 507.633 162747 72.2191 72.2191 36.0311 120
68600 70.2101 -312230 253.537 162748 72.2193 72.2193 36.0312 120
68700 69.3066 -312229 -406.021 162809 72.2283 72.2283 36.0357 120
68800 69.9982 -312229 -252.979 162823 72.2303 72.2303 36.0367 120
68900 69.9614 -312228 -305.7 162778 72.2237 72.2237 36.0334 120
69000 70.4623 -312228 730.693 162740 72.2181 72.2181 36.0306 120
69100 70.1338 -312228 125.523 162775 72.2233 72.2233 36.0332 120
69200 69.8818 -312229 -156.349 162812 72.2287 72.2287 36.0359 120
69300 69.255 -312228 -251.674 162803 72.2274 72.2274 36.0353 120
69400 70.1012 -312230 397.232 162765 72.2218 72.2218 36.0325 120
69500 70.3777 -312230 577.821 162765 72.2218 72.2218 36.0325 120
69600 69.8551 -312227 -14.0795 162804 72.2276 72.2276 36.0354 120
69700 70.9934 -312229 104.325 162811 72.2286 72.2286 36.0359 120
69800 70.0279 -312229 78.2658 162783 72.2244 72.2244 36.0338 120
69900 69.9633 -312229 322.836 162777 72.2236 72.2236 36.0334 120
70000 70.0517 -312230 -84.566 162816 72.2293 72.2293 36.0362 120
70100 69.9177 -312229 -44.0509 162809 72.2283 72.2283 36.0357 120
70200 69.7676 -312227 486.19 162749 72.2195 72.2195 36.0313 120
70300 70.8052 -312229 641.826 162748 72.2193 72.2193 36.0312 120
70400 69.711 -312227 -565.453 162830 72.2313 72.2313 36.0372 120
70500 69.6718 -312229 -544.759 162846 72.2338 72.2338 36.0384 120
70600 69.5814 -312229 212.508 162770 72.2225 72.2225 36.0328 120
70700 69.2044 -312228 401.396 162748 72.2193 72.2193 36.0312 120
70800 70.5287 -312228 -210.512 162810 72.2284 72.2284 36.0358 120
70900 70.4021 -312227 87.9578 162813 72.2289 72.2289 36.036 120
71000 69.9227 -312228 177.124 162759 72.2208 72.2208 36.032 120
71100 70.1107 -312230 -151.393 162753 72.22 72.22 36.0316 120
71200 69.5489 -312229 187.673 162809 72.2283 72.2283 36.0357 120
71300 69.6485 -312229 60.8278 162845 72.2336 72.2336 36.0383 120
71400 70.0836 -312228 51.5946 162792 72.2257 72.2257 36.0344 120
71500 70.5005 -312228 259.322 162757 72.2206 72.2206 36.0319 120
71600 70.0825 -312228 -421.012 162800 72.227 72.227 36.0351 120
71700 70.216 -312229 -143.879 162814 72.2291 72.2291 36.0361 120
71800 69.4905 -312229 253.888 162791 72.2257 72.2257 36.0344 120
71900 69.722 -312229 150.399 162779 72.2238 72.2238 36.0335 120
72000 69.9366 -312228 186.846 162780 72.2239 72.2239 36.0335 120
72100 70.3994 -312227 -227.96 162825 72.2306 72.2306 36.0369 120
72200 70.4523 -312228 -419.808 162825 72.2306 72.2306 36.0369 120
72300 70.3988 -312230 -80.6939 162767 72.2221 72.2221 36.0326 120
72400 69.8205 -312229 517.232 162750 72.2196 72.2196 36.0314 120
72500 70.1485 -312228 -1150.51 162833 72.2319 72.2319 36.0375 120
72600 69.6136 -312228 37.7517 162821 72.2301 72.2301 36.0366 120
72700 70.5734 -312229 534.872 162743 72.2186 72.2186 36.0308 120
72800 70.7533 -312229 250.7 162754 72.2202 72.2202 36.0317 120
72900 70.0266 -312228 -78.9354 162819 72.2298 72.2298 36.0364 120
73000 70.1533 -312230 -21.3525 162818 72.2296 72.2296 36.0364 120
73100 70.2539 -312231 622.403 162770 72.2226 72.2226 36.0328 120
73200 69.8127 -312228 306.201 162784 72.2246 72.2246 36.0339 120
73300 70.1952 -312227 -732.312 162828 72.2311 72.2311 36.0371 120
73400 69.9851 -312227 -264.353 162821 72.2301 72.2301 36.0366 120
73500 69.6824 -312228 -93.2518 162791 72.2257 72.2257 36.0344 120
73600 69.274 -312228 813.659 162747 72.2191 72.2191 36.0311 120
73700 69.9514 -312229 -220.191 162783 72.2244 72.2245 36.0338 120
73800 70.1602 -312227 -190.523 162811 72.2287 72.2287 36.0359 120
73900 70.6257 -312228 -348.079 162807 72.228 72.228 36.0356 120
74000 70.1734 -312228 -126.559 162782 72.2242 72.2242 36.0337 120
74100 69.9379 -312229 18.7101 162789 72.2253 72.2253 36.0342 120
74200 69.7259 -312228 67.3246 162789 72.2254 72.2254 36.0342 120
74300 70.1137 -312229 -45.0004 162780 72.224 72.224 36.0335 120
74400 70.6714 -312229 215.998 162790 72.2255 72.2255 36.0343 120
74500 70.7801 -312227 492.229 162782 72.2244 72.2244 36.0337 120
74600 70.7078 -312227 -113.078 162787 72.225 72.225 36.0341 120
74700 70.0118 -312228 -81.5624 162797 72.2266 72.2266 36.0348 120
74800 70.1593 -312229 -399.149 162808 72.2281 72.2281 36.0356 120
74900 69.9053 -312229 227.589 162786 72.2249 72.2249 36.034 120
75000 70.0253 -312230 -237.69 162792 72.2258 72.2258 36.0345 120
75100 70.3119 -312229 495.045 162774 72.2232 72.2232 36.0332 120
75200 70.6126 -312228 176.692 162785 72.2247 72.2247 36.0339 120
75300 70.5177 -312228 -268.258 162800 72.227 72.227 36.0351 120
75400 70.1154 -312228 334.147 162781 72.2242 72.2242 36.0337 120
75500 69.5035 -312229 -63.5866 162792 72.2258 72.2258 36.0345 120
75600 69.7592 -312229 -232.305 162794 72.2261 72.2261 36.0346 120
75700 70.093 -312229 -82.6039 162780 72.224 72.224 36.0336 120
75800 70.0014 -312227 -47.0651 162785 72.2247 72.2247 36.0339 120
75900 70.9011 -312227 -148.003 162795 72.2262 72.2262 36.0346 120
76000 71.4094 -312228 256.565 162797 72.2266 72.2266 36.0348 120
76100 70.8802 -312228 -768.833 162827 72.2309 72.2309 36.037 120
76200 70.3933 -312230 -129.071 162800 72.227 72.227 36.0351 120
76300 70.1639 -312230 507.208 162757 72.2207 72.2207 36.0319 120
76400 69.8858 -312229 -30.7733 162775 72.2232 72.2232 36.0332 120
76500 69.8031 -312228 142.817 162797 72.2265 72.2265 36.0348 120
76600 70.3129 -312227 -498.613 162815 72.2291 72.2291 36.0361 120
76700 70.2916 -312228 -184.629 162786 72.2249 72.2249 36.034 120
76800 70.3422 -312229 587.007 162753 72.22 72.22 36.0315 120
76900 69.8515 -312229 279.272 162794 72.226 72.226 36.0346 120
77000 69.814 -312228 -464.488 162843 72.2333 72.2333 36.0382 120
77100 70.0083 -312228 182.992 162800 72.227 72.227 36.035 120
77200 70.0525 -312228 -98.4924 162766 72.222 72.222 36.0325 120
77300 69.9444 -312227 -226.32 162792 72.2258 72.2258 36.0345 120
77400 69.9798 -312227 -158.165 162789 72.2254 72.2254 36.0343 120
77500 69.3716 -312228 234.664 162759 72.221 72.221 36.0321 120
77600 69.5934 -312229 176.261 162773 72.223 72.223 36.0331 120
77700 70.0124 -312229 -559.572 162820 72.2299 72.2299 36.0365 120
77800 70.63 -312228 -248.082 162806 72.2279 72.2279 36.0355 120
77900 70.2368 -312227 323.265 162778 72.2236 72.2236 36.0334 120
78000 70.2301 -312228 -317.854 162790 72.2255 72.2255 36.0343 120
78100 69.962 -312228 101.488 162788 72.2252 72.2252 36.0342 120
78200 69.4997 -312229 537.775 162778 72.2237 72.2238 36.0334 120
78300 69.896 -312229 -63.0632 162793 72.2259 72.2259 36.0345 120
78400 70.7553 -312229 -237.291 162801 72.2271 72.2271 36.0351 120
78500 71.1768 -312228 -34.4646 162793 72.2259 72.2259 36.0345 120
78600 70.2015 -312228 187.206 162789 72.2253 72.2253 36.0342 120
78700 70.1709 -312229 -367.286 162817 72.2295 72.2295 36.0363 120
78800 69.6891 -312229 -531.815 162825 72.2307 72.2307 36.0369 120
78900 69.6321 -312228 296.431 162764 72.2216 72.2216 36.0324 120
79000 70.5122 -312229 455.032 162748 72.2193 72.2193 36.0312 120
79100 70.4596 -312227 87.6672 162793 72.2259 72.2259 36.0345 120
79200 70.3589 -312227 -520.775 162838 72.2326 72.2326 36.0378 120
79300 70.2214 -312229 90.1372 162800 72.227 72.227 36.035 120
79400 69.9912 -312229 390.878 162748 72.2193 72.2193 36.0312 120
79500 70.1202 -312229 323.802 162765 72.2218 72.2218 36.0325 120
79600 70.019 -312229 -292.934 162824 72.2305 72.2305 36.0368 120
79700 69.6522 -312226 -92.2335 162807 72.228 72.228 36.0355 120
79800 70.8841 -312228 -238.848 162785 72.2247 72.2247 36.0339 120
79900 69.4949 -312226 503.074 162767 72.222 72.222 36.0326 120
80000 69.5848 -312229 -375.049 162800 72.2269 72.2269 36.035 120
80100 69.7599 -312229 -744.208 162814 72.2291 72.2291 36.0361 120
80200 70.2963 -312229 465.262 162770 72.2225 72.2225 36.0328 120
80300 70.432 -312228 -96.2136 162791 72.2256 72.2256 36.0344 120
80400 71.2487 -312228 -421.916 162810 72.2284 72.2284 36.0358 120
80500 70.352 -312228 375.604 162759 72.221 72.221 36.0321 120
80600 69.7203 -312229 566.31 162755 72.2202 72.2202 36.0317 120
80700 70.2583 -312230 -431.235 162834 72.232 72.232 36.0375 120
80800 69.6311 -312228 -278.968 162838 72.2325 72.2325 36.0378 120
80900 70.0515 -312228 529.028 162766 72.222 72.222 36.0326 120
81000 70.8993 -312229 273.573 162747 72.2191 72.2191 36.0311 120
81100 70.5191 -312230 24.2948 162781 72.2241 72.2241 36.0336 120
81200 70.0354 -312230 -195.62 162812 72.2287 72.2287 36.0359 120
81300 68.8471 -312227 -303.004 162797 72.2265 72.2265 36.0348 120
81400 70.017 -312228 374.227 162764 72.2216 72.2216 36.0324 120
81500 70.5547 -312228 -149.842 162783 72.2244 72.2244 36.0338 120
81600 70.6573 -312229 -674.895 162816 72.2293 72.2293 36.0362 120
81700 70.1471 -312229 124.751 162796 72.2264 72.2264 36.0348 120
81800 70.5101 -312229 373.915 162783 72.2244 72.2244 36.0338 120
81900 70.7308 -312230 -374.996 162795 72.2262 72.2262 36.0347 120
82000 70.2374 -312229 -74.3153 162797 72.2265 72.2265 36.0348 120
82100 70.1031 -312229 -109.513 162798 72.2267 72.2267 36.0349 120
82200 70.3699 -312228 89.457 162780 72.2241 72.2241 36.0336 120
82300 70.1607 -312228 398.198 162769 72.2224 72.2224 36.0328 120
82400 70.0425 -312228 -455.478 162821 72.23 72.23 36.0366 120
82500 70.043 -312230 10.918 162818 72.2296 72.2296 36.0363 120
82600 68.9067 -312228 394.223 162756 72.2204 72.2204 36.0318 120
82700 69.6251 -312228 499.292 162735 72.2174 72.2174 36.0302 120
82800 70.3434 -312227 -89.9324 162813 72.2289 72.2289 36.036 120
82900 70.4317 -312228 -774.771 162862 72.2362 72.2362 36.0396 120
83000 69.8743 -312229 310.365 162762 72.2214 72.2214 36.0323 120
83100 70.4689 -312231 494.229 162718 72.2148 72.2148 36.029 120
83200 69.3206 -312228 172.914 162778 72.2236 72.2236 36.0334 120
83300 70.2546 -312228 -707.002 162863 72.2363 72.2363 36.0397 120
83400 70.3784 -312227 -231.51 162814 72.229 72.229 36.0361 120
83500 70.3288 -312228 46.0092 162739 72.218 72.218 36.0306 120
83600 70.0186 -312229 1046.89 162748 72.2192 72.2192 36.0312 120
83700 69.9022 -312229 -815.173 162855 72.2351 72.2351 36.0391 120
83800 69.9486 -312228 -568.566 162848 72.2341 72.2341 36.0386 120
83900 70.1648 -312229 213.816 162742 72.2184 72.2184 36.0308 120
84000 70.1496 -312229 824.586 162711 72.2139 72.2139 36.0285 120
84100 70.3889 -312229 -323.839 162818 72.2296 72.2296 36.0364 120
84200 68.8989 -312227 -695.056 162871 72.2375 72.2375 36.0403 120
84300 69.0871 -312229 543.292 162785 72.2247 72.2247 36.0339 120
84400 69.6622 -312229 676.967 162722 72.2154 72.2154 36.0293 120
84500 70.4692 -312229 -37.3646 162760 72.2211 72.2211 36.0321 120
84600 70.1278 -312228 -364.379 162821 72.2301 72.2301 36.0366 120
84700 69.6747 -312227 -497.182 162827 72.231 72.231 36.037 120
84800 68.876 -312229 303.922 162756 72.2204 72.2204 36.0318 120
84900 68.9438 -312229 941.59 162728 72.2163 72.2163 36.0297 120
85000 69.6332 -312229 -335.845 162830 72.2315 72.2315 36.0373 120
85100 69.7978 -312228 -516.807 162868 72.237 72.237 36.0401 120
85200 69.834 -312227 -79.334 162774 72.2231 72.2231 36.0331 120
85300 70.1487 -312228 725.62 162701 72.2124 72.2124 36.0278 120
85400 69.6613 -312229 458.773 162757 72.2207 72.2207 36.0319 120
85500 69.1245 -312229 -489.9 162853 72.2348 72.2348 36.0389 120
85600 69.6376 -312229 -101.261 162830 72.2315 72.2315 36.0373 120
85700 70.487 -312229 781.801 162762 72.2214 72.2214 36.0323 120
85800 70.3261 -312229 -213.008 162778 72.2237 72.2237 36.0334 120
85900 69.985 -312228 -332.043 162804 72.2276 72.2276 36.0353 120
86000 69.5558 -312228 2.72539 162783 72.2244 72.2244 36.0338 120
86100 69.3879 -312230 12.7466 162757 72.2206 72.2206 36.0319 120
86200 69.485 -312230 577.113 162766 72.222 72.222 36.0326 120
86300 70.054 -312229 -433.332 162833 72.2318 72.2318 36.0375 120
86400 69.8122 -312228 -522.343 162829 72.2313 72.2313 36.0372 120
86500 70.3548 -312229 88.5446 162771 72.2226 72.2226 36.0329 120
86600 70.3487 -312229 91.703 162759 72.221 72.221 36.032 120
86700 70.0505 -312228 -309.228 162804 72.2275 72.2275 36.0353 120
86800 69.7723 -312229 -275.005 162814 72.2291 72.2291 36.0361 120
86900 70.2625 -312231 107.388 162778 72.2237 72.2237 36.0334 120
87000 70.1405 -312229 233.989 162772 72.2229 72.2229 36.033 120
87100 70.5566 -312228 5.39633 162797 72.2266 72.2266 36.0349 120
87200 70.4079 -312228 171.241 162810 72.2284 72.2284 36.0357 120
87300 70.064 -312229 -387.015 162815 72.2292 72.2292 36.0362 120
87400 69.0543 -312228 194.422 162766 72.2219 72.2219 36.0325 120
87500 70.0824 -312230 192.001 162765 72.2218 72.2218 36.0325 120
87600 70.0023 -312227 -218.655 162813 72.2289 72.2289 36.036 120
87700 69.91 -312227 -306.663 162819 72.2297 72.2297 36.0364 120
87800 70.2496 -312228 203.37 162771 72.2227 72.2227 36.0329 120
87900 69.6775 -312229 127.533 162750 72.2196 72.2196 36.0314 120
88000 69.6802 -312230 566.356 162760 72.221 72.221 36.0321 120
88100 69.4148 -312228 -257.629 162805 72.2277 72.2277 36.0354 120
88200 70.0615 -312229 124.368 162816 72.2293 72.2293 36.0362 120
88300 69.785 -312228 -85.0779 162788 72.2251 72.2251 36.0341 120
88400 70.2488 -312229 -204.935 162787 72.225 72.225 36.0341 120
88500 69.942 -312228 -209.141 162803 72.2274 72.2274 36.0353 120
88600 69.4007 -312228 6.70295 162802 72.2273 72.2273 36.0352 120
88700 69.8154 -312231 -249.966 162784 72.2246 72.2246 36.0339 120
88800 69.0745 -312229 546.854 162747 72.2191 72.2191 36.0311 120
88900 70.4432 -312229 273.199 162778 72.2236 72.2236 36.0334 120
89000 70.0919 -312227 -193.444 162838 72.2327 72.2327 36.0379 120
89100 70.0083 -312228 -555.887 162839 72.2327 72.2327 36.0379 120
89200 69.7227 -312229 834.034 162749 72.2195 72.2195 36.0313 120
89300 69.0824 -312230 531.147 162755 72.2203 72.2203 36.0317 120
89400 69.7349 -312230 -416.326 162832 72.2317 72.2317 36.0374 120
89500 70.2424 -312228 -413.553 162838 72.2325 72.2325 36.0378 120
89600 70.5809 -312229 158.157 162781 72.2241 72.2241 36.0336 120
89700 70.3366 -312229 534.374 162722 72.2154 72.2154 36.0293 120
89800 70.1468 -312230 38.1755 162785 72.2247 72.2247 36.0339 120
89900 69.6464 -312229 -957.694 162853 72.2348 72.2348 36.039 120
90000 69.5194 -312227 251.7 162806 72.2279 72.2279 36.0355 120
90100 70.7622 -312229 556.644 162755 72.2204 72.2204 36.0318 120
90200 70.4652 -312228 35.5262 162780 72.2241 72.2241 36.0336 120
90300 69.8793 -312228 -269.627 162820 72.2299 72.2299 36.0365 120
90400 70.0494 -312229 188.319 162813 72.2288 72.2288 36.036 120
90500 69.6735 -312229 4.8174 162801 72.2271 72.2271 36.0351 120
90600 69.8569 -312228 197.406 162760 72.221 72.221 36.0321 120
90700 71.3406 -312228 267.737 162751 72.2198 72.2198 36.0315 120
90800 70.2326 -312227 -269.618 162794 72.226 72.226 36.0346 120
90900 70.2838 -312228 -130.582 162830 72.2313 72.2313 36.0372 120
91000 69.4398 -312228 83.5671 162803 72.2275 72.2275 36.0353 120
91100 69.742 -312229 894.672 162756 72.2204 72.2205 36.0318 120
91200 70.3473 -312229 -173.792 162790 72.2255 72.2255 36.0343 120
91300 70.3139 -312227 -633.907 162824 72.2306 72.2306 36.0368 120
91400 70.4529 -312227 212.197 162806 72.2279 72.2279 36.0355 120
91500 70.3276 -312229 101.74 162783 72.2244 72.2244 36.0338 120
91600 69.8643 -312229 466.005 162758 72.2207 72.2207 36.0319 120
91700 69.736 -312228 -11.0932 162789 72.2253 72.2253 36.0342 120
91800 70.4701 -312229 -511.901 162827 72.2309 72.2309 36.037 120
91900 71.4326 -312229 -317.599 162811 72.2286 72.2286 36.0359 120
92000 71.2864 -312229 234.627 162748 72.2192 72.2192 36.0312 120
92100 69.8701 -312228 260.391 162758 72.2207 72.2207 36.0319 120
92200 69.1627 -312228 -516.257 162845 72.2336 72.2336 36.0384 120
92300 69.4943 -312228 51.685 162843 72.2334 72.2334 36.0383 120
92400 69.7552 -312227 -32.115 162791 72.2257 72.2257 36.0344 120
92500 70.8668 -312229 750.527 162737 72.2177 72.2177 36.0304 120
92600 70.1007 -312228 -456.922 162759 72.2208 72.2208 36.032 120
92700 70.2099 -312231 173.736 162789 72.2253 72.2253 36.0342 120
92800 68.9299 -312228 -681.169 162838 72.2327 72.2327 36.0379 120
92900 69.9546 -312228 221.025 162808 72.2281 72.2281 36.0356 120
93000 69.9384 -312228 -17.3376 162769 72.2224 72.2224 36.0328 120
93100 70.1464 -312228 -34.0017 162779 72.2239 72.2239 36.0335 120
93200 69.2197 -312228 558.6 162802 72.2273 72.2273 36.0352 120
93300 69.5368 -312230 -394.578 162827 72.2309 72.2309 36.037 120
93400 69.1576 -312229 -43.3033 162798 72.2266 72.2266 36.0349 120
93500 69.8013 -312229 -55.6882 162763 72.2214 72.2214 36.0323 120
93600 70.19 -312229 181.27 162757 72.2206 72.2206 36.0319 120
93700 69.6433 -312228 -312.048 162798 72.2266 72.2266 36.0349 120
93800 69.7101 -312228 -180.639 162827 72.231 72.231 36.037 120
93900 69.6237 -312230 -407.632 162807 72.228 72.228 36.0356 120
94000 69.2431 -312230 421.556 162746 72.2189 72.2189 36.031 120
94100 69.4934 -312228 794.669 162755 72.2202 72.2202 36.0317 120
94200 69.6521 -312227 -69.2974 162848 72.2341 72.2341 36.0386 120
94300 69.9807 -312228 -958.617 162860 72.2358 72.2358 36.0395 120
94400 69.7884 -312229 306.589 162741 72.2183 72.2183 36.0307 120
94500 69.2991 -312230 665.083 162716 72.2146 72.2146 36.0289 120
94600 69.2393 -312230 -435.938 162807 72.228 72.228 36.0356 120
94700 69.9082 -312229 -398.009 162834 72.232 72.232 36.0376 120
94800 69.9083 -312228 -71.243 162816 72.2293 72.2293 36.0362 120
94900 70.0874 -312229 620.559 162757 72.2205 72.2205 36.0318 120
95000 69.3524 -312227 151.404 162771 72.2227 72.2227 36.0329 120
95100 69.9321 -312229 323.476 162810 72.2284 72.2284 36.0358 120
95200 69.2462 -312230 -371.245 162841 72.233 72.233 36.038 120
95300 69.6151 -312229 21.9948 162785 72.2247 72.2247 36.0339 120
95400 70.4512 -312229 491.437 162718 72.2148 72.2149 36.029 120
95500 70.2479 -312228 617.961 162756 72.2204 72.2204 36.0318 120
95600 70.6151 -312229 -289.035 162839 72.2327 72.2327 36.0379 120
95700 69.587 -312229 -109.954 162835 72.2322 72.2322 36.0377 120
95800 69.5973 -312230 296.911 162758 72.2207 72.2207 36.0319 120
95900 69.9816 -312230 231.525 162733 72.2171 72.2171 36.0301 120
96000 70.3121 -312228 -86.7234 162789 72.2253 72.2253 36.0342 120
96100 70.3748 -312227 -203.046 162838 72.2325 72.2325 36.0378 120
96200 70.4048 -312229 -292.73 162805 72.2276 72.2276 36.0354 120
96300 70.066 -312230 380.278 162755 72.2204 72.2204 36.0317 120
96400 69.5223 -312229 30.8967 162792 72.2258 72.2258 36.0345 120
96500 69.3352 -312229 -243.42 162818 72.2297 72.2297 36.0364 120
96600 69.9585 -312229 -171.841 162801 72.2272 72.2272 36.0352 120
96700 70.4558 -312230 46.9244 162775 72.2232 72.2232 36.0332 120
96800 70.1885 -312229 205.9 162773 72.2229 72.2229 36.033 120
96900 69.8677 -312229 -250.216 162799 72.2269 72.2269 36.035 120
97000 70.1606 -312230 -228.145 162803 72.2274 72.2274 36.0353 120
97100 69.8596 -312230 -183.029 162788 72.2252 72.2252 36.0342 120
97200 70.1157 -312230 -95.9247 162785 72.2248 72.2248 36.034 120
97300 69.9452 -312228 200.585 162769 72.2224 72.2224 36.0328 120
97400 69.9482 -312228 -122.102 162769 72.2223 72.2223 36.0327 120
97500 69.6025 -312227 -313.941 162789 72.2253 72.2253 36.0342 120
97600 69.9644 -312229 -487.985 162818 72.2296 72.2296 36.0364 120
97700 70.0512 -312229 92.1599 162788 72.2252 72.2252 36.0342 120
97800 69.6569 -312228 411.337 162758 72.2208 72.2208 36.032 120
97900 70.4311 -312230 -203.926 162792 72.2258 72.2258 36.0345 120
98000 69.9155 -312228 -49.327 162802 72.2273 72.2273 36.0352 120
98100 71.227 -312230 -174.132 162799 72.2269 72.2269 36.035 120
98200 70.4902 -312228 14.1365 162778 72.2238 72.2238 36.0335 120
98300 70.0731 -312230 719.472 162753 72.22 72.22 36.0316 120
98400 69.7063 -312230 -79.8492 162782 72.2243 72.2243 36.0337 120
98500 69.8987 -312229 -374.132 162810 72.2285 72.2285 36.0358 120
98600 69.5947 -312228 -152.148 162816 72.2293 72.2293 36.0362 120
98700 70.1267 -312227 -122.339 162794 72.2261 72.2261 36.0346 120
98800 71.3522 -312227 275.223 162761 72.2212 72.2212 36.0322 120
98900 70.9453 -312228 -222.079 162782 72.2244 72.2244 36.0337 120
99000 70.643 -312229 -10.1878 162791 72.2256 72.2256 36.0344 120
99100 70.7828 -312231 429.206 162780 72.224 72.224 36.0336 120
99200 69.5845 -312229 -75.4995 162781 72.2242 72.2242 36.0337 120
99300 69.8553 -312230 131.294 162779 72.2239 72.2239 36.0335 120
99400 70.0764 -312229 -173.826 162779 72.2238 72.2238 36.0335 120
99500 70.2083 -312227 574.104 162777 72.2235 72.2235 36.0333 120
99600 70.6279 -312229 -759.707 162833 72.2318 72.2318 36.0375 120
99700 70.6085 -312230 -139.367 162805 72.2278 72.2278 36.0354 120
99800 70.0851 -312229 470.2 162743 72.2185 72.2185 36.0308 120
99900 70.0671 -312230 210.534 162762 72.2214 72.2214 36.0323 120
100000 70.2336 -312230 -695.594 162821 72.2301 72.2301 36.0366 120
