# Time-averaged data for fix 2
# TimeStep c_thermo_temp c_thermo_pe c_thermo_press v_myVol v_myCella v_myCellb v_myCellc v_myCellgamma
0 263.788 -311855 277.661 163175 72.2823 72.2823 36.0627 120
100 259.349 -311867 -1787.36 163287 72.299 72.299 36.071 120
200 266.978 -311864 -385.535 163310 72.3024 72.3024 36.0727 120
300 271.648 -311840 43.412 163300 72.3008 72.3008 36.0719 120
400 280.641 -311838 203.488 163275 72.2972 72.2972 36.0701 120
500 275.821 -311842 622.986 163265 72.2957 72.2957 36.0693 120
600 267.911 -311860 207.357 163266 72.2958 72.2958 36.0694 120
700 262.211 -311873 -1277.56 163265 72.2956 72.2956 36.0693 120
800 264.342 -311876 359.858 163252 72.2937 72.2937 36.0683 120
900 270.078 -311867 1020.18 163255 72.2942 72.2942 36.0686 120
1000 277.069 -311859 -19.0592 163297 72.3004 72.3004 36.0717 120
1100 275.834 -311857 159.415 163359 72.3096 72.3096 36.0763 120
1200 271.19 -311870 -1179.37 163422 72.3188 72.3188 36.0809 120
1300 265.89 -311880 456.173 163452 72.3232 72.3232 36.0831 120
1400 264.176 -311882 -288.783 163461 72.3246 72.3246 36.0837 120
1500 271.736 -311882 -356.231 163455 72.3237 72.3237 36.0833 120
1600 271.831 -311865 -27.8011 163440 72.3214 72.3214 36.0822 120
1700 275.033 -311866 353.541 163423 72.3189 72.3189 36.0809 120
1800 270.381 -311869 -58.5221 163414 72.3177 72.3177 36.0803 120
1900 268.469 -311884 132.649 163418 72.3183 72.3183 36.0806 120
2000 265.873 -311888 198.387 163445 72.3223 72.3223 36.0826 120
2100 268.195 -311886 402.673 163457 72.324 72.324 36.0834 120
2200 271.346 -311876 -457.877 163470 72.326 72.326 36.0844 120
2300 274.41 -311872 -236.584 163484 72.328 72.328 36.0855 120
2400 273.262 -311874 483.754 163482 72.3277 72.3277 36.0853 120
2500 268.556 -311880 1269.42 163482 72.3276 72.3276 36.0853 120
2600 266.826 -311890 -233.149 163498 72.33 72.33 36.0865 120
2700 265.883 -311888 259.658 163501 72.3305 72.3305 36.0867 120
2800 270.198 -311884 -647.883 163512 72.3321 72.3321 36.0875 120
2900 271.716 -311874 779.612 163516 72.3326 72.3326 36.0878 120
3000 274.597 -311879 1389.91 163526 72.3341 72.3341 36.0885 120
3100 271.187 -311885 -47.7968 163554 72.3382 72.3382 36.0906 120
3200 267.526 -311892 -602.589 163569 72.3405 72.3405 36.0917 120
3300 265.967 -311892 -406.207 163564 72.3398 72.3398 36.0913 120
3400 267.722 -311886 -280.768 163542 72.3366 72.3366 36.0897 120
3500 271.975 -311880 -18.1775 163527 72.3344 72.3344 36.0886 120
3600 275.166 -311882 -37.9127 163524 72.3338 72.3338 36.0884 120
3700 270.562 -311883 80.2318 163519 72.3332 72.3332 36.088 120
3800 267.811 -311891 -342.949 163518 72.3331 72.3331 36.088 120
3900 268.592 -311898 517.119 163541 72.3364 72.3364 36.0896 120
4000 265.605 -311885 -618.657 163589 72.3435 72.3435 36.0932 120
4100 275.248 -311890 -759.963 163608 72.3463 72.3463 36.0946 120
4200 273.491 -311879 581.776 163582 72.3424 72.3424 36.0926 120
4300 270.875 -311881 -595.859 163560 72.3392 72.3392 36.0911 120
4400 268.243 -311888 -372.325 163540 72.3363 72.3363 36.0896 120
4500 267.597 -311896 813.383 163502 72.3306 72.3306 36.0867 120
4600 267.004 -311894 556.548 163503 72.3308 72.3308 36.0869 120
4700 270.85 -311891 884.224 163539 72.336 72.336 36.0895 120
4800 271.754 -311883 -64.7958 163603 72.3455 72.3455 36.0942 120
4900 272.377 -311884 -557.539 163666 72.3548 72.3548 36.0988 120
5000 270.182 -311889 -315.201 163697 72.3593 72.3593 36.1011 120
5100 267.798 -311894 -985.912 163675 72.3561 72.3561 36.0995 120
5200 268.95 -311900 392.457 163614 72.3472 72.3472 36.095 120
5300 269.224 -311893 79.4916 163562 72.3395 72.3395 36.0912 120
5400 272.191 -311890 854.574 163535 72.3354 72.3354 36.0892 120
5500 271.824 -311885 1181.87 163542 72.3365 72.3365 36.0897 120
5600 271.846 -311889 -494.852 163584 72.3428 72.3428 36.0928 120
5700 268.7 -311894 86.2287 163610 72.3466 72.3466 36.0947 120
5800 268.756 -311899 298.258 163623 72.3485 72.3485 36.0957 120
5900 266.007 -311891 100.664 163642 72.3513 72.3513 36.0971 120
6000 270.22 -311889 -986.066 163656 72.3534 72.3534 36.0981 120
6100 272.264 -311886 42.4851 163651 72.3526 72.3526 36.0977 120
6200 270.655 -311887 413.152 163625 72.3488 72.3488 36.0958 120
6300 269.079 -311893 613.815 163592 72.3439 72.3439 36.0934 120
6400 267.154 -311898 944.677 163572 72.341 72.341 36.0919 120
6500 267.434 -311898 529.691 163579 72.3419 72.3419 36.0924 120
6600 269.343 -311892 -92.8965 163600 72.3451 72.3451 36.094 120
6700 273.144 -311890 870.881 163620 72.348 72.348 36.0954 120
6800 272.695 -311889 -335.196 163658 72.3536 72.3536 36.0982 120
6900 269.287 -311891 -540.323 163676 72.3563 72.3563 36.0996 120
7000 267.969 -311899 636.104 163660 72.354 72.354 36.0984 120
7100 266.344 -311898 -656.439 163658 72.3537 72.3537 36.0983 120
7200 268.37 -311893 -31.6146 163640 72.351 72.351 36.0969 120
7300 272.801 -311892 -98.8706 163637 72.3506 72.3506 36.0967 120
7400 272.496 -311888 -16.1122 163631 72.3496 72.3496 36.0962 120
7500 271.997 -311893 655.879 163620 72.348 72.348 36.0954 120
7600 270.924 -311901 -1.64165 163633 72.35 72.35 36.0964 120
7700 264.246 -311894 4.75326 163642 72.3512 72.3512 36.097 120
7800 267.225 -311896 146.482 163638 72.3507 72.3507 36.0968 120
7900 270.245 -311892 -221.409 163626 72.3489 72.3489 36.0959 120
8000 272.794 -311889 1226.98 163619 72.3479 72.3479 36.0954 120
8100 274.137 -311894 -75.0467 163655 72.3531 72.3531 36.098 120
8200 269.354 -311895 -998.505 163683 72.3574 72.3574 36.1001 120
8300 267.969 -311900 -294.549 163674 72.356 72.356 36.0994 120
8400 268.068 -311900 -754.044 163661 72.3541 72.3541 36.0985 120
8500 270.293 -311895 549.243 163651 72.3526 72.3526 36.0977 120
8600 272.467 -311891 574.382 163661 72.3541 72.3541 36.0985 120
8700 274.339 -311893 -549.368 163667 72.355 72.355 36.0989 120
8800 269.94 -311893 -256.996 163675 72.3562 72.3562 36.0995 120
8900 266.618 -311896 830.189 163679 72.3567 72.3567 36.0998 120
9000 267.65 -311900 -396.235 163684 72.3574 72.3574 36.1001 120
9100 270.261 -311900 -110.654 163665 72.3547 72.3547 36.0988 120
9200 272.084 -311893 599.507 163636 72.3504 72.3504 36.0966 120
9300 274.993 -311896 579.721 163632 72.3497 72.3497 36.0963 120
9400 270.984 -311893 275.236 163652 72.3528 72.3528 36.0978 120
9500 269.647 -311900 -376.591 163675 72.3561 72.3561 36.0995 120
9600 268.178 -311901 -343.537 163691 72.3584 72.3584 36.1006 120
9700 268.298 -311898 -540.696 163708 72.361 72.361 36.1019 120
9800 269.793 -311892 -450.71 163708 72.361 72.361 36.1019 120
9900 272.04 -311891 149.772 163692 72.3586 72.3586 36.1007 120
10000 271.053 -311891 710.066 163659 72.3538 72.3538 36.0983 120
10100 267.817 -311893 368.175 163640 72.3509 72.3509 36.0969 120
10200 264.78 -311895 559.724 163625 72.3487 72.3487 36.0958 120
10300 268.282 -311902 157.38 163630 72.3494 72.3494 36.0962 120
10400 270.501 -311897 -508.399 163658 72.3536 72.3536 36.0982 120
10500 270.546 -311890 269.774 163681 72.357 72.357 36.0999 120
10600 271.673 -311892 -644.293 163718 72.3625 72.3625 36.1026 120
10700 270.595 -311897 -395.04 163735 72.3649 72.3649 36.1039 120
10800 267.207 -311898 251.995 163716 72.3622 72.3622 36.1025 120
10900 268.947 -311904 549.762 163692 72.3587 72.3587 36.1008 120
11000 270.39 -311902 -354.876 163666 72.3548 72.3548 36.0988 120
11100 272.522 -311899 1019.69 163633 72.35 72.35 36.0964 120
11200 270.984 -311893 320.068 163633 72.3499 72.3499 36.0964 120
11300 273.835 -311904 411.073 163656 72.3534 72.3534 36.0981 120
11400 267.517 -311901 175.487 163693 72.3588 72.3588 36.1008 120
11500 268.792 -311908 274.39 163723 72.3633 72.3633 36.103 120
11600 269.58 -311905 -440.767 163759 72.3684 72.3684 36.1056 120
11700 271.904 -311902 -245.741 163771 72.3703 72.3703 36.1066 120
11800 273.278 -311899 159.216 163747 72.3668 72.3668 36.1048 120
11900 271.279 -311898 429.296 163699 72.3597 72.3597 36.1013 120
12000 269.224 -311902 584.952 163674 72.356 72.356 36.0994 120
12100 270.574 -311913 682.77 163666 72.3548 72.3548 36.0988 120
12200 268.644 -311910 -287.854 163683 72.3573 72.3573 36.1001 120
12300 269.121 -311903 -661.231 163715 72.3621 72.3621 36.1025 120
12400 273.473 -311903 1011.64 163740 72.3656 72.3656 36.1042 120
12500 273.948 -311901 -241.88 163768 72.3698 72.3698 36.1063 120
12600 270.646 -311902 -403.143 163765 72.3694 72.3694 36.1061 120
12700 268.84 -311907 -22.9347 163741 72.3658 72.3658 36.1043 120
12800 267.958 -311908 61.3947 163708 72.3609 72.3609 36.1019 120
12900 267.296 -311903 -109.924 163690 72.3583 72.3583 36.1006 120
13000 268.441 -311897 -501.407 163678 72.3566 72.3566 36.0997 120
13100 272.375 -311900 545.745 163677 72.3564 72.3564 36.0996 120
13200 270.345 -311900 275.187 163703 72.3603 72.3603 36.1016 120
13300 268.4 -311904 283.241 163729 72.3641 72.3641 36.1035 120
13400 268.155 -311909 -569.704 163746 72.3666 72.3666 36.1047 120
13500 269.543 -311910 -980.671 163740 72.3656 72.3656 36.1042 120
13600 268.421 -311900 -980.82 163713 72.3617 72.3617 36.1023 120
13700 272.301 -311901 1035.71 163685 72.3577 72.3577 36.1003 120
13800 271.121 -311900 62.8979 163690 72.3584 72.3584 36.1006 120
13900 268.063 -311901 -224.114 163723 72.3632 72.3632 36.103 120
14000 268.262 -311907 37.0833 163750 72.3671 72.3671 36.105 120
14100 269.838 -311912 -908.404 163766 72.3696 72.3696 36.1062 120
14200 270.58 -311907 -522.468 163754 72.3678 72.3678 36.1053 120
14300 269.67 -311898 312.901 163728 72.364 72.364 36.1034 120
14400 272.406 -311903 172.411 163713 72.3618 72.3618 36.1023 120
14500 271.756 -311907 616.136 163709 72.3612 72.3612 36.102 120
14600 268.146 -311908 -289.632 163724 72.3633 72.3633 36.1031 120
14700 269.235 -311912 -877.48 163739 72.3655 72.3655 36.1042 120
14800 268.107 -311904 -387.588 163741 72.3659 72.3659 36.1043 120
14900 271.176 -311902 -977.091 163738 72.3655 72.3655 36.1041 120
15000 271.95 -311900 -352.329 163718 72.3625 72.3625 36.1027 120
15100 270.317 -311902 12.5011 163688 72.3581 72.3581 36.1005 120
15200 270.49 -311910 1405.77 163664 72.3545 72.3545 36.0986 120
15300 268.463 -311912 315.555 163682 72.3571 72.3572 36.1 120
15400 268.163 -311907 -180.579 163709 72.3612 72.3612 36.102 120
15500 270.167 -311903 -723.129 163737 72.3653 72.3653 36.104 120
15600 271.787 -311900 -276.759 163760 72.3687 72.3687 36.1058 120
15700 273.066 -311905 -431.269 163773 72.3706 72.3706 36.1067 120
15800 270.236 -311907 -709.447 163770 72.3701 72.3701 36.1064 120
15900 267.161 -311908 24.6277 163727 72.3637 72.3637 36.1033 120
16000 268.153 -311910 1202.15 163680 72.3568 72.3568 36.0998 120
16100 271.131 -311910 391.94 163673 72.3559 72.3559 36.0994 120
16200 272.417 -311905 -143.631 163698 72.3596 72.3596 36.1012 120
16300 274.346 -311907 58.6233 163733 72.3647 72.3647 36.1038 120
16400 272.026 -311907 -115.292 163753 72.3676 72.3676 36.1052 120
16500 269.752 -311910 -555.989 163743 72.3662 72.3662 36.1045 120
16600 267.948 -311910 81.0415 163717 72.3623 72.3623 36.1025 120
16700 267.218 -311905 195.4 163695 72.359 72.359 36.1009 120
16800 271.003 -311905 755.09 163680 72.3568 72.3568 36.0998 120
16900 271.286 -311902 214.844 163682 72.3572 72.3572 36.1 120
17000 271.399 -311906 -308.798 163688 72.3581 72.3581 36.1005 120
17100 268.721 -311908 169.616 163702 72.3601 72.3601 36.1015 120
17200 268.516 -311912 856.721 163717 72.3623 72.3623 36.1025 120
17300 267.912 -311909 248.889 163728 72.364 72.364 36.1034 120
17400 269.544 -311905 -864.388 163730 72.3643 72.3643 36.1036 120
17500 271.856 -311904 -16.8558 163717 72.3624 72.3624 36.1026 120
17600 270.132 -311902 -1226.89 163700 72.3599 72.3599 36.1013 120
17700 268.605 -311906 215.304 163671 72.3555 72.3555 36.0992 120
17800 267.313 -311909 656.649 163663 72.3544 72.3544 36.0986 120
17900 268.285 -311911 1219.02 163689 72.3582 72.3582 36.1005 120
18000 269.923 -311909 -960.604 163722 72.363 72.363 36.1029 120
18100 273.615 -311908 108.557 163734 72.3648 72.3648 36.1038 120
18200 272.9 -311905 -522.919 163735 72.365 72.365 36.1039 120
18300 270.939 -311907 112.552 163726 72.3637 72.3637 36.1033 120
18400 269.577 -311914 142.712 163723 72.3631 72.3631 36.103 120
18500 268.778 -311916 240.525 163730 72.3642 72.3642 36.1035 120
18600 269.76 -311914 106.542 163748 72.3669 72.3669 36.1049 120
18700 271.126 -311908 300.419 163763 72.3691 72.3691 36.106 120
18800 269.651 -311899 -16.7682 163774 72.3707 72.3707 36.1068 120
18900 270.744 -311905 -726.835 163767 72.3697 72.3697 36.1063 120
19000 269.629 -311911 138.552 163750 72.3671 72.3671 36.105 120
19100 267.662 -311913 65.975 163722 72.3631 72.3631 36.103 120
19200 268.346 -311913 -264.599 163704 72.3605 72.3605 36.1016 120
19300 270.854 -311911 200.067 163699 72.3596 72.3596 36.1012 120
19400 272.544 -311907 544.478 163695 72.3591 72.3591 36.101 120
19500 272.027 -311907 337.086 163701 72.36 72.36 36.1014 120
19600 270.623 -311911 -386.499 163720 72.3628 72.3628 36.1028 120
19700 266.415 -311910 -296.123 163741 72.3659 72.3659 36.1043 120
19800 270.244 -311918 813.324 163756 72.368 72.368 36.1054 120
19900 269.704 -311911 377.78 163770 72.3701 72.3701 36.1065 120
20000 272.335 -311910 507.542 163769 72.37 72.37 36.1064 120
20100 271.856 -311905 -352.22 163753 72.3676 72.3676 36.1052 120
20200 268.313 -311904 -207.274 163729 72.3641 72.3641 36.1035 120
20300 267.223 -311910 446.895 163722 72.3631 72.3631 36.103 120
20400 268.246 -311916 -120.685 163728 72.364 72.364 36.1034 120
20500 267.583 -311911 73.0986 163732 72.3645 72.3645 36.1037 120
20600 270.915 -311909 -705.169 163743 72.3662 72.3662 36.1045 120
20700 271.679 -311905 232.312 163750 72.3672 72.3672 36.105 120
20800 268.961 -311903 -264.239 163764 72.3692 72.3692 36.106 120
20900 269.734 -311912 -562.566 163773 72.3706 72.3706 36.1067 120
21000 268.887 -311917 -1128.83 163764 72.3692 72.3692 36.106 120
21100 267.626 -311913 248.811 163748 72.3669 72.3669 36.1048 120
21200 269.218 -311909 -606.713 163732 72.3645 72.3645 36.1037 120
21300 271.418 -311907 435.798 163697 72.3593 72.3593 36.1011 120
21400 272.606 -311910 574.665 163678 72.3565 72.3565 36.0997 120
21500 269.772 -311911 647.476 163693 72.3587 72.3587 36.1008 120
21600 269.799 -311918 27.7348 163739 72.3656 72.3656 36.1042 120
21700 266.074 -311911 -393.432 163781 72.3718 72.3718 36.1073 120
21800 270.836 -311914 208.595 163789 72.373 72.373 36.1079 120
21900 272.619 -311910 -117.726 163779 72.3714 72.3714 36.1071 120
22000 274.882 -311913 -145.37 163760 72.3687 72.3687 36.1058 120
22100 271.945 -311913 -906.224 163737 72.3653 72.3653 36.1041 120
22200 269.92 -311916 857.655 163690 72.3584 72.3584 36.1006 120
22300 267.128 -311914 283.946 163684 72.3574 72.3574 36.1001 120
22400 269.035 -311915 -95.4684 163711 72.3615 72.3615 36.1022 120
22500 271.531 -311913 39.0484 163752 72.3674 72.3674 36.1051 120
22600 272.207 -311909 -390.405 163782 72.3719 72.3719 36.1073 120
22700 273.356 -311914 -589.348 163792 72.3733 72.3733 36.1081 120
22800 267.309 -311909 -190.003 163790 72.3731 72.3731 36.108 120
22900 268.803 -311917 -485.674 163795 72.3738 72.3738 36.1083 120
23000 268.294 -311915 -488.247 163775 72.3709 72.3709 36.1069 120
23100 269.304 -311911 965.15 163723 72.3633 72.3633 36.103 120
23200 271.718 -311910 594.324 163684 72.3575 72.3575 36.1002 120
23300 271.33 -311909 1269.26 163664 72.3545 72.3545 36.0987 120
23400 271.59 -311915 1022.57 163686 72.3578 72.3578 36.1003 120
23500 268.724 -311916 250.458 163745 72.3664 72.3664 36.1046 120
23600 265.573 -311911 -727.768 163804 72.3751 72.3751 36.1089 120
23700 268.529 -311911 -1527.59 163840 72.3805 72.3805 36.1116 120
23800 271.79 -311910 -726.53 163830 72.3789 72.3789 36.1109 120
23900 272.527 -311909 732.958 163793 72.3735 72.3735 36.1082 120
24000 268.576 -311906 -1180.36 163748 72.3669 72.3669 36.1049 120
24100 269.219 -311915 -470.316 163683 72.3573 72.3573 36.1 120
24200 267.417 -311916 1039.19 163646 72.3518 72.3518 36.0973 120
24300 266.656 -311912 772.376 163669 72.3552 72.3552 36.099 120
24400 271.453 -311913 -60.8544 163739 72.3656 72.3656 36.1042 120
24500 271.803 -311908 -461.704 163804 72.3751 72.3751 36.1089 120
24600 271.626 -311909 -791.015 163831 72.3791 72.3791 36.111 120
24700 270.346 -311913 -562.09 163821 72.3776 72.3776 36.1102 120
24800 267.006 -311912 -26.0832 163780 72.3716 72.3716 36.1072 120
24900 270.015 -311918 201.815 163727 72.3638 72.3638 36.1033 120
25000 271.268 -311916 299.674 163693 72.3588 72.3588 36.1008 120
25100 271.158 -311910 -329.288 163685 72.3575 72.3575 36.1002 120
25200 271.477 -311910 -122.849 163709 72.3612 72.3612 36.102 120
25300 270.003 -311911 -251.371 163750 72.3672 72.3672 36.105 120
25400 271.068 -311918 -694.808 163776 72.371 72.371 36.1069 120
25500 268.541 -311915 -890.508 163791 72.3732 72.3732 36.108 120
25600 272.45 -311919 940.987 163770 72.3701 72.3701 36.1064 120
25700 270.467 -311910 -154.288 163757 72.3682 72.3682 36.1055 120
25800 271.96 -311912 -360.331 163743 72.3661 72.3661 36.1044 120
25900 266.902 -311904 218.587 163722 72.3631 72.3631 36.103 120
26000 270.128 -311916 -901.835 163725 72.3636 72.3636 36.1032 120
26100 267.681 -311914 -421.501 163719 72.3627 72.3627 36.1027 120
26200 269.61 -311915 1030.67 163703 72.3603 72.3603 36.1015 120
26300 269.927 -311911 -89.1414 163722 72.363 72.363 36.1029 120
26400 271.176 -311910 -179.722 163745 72.3664 72.3664 36.1046 120
26500 270.786 -311910 266.972 163768 72.3699 72.3699 36.1063 120
26600 268.067 -311910 -541.197 163785 72.3723 72.3723 36.1076 120
26700 269.352 -311916 -761.369 163778 72.3712 72.3712 36.107 120
26800 269.509 -311916 157.432 163735 72.365 72.365 36.1039 120
26900 272.783 -311918 638.661 163702 72.3601 72.3601 36.1014 120
27000 271.494 -311913 758.109 163697 72.3594 72.3594 36.1011 120
27100 271.096 -311911 168.841 163717 72.3623 72.3623 36.1026 120
27200 270.947 -311915 -116.593 163761 72.3687 72.3687 36.1058 120
27300 267.528 -311913 184.765 163794 72.3737 72.3737 36.1082 120
27400 267.775 -311913 -3.60566 163806 72.3755 72.3755 36.1091 120
27500 271.477 -311917 -215.721 163807 72.3756 72.3756 36.1092 120
27600 270.409 -311911 487.106 163779 72.3715 72.3715 36.1072 120
27700 272.308 -311912 14.2362 163730 72.3643 72.3643 36.1036 120
27800 270.569 -311912 237.885 163688 72.358 72.358 36.1004 120
27900 270.782 -311919 -264.691 163686 72.3577 72.3577 36.1003 120
28000 266.893 -311914 -329.359 163715 72.362 72.362 36.1024 120
28100 269.574 -311916 -486.317 163750 72.3671 72.3671 36.105 120
28200 270.21 -311910 185.201 163763 72.3691 72.3691 36.106 120
28300 272.515 -311912 -782.888 163771 72.3703 72.3703 36.1065 120
28400 270.622 -311911 0.515207 163772 72.3705 72.3705 36.1066 120
28500 269.728 -311916 -994.428 163760 72.3686 72.3686 36.1057 120
28600 269.592 -311918 228.701 163721 72.3629 72.3629 36.1029 120
28700 268.955 -311913 815.02 163698 72.3596 72.3596 36.1012 120
28800 269.635 -311907 280.167 163709 72.3611 72.3611 36.102 120
28900 272.034 -311910 437.832 163737 72.3653 72.3653 36.1041 120
29000 271.086 -311913 -310.198 163779 72.3715 72.3715 36.1071 120
29100 270.425 -311913 -735.368 163802 72.3749 72.3749 36.1088 120
29200 272.29 -311920 -687.571 163788 72.3728 72.3728 36.1078 120
29300 269.933 -311916 77.1155 163748 72.3669 72.3669 36.1049 120
29400 271.771 -311916 491.754 163719 72.3627 72.3627 36.1027 120
29500 273.151 -311912 271.989 163723 72.3632 72.3632 36.103 120
29600 273.406 -311915 868.087 163733 72.3647 72.3647 36.1038 120
29700 271.197 -311917 -792.586 163759 72.3686 72.3686 36.1057 120
29800 269.579 -311917 -81.3961 163775 72.3709 72.3709 36.1069 120
29900 270.524 -311917 -499.342 163781 72.3717 72.3717 36.1073 120
30000 270.434 -311913 790.115 163760 72.3686 72.3686 36.1057 120
30100 269.418 -311904 243.493 163748 72.3669 72.3669 36.1049 120
30200 273.375 -311905 -132.955 163758 72.3684 72.3684 36.1056 120
30300 271.122 -311907 -619.407 163769 72.37 72.37 36.1064 120
30400 271.772 -311913 -800.703 163769 72.37 72.37 36.1064 120
30500 270.929 -311917 -758.183 163741 72.3658 72.3658 36.1043 120
30600 270.345 -311918 321.157 163701 72.36 72.36 36.1014 120
30700 266.801 -311911 1032.19 163687 72.3578 72.3578 36.1003 120
30800 274.176 -311919 66.5777 163709 72.3611 72.3611 36.102 120
30900 271.054 -311908 450.342 163741 72.3659 72.3659 36.1044 120
31000 269.42 -311908 245.792 163790 72.3731 72.3731 36.1079 120
31100 269.978 -311914 -744.541 163831 72.3791 72.3791 36.111 120
31200 269.266 -311915 -1308.94 163829 72.3789 72.3789 36.1108 120
31300 269.395 -311913 605.688 163785 72.3723 72.3723 36.1075 120
31400 269.559 -311911 660.664 163741 72.3659 72.3659 36.1043 120
31500 271.555 -311910 502.17 163715 72.3621 72.3621 36.1024 120
31600 271.794 -311908 431.397 163696 72.3592 72.3592 36.101 120
31700 271.495 -311912 514.281 163698 72.3596 72.3596 36.1012 120
31800 268.358 -311913 -190.837 163740 72.3657 72.3657 36.1042 120
31900 268.777 -311915 -260.545 163782 72.3719 72.3719 36.1073 120
32000 269.684 -311914 -619.577 163805 72.3752 72.3752 36.109 120
32100 271.033 -311909 373.724 163786 72.3724 72.3724 36.1076 120
32200 269.538 -311904 -1241.47 163758 72.3684 72.3684 36.1056 120
32300 269.008 -311912 77.2362 163731 72.3644 72.3644 36.1036 120
32400 270.332 -311920 -351.8 163721 72.3629 72.3629 36.1029 120
32500 271.886 -311920 -57.6721 163716 72.3622 72.3622 36.1025 120
32600 270.367 -311913 -90.5798 163742 72.3659 72.3659 36.1044 120
32700 271.052 -311911 -755.046 163778 72.3713 72.3713 36.1071 120
32800 269.476 -311911 -749.055 163779 72.3714 72.3714 36.1071 120
32900 268.308 -311917 -15.3771 163757 72.3682 72.3682 36.1055 120
33000 266.813 -311914 -102.649 163730 72.3643 72.3643 36.1035 120
33100 271.467 -311920 373.092 163711 72.3615 72.3615 36.1022 120
33200 271.714 -311917 207.246 163699 72.3597 72.3597 36.1013 120
33300 270.025 -311913 1272.2 163691 72.3585 72.3585 36.1007 120
33400 270.508 -311914 95.263 163726 72.3636 72.3636 36.1032 120
33500 267.692 -311910 -9.18119 163759 72.3684 72.3684 36.1056 120
33600 268.604 -311919 -127.42 163777 72.3711 72.3711 36.107 120
33700 264.988 -311917 -458.07 163780 72.3716 72.3716 36.1072 120
33800 268.778 -311918 107.741 163760 72.3687 72.3687 36.1058 120
33900 269.657 -311915 368.243 163731 72.3644 72.3644 36.1036 120
34000 270.85 -311914 636.332 163711 72.3615 72.3615 36.1022 120
34100 272.568 -311918 -282.943 163717 72.3624 72.3624 36.1026 120
34200 269.524 -311916 70.3699 163734 72.3648 72.3648 36.1038 120
34300 268.365 -311920 560.283 163751 72.3673 72.3673 36.1051 120
34400 267.926 -311918 -1021.97 163772 72.3704 72.3704 36.1066 120
34500 272.533 -311919 439.232 163765 72.3694 72.3694 36.1061 120
34600 270.808 -311913 -47.3579 163755 72.368 72.368 36.1054 120
34700 271.745 -311916 719.886 163741 72.3658 72.3658 36.1043 120
34800 268.624 -311915 366.902 163737 72.3653 72.3653 36.104 120
34900 267.452 -311918 -150.173 163738 72.3653 72.3653 36.1041 120
35000 267.334 -311922 211.673 163743 72.3662 72.3662 36.1045 120
35100 267.386 -311917 -318.021 163753 72.3676 72.3676 36.1052 120
35200 271.046 -311915 251.606 163758 72.3684 72.3684 36.1056 120
35300 271.592 -311915 356.232 163769 72.3699 72.3699 36.1064 120
35400 271.686 -311916 -1068.25 163784 72.3722 72.3722 36.1075 120
35500 269.544 -311917 -89.8054 163773 72.3706 72.3706 36.1067 120
35600 266.161 -311917 -754.318 163774 72.3707 72.3707 36.1068 120
35700 269.516 -311921 600.308 163776 72.371 72.371 36.1069 120
35800 272.615 -311917 -293.729 163776 72.371 72.371 36.1069 120
35900 270.277 -311911 -678.036 163781 72.3718 72.3718 36.1073 120
36000 269.022 -311913 -115.896 163780 72.3716 72.3716 36.1072 120
36100 267.766 -311916 -396.263 163776 72.371 72.371 36.1069 120
36200 268.028 -311917 -410.029 163762 72.369 72.369 36.1059 120
36300 272.373 -311920 767.922 163734 72.3648 72.3648 36.1038 120
36400 271.833 -311912 415.015 163718 72.3625 72.3625 36.1027 120
36500 272.057 -311916 1285.21 163730 72.3643 72.3643 36.1036 120
36600 270.912 -311919 201.53 163760 72.3687 72.3687 36.1057 120
36700 268.917 -311916 273.361 163791 72.3732 72.3732 36.108 120
36800 270.213 -311918 -187.078 163809 72.3758 72.3758 36.1093 120
36900 267.335 -311911 -329.034 163820 72.3775 72.3775 36.1101 120
37000 267.751 -311912 240.868 163818 72.3772 72.3772 36.11 120
37100 269.253 -311915 -945.65 163807 72.3756 72.3756 36.1092 120
37200 269.611 -311916 -132.246 163779 72.3714 72.3714 36.1071 120
37300 270.292 -311918 161.017 163739 72.3655 72.3655 36.1042 120
37400 269.513 -311916 884.975 163717 72.3623 72.3623 36.1026 120
37500 268.661 -311914 509.135 163739 72.3656 72.3656 36.1042 120
37600 270.17 -311916 -992.31 163781 72.3718 72.3718 36.1073 120
37700 271.58 -311918 344.059 163805 72.3753 72.3753 36.1091 120
37800 272.254 -311921 191.582 163834 72.3795 72.3795 36.1112 120
37900 270.258 -311919 -302.207 163848 72.3816 72.3816 36.1122 120
38000 265.789 -311912 -678.147 163829 72.3788 72.3788 36.1108 120
38100 269.089 -311915 40.5452 163774 72.3707 72.3707 36.1068 120
38200 272.911 -311916 466.213 163714 72.3619 72.3619 36.1024 120
38300 273.827 -311919 952.167 163681 72.357 72.357 36.0999 120
38400 270.984 -311920 269.383 163695 72.3591 72.3591 36.101 120
38500 268.717 -311920 380.64 163743 72.3662 72.3662 36.1045 120
38600 271.463 -311922 -684.425 163817 72.3771 72.3771 36.11 120
38700 271.136 -311918 -1112.48 163866 72.3843 72.3843 36.1136 120
38800 272.157 -311915 -1262.4 163868 72.3846 72.3846 36.1137 120
38900 270.121 -311912 -243.692 163821 72.3777 72.3777 36.1102 120
39000 266.78 -311916 755.028 163757 72.3681 72.3681 36.1055 120
39100 267.937 -311920 78.9736 163711 72.3614 72.3614 36.1021 120
39200 270.013 -311919 1731.74 163687 72.3579 72.3579 36.1004 120
39300 269.195 -311912 592.102 163718 72.3625 72.3625 36.1027 120
39400 270.834 -311915 -40.3881 163783 72.3721 72.3721 36.1074 120
39500 269.126 -311913 -1534.74 163848 72.3816 72.3816 36.1122 120
39600 270.952 -311917 -1116 163878 72.386 72.386 36.1144 120
39700 270.578 -311917 -261.42 163864 72.384 72.384 36.1134 120
39800 270.778 -311919 -324.987 163816 72.3768 72.3768 36.1098 120
39900 269.744 -311917 -314.276 163758 72.3684 72.3684 36.1056 120
40000 271.634 -311916 1242.08 163706 72.3607 72.3607 36.1018 120
40100 271.584 -311911 497.268 163692 72.3586 72.3586 36.1007 120
40200 270.609 -311912 -550.601 163722 72.363 72.363 36.1029 120
40300 268.925 -311916 621.221 163765 72.3694 72.3694 36.1061 120
40400 268.767 -311917 -453.63 163816 72.377 72.377 36.1099 120
40500 270.322 -311917 -549.044 163842 72.3807 72.3807 36.1117 120
40600 270.577 -311913 -764.6 163844 72.3811 72.3811 36.1119 120
40700 272.747 -311910 -395.676 163812 72.3763 72.3763 36.1095 120
40800 271.747 -311913 384.254 163771 72.3702 72.3702 36.1065 120
40900 269.055 -311914 146.457 163732 72.3645 72.3645 36.1037 120
41000 269.074 -311916 315.088 163705 72.3605 72.3605 36.1017 120
41100 267.988 -311915 -98.5936 163713 72.3617 72.3617 36.1023 120
41200 271.1 -311922 765.473 163750 72.3671 72.3672 36.105 120
41300 269.501 -311919 -70.7797 163808 72.3757 72.3757 36.1093 120
41400 270.432 -311918 -11.8279 163850 72.3819 72.3819 36.1123 120
41500 273.525 -311918 166.8 163850 72.3819 72.3819 36.1124 120
41600 272.714 -311916 -1037.3 163830 72.379 72.379 36.1109 120
41700 269.741 -311918 -385.974 163791 72.3732 72.3732 36.108 120
41800 267.617 -311919 605.093 163751 72.3674 72.3674 36.1051 120
41900 270.234 -311922 144.747 163731 72.3643 72.3643 36.1036 120
42000 268.916 -311915 -327.221 163729 72.3641 72.3641 36.1034 120
42100 270.749 -311916 127.521 163736 72.3651 72.3651 36.104 120
42200 270.407 -311916 598.101 163759 72.3685 72.3685 36.1056 120
42300 270.08 -311916 -345.838 163796 72.3739 72.3739 36.1084 120
42400 269.38 -311915 -480.119 163827 72.3785 72.3785 36.1106 120
42500 270.563 -311919 -1310.16 163840 72.3804 72.3804 36.1116 120
42600 271.552 -311920 -560.848 163791 72.3732 72.3732 36.108 120
42700 270.015 -311918 586.323 163742 72.366 72.366 36.1044 120
42800 270.244 -311917 660.907 163711 72.3614 72.3614 36.1021 120
42900 270.539 -311918 789.986 163696 72.3593 72.3593 36.101 120
43000 270.012 -311921 481.973 163712 72.3616 72.3616 36.1022 120
43100 266.926 -311920 -716.585 163762 72.3689 72.3689 36.1059 120
43200 268.051 -311921 38.5306 163811 72.3761 72.3761 36.1095 120
43300 270.88 -311916 -272.398 163853 72.3823 72.3823 36.1125 120
43400 271.186 -311916 -288.55 163871 72.385 72.385 36.1139 120
43500 268.277 -311914 -1075.69 163861 72.3836 72.3836 36.1132 120
43600 268.819 -311920 183.681 163795 72.3738 72.3738 36.1083 120
43700 269.313 -311925 333.696 163701 72.3599 72.3599 36.1014 120
43800 267.324 -311919 1280.1 163644 72.3515 72.3515 36.0972 120
43900 269.167 -311914 1924.55 163659 72.3538 72.3538 36.0983 120
44000 270.786 -311914 314.222 163749 72.367 72.367 36.1049 120
44100 269.715 -311915 -1002.3 163855 72.3827 72.3827 36.1127 120
44200 268.458 -311919 -1595.06 163927 72.3932 72.3932 36.118 120
44300 268.969 -311921 -1792.17 163914 72.3913 72.3913 36.117 120
44400 272.297 -311922 -318.416 163842 72.3808 72.3808 36.1118 120
44500 270.75 -311911 639.005 163753 72.3676 72.3676 36.1052 120
44600 271.592 -311911 1325.34 163688 72.358 72.358 36.1004 120
44700 271.391 -311916 2479.34 163690 72.3584 72.3584 36.1006 120
44800 269.033 -311918 117.639 163758 72.3684 72.3684 36.1056 120
44900 267.34 -311918 -1216.23 163819 72.3774 72.3774 36.1101 120
45000 268.666 -311919 -1022.01 163856 72.3828 72.3828 36.1128 120
45100 270.858 -311915 -776.209 163850 72.3819 72.3819 36.1123 120
45200 271.053 -311912 -631.138 163807 72.3756 72.3756 36.1092 120
45300 271.436 -311916 1104.1 163744 72.3663 72.3663 36.1045 120
45400 271.879 -311922 283.916 163714 72.3619 72.3619 36.1024 120
45500 268.917 -311918 350.99 163714 72.3618 72.3618 36.1023 120
45600 269.407 -311919 67.5607 163739 72.3655 72.3655 36.1042 120
45700 268.067 -311916 -224.402 163781 72.3717 72.3717 36.1072 120
45800 267.853 -311914 -550.704 163815 72.3768 72.3768 36.1098 120
45900 268.701 -311913 394.289 163832 72.3793 72.3793 36.111 120
46000 271.802 -311919 -522.334 163827 72.3785 72.3785 36.1107 120
46100 272.1 -311923 -385.012 163794 72.3737 72.3737 36.1083 120
46200 268.869 -311923 496.666 163751 72.3673 72.3673 36.105 120
46300 267.803 -311922 -138.863 163738 72.3654 72.3654 36.1041 120
46400 271.025 -311921 -172.407 163741 72.3659 72.3659 36.1044 120
46500 270.364 -311914 285.482 163739 72.3655 72.3655 36.1042 120
46600 271.591 -311919 226.793 163745 72.3665 72.3665 36.1047 120
46700 270.133 -311923 640.242 163768 72.3698 72.3698 36.1063 120
46800 268.519 -311921 -557.609 163805 72.3753 72.3753 36.1091 120
46900 267.473 -311918 -330.048 163812 72.3763 72.3763 36.1096 120
47000 269.386 -311919 -340.881 163788 72.3728 72.3728 36.1078 120
47100 270.891 -311921 704.083 163757 72.3682 72.3682 36.1055 120
47200 269.642 -311919 745.145 163742 72.366 72.366 36.1044 120
47300 270.596 -311922 -270.418 163757 72.3682 72.3682 36.1055 120
47400 270.388 -311922 -315.442 163778 72.3714 72.3714 36.1071 120
47500 269.468 -311922 817.922 163787 72.3726 72.3726 36.1077 120
47600 269.793 -311923 -12.3226 163807 72.3756 72.3756 36.1092 120
47700 269.461 -311920 303.486 163808 72.3758 72.3758 36.1093 120
47800 270.916 -311918 -518.283 163777 72.3712 72.3712 36.107 120
47900 273.695 -311920 901.795 163750 72.3671 72.3671 36.105 120
48000 271.68 -311923 -290.255 163761 72.3688 72.3688 36.1058 120
48100 267.269 -311922 -279.141 163783 72.3721 72.3721 36.1075 120
48200 269.984 -311924 -325.332 163794 72.3737 72.3737 36.1083 120
48300 271.44 -311922 -127.896 163793 72.3736 72.3736 36.1082 120
48400 269.799 -311917 628.841 163782 72.3719 72.3719 36.1074 120
48500 271.253 -311920 67.21 163773 72.3706 72.3706 36.1067 120
48600 269.8 -311928 -184.896 163773 72.3706 72.3706 36.1067 120
48700 265.587 -311923 596.283 163760 72.3686 72.3686 36.1057 120
48800 269.906 -311924 643.568 163746 72.3666 72.3666 36.1047 120
48900 268.961 -311917 38.2052 163742 72.366 72.366 36.1044 120
49000 270.7 -311919 -188.925 163757 72.3682 72.3682 36.1055 120
49100 269.53 -311918 232.347 163788 72.3728 72.3728 36.1078 120
49200 270.054 -311928 -658.582 163813 72.3764 72.3764 36.1096 120
49300 268.082 -311928 -1239.56 163817 72.3771 72.3771 36.1099 120
49400 268.253 -311922 870.491 163787 72.3726 72.3726 36.1077 120
49500 270.372 -311922 -601.742 163761 72.3688 72.3688 36.1058 120
49600 270.507 -311921 -118.122 163713 72.3617 72.3617 36.1022 120
49700 270.797 -311920 987.938 163680 72.3569 72.3569 36.0999 120
49800 269.888 -311918 9.33408 163695 72.3591 72.3591 36.101 120
49900 269.134 -311921 -413.525 163736 72.3651 72.3651 36.1039 120
50000 267.184 -311921 -38.4428 163771 72.3703 72.3703 36.1066 120
50100 269.918 -311924 -430.7 163791 72.3732 72.3732 36.108 120
50200 273.729 -311923 310.737 163797 72.3742 72.3742 36.1085 120
50300 271.157 -311917 -1359.23 163803 72.3749 72.3749 36.1089 120
50400 269.754 -311917 -133.18 163766 72.3696 72.3696 36.1062 120
50500 270.642 -311922 518.189 163733 72.3646 72.3646 36.1037 120
50600 267.336 -311918 150.097 163731 72.3644 72.3644 36.1036 120
50700 268.378 -311919 -297.167 163764 72.3692 72.3692 36.106 120
50800 271.827 -311925 -845.347 163793 72.3735 72.3735 36.1081 120
50900 268.792 -311917 -314.601 163791 72.3733 72.3733 36.108 120
51000 270.689 -311919 47.4016 163777 72.3712 72.3712 36.107 120
51100 272.453 -311920 512.249 163758 72.3683 72.3683 36.1056 120
51200 270.333 -311917 50.2103 163743 72.3662 72.3662 36.1045 120
51300 270.245 -311922 764.265 163729 72.3641 72.3641 36.1035 120
51400 267.179 -311921 69.9091 163717 72.3623 72.3623 36.1026 120
51500 268.432 -311922 398.891 163717 72.3623 72.3623 36.1026 120
51600 271.554 -311919 472.849 163728 72.3639 72.3639 36.1034 120
51700 272.252 -311919 -226.534 163767 72.3697 72.3697 36.1063 120
51800 271.858 -311921 -280.168 163816 72.3769 72.3769 36.1098 120
51900 268.997 -311920 -641.408 163835 72.3796 72.3796 36.1112 120
52000 270.666 -311925 -448.948 163800 72.3746 72.3746 36.1087 120
52100 268.816 -311918 517.582 163757 72.3682 72.3682 36.1055 120
52200 270.729 -311913 -61.0852 163730 72.3642 72.3642 36.1035 120
52300 269.295 -311912 550.222 163711 72.3614 72.3614 36.1021 120
52400 270.313 -311921 516.506 163720 72.3628 72.3628 36.1028 120
52500 268.323 -311920 -985.724 163755 72.3679 72.3679 36.1054 120
52600 267.871 -311919 -830.569 163774 72.3708 72.3708 36.1068 120
52700 270.047 -311920 -483.399 163786 72.3724 72.3724 36.1076 120
52800 273.357 -311917 -686.878 163775 72.3709 72.3709 36.1069 120
52900 271.78 -311912 -574.838 163750 72.3672 72.3672 36.105 120
53000 271.664 -311917 709.853 163723 72.3632 72.3632 36.103 120
53100 270.966 -311920 459.706 163729 72.3641 72.3641 36.1035 120
53200 268.625 -311920 375.673 163750 72.3671 72.3671 36.105 120
53300 269.711 -311923 -524.585 163767 72.3697 72.3697 36.1063 120
53400 269.956 -311922 -1616.16 163785 72.3723 72.3723 36.1076 120
53500 272.125 -311917 -579.835 163777 72.3712 72.3712 36.107 120
53600 274.488 -311921 622.213 163756 72.3681 72.3681 36.1055 120
53700 269.909 -311918 666.636 163731 72.3644 72.3644 36.1036 120
53800 271.255 -311925 876.964 163717 72.3624 72.3624 36.1026 120
53900 270.374 -311923 1493.3 163739 72.3656 72.3656 36.1042 120
54000 268.166 -311917 -65.4842 163790 72.3731 72.3731 36.108 120
54100 268.983 -311913 -900.431 163823 72.378 72.378 36.1104 120
54200 273.083 -311913 -653.295 163818 72.3773 72.3773 36.11 120
54300 271.626 -311916 -486.075 163786 72.3724 72.3724 36.1076 120
54400 270.865 -311921 1195.24 163737 72.3652 72.3652 36.104 120
54500 271.037 -311924 826.117 163712 72.3615 72.3615 36.1022 120
54600 268.269 -311920 544.73 163721 72.3629 72.3629 36.1028 120
54700 267.911 -311920 -338.183 163756 72.3681 72.3681 36.1055 120
54800 269.234 -311920 -104.116 163777 72.3711 72.3711 36.107 120
54900 271.423 -311918 -723.479 163797 72.3741 72.3741 36.1085 120
55000 271.524 -311916 -363.23 163783 72.372 72.372 36.1074 120
55100 270.279 -311921 635.985 163751 72.3673 72.3673 36.1051 120
55200 269.45 -311924 135.704 163749 72.367 72.367 36.1049 120
55300 268.415 -311921 15.2654 163762 72.369 72.369 36.1059 120
55400 268.628 -311917 -311.367 163774 72.3706 72.3706 36.1067 120
55500 271.323 -311918 -443.652 163763 72.369 72.369 36.1059 120
55600 269.376 -311915 613.844 163745 72.3664 72.3664 36.1046 120
55700 268.916 -311925 740.175 163743 72.3662 72.3662 36.1045 120
55800 267.332 -311924 112.982 163749 72.3671 72.3671 36.105 120
55900 268.748 -311920 345.806 163771 72.3702 72.3702 36.1065 120
56000 273.381 -311923 -1124.96 163793 72.3735 72.3735 36.1082 120
56100 270.422 -311917 70.3093 163791 72.3732 72.3732 36.108 120
56200 270.017 -311920 -924.859 163778 72.3713 72.3713 36.107 120
56300 268.579 -311927 -16.7078 163741 72.3658 72.3658 36.1043 120
56400 268.841 -311929 647.808 163719 72.3626 72.3626 36.1027 120
56500 270.777 -311928 516.471 163708 72.361 72.361 36.1019 120
56600 268.818 -311919 1092.73 163715 72.3621 72.3621 36.1024 120
56700 269.656 -311917 120.49 163765 72.3693 72.3693 36.1061 120
56800 271.798 -311920 -9.98944 163827 72.3785 72.3785 36.1106 120
56900 272.592 -311924 -1092.13 163867 72.3844 72.3844 36.1136 120
57000 267.55 -311921 -729.674 163857 72.383 72.383 36.1129 120
57100 269.013 -311925 -437.642 163807 72.3756 72.3756 36.1092 120
57200 271.475 -311922 -5.49373 163739 72.3656 72.3656 36.1042 120
57300 271.63 -311920 1260.03 163666 72.3548 72.3548 36.0988 120
57400 273.391 -311925 1373.03 163649 72.3522 72.3522 36.0975 120
57500 269.19 -311921 444.687 163715 72.362 72.362 36.1024 120
57600 270.69 -311927 -668.551 163815 72.3768 72.3768 36.1098 120
57700 268.329 -311929 -1213.43 163880 72.3863 72.3863 36.1146 120
57800 267.322 -311926 -1295.09 163898 72.3889 72.3889 36.1158 120
57900 272.108 -311926 -371.573 163853 72.3823 72.3823 36.1125 120
58000 268.862 -311916 -85.6417 163791 72.3732 72.3732 36.108 120
58100 272.822 -311922 546.84 163732 72.3645 72.3645 36.1037 120
58200 272.371 -311924 164.42 163701 72.3599 72.3599 36.1014 120
58300 269.503 -311926 728.774 163696 72.3592 72.3592 36.101 120
58400 267.45 -311924 188.195 163734 72.3648 72.3648 36.1038 120
58500 269.757 -311922 26.9467 163783 72.3721 72.3721 36.1075 120
58600 271.034 -311920 -827.866 163828 72.3787 72.3787 36.1107 120
58700 269.357 -311917 -805.226 163846 72.3814 72.3814 36.1121 120
58800 270.164 -311921 -428.894 163836 72.3798 72.3798 36.1113 120
58900 270.24 -311924 21.8318 163789 72.373 72.373 36.1079 120
59000 266.066 -311920 -169.231 163732 72.3645 72.3645 36.1037 120
59100 268.887 -311925 726.25 163688 72.3581 72.3581 36.1005 120
59200 268.867 -311917 1057.34 163681 72.3571 72.3571 36.1 120
59300 272.454 -311920 1096.39 163728 72.364 72.364 36.1034 120
59400 270.323 -311918 -683.879 163816 72.3769 72.3769 36.1099 120
59500 265.777 -311915 -729.108 163867 72.3844 72.3844 36.1136 120
59600 268.526 -311925 -819.194 163878 72.386 72.386 36.1144 120
59700 266.314 -311927 -806.731 163846 72.3813 72.3813 36.112 120
59800 267.58 -311927 -399.876 163789 72.373 72.373 36.1079 120
59900 269.566 -311922 986.604 163721 72.3629 72.3629 36.1029 120
60000 272.383 -311922 991.401 163679 72.3568 72.3568 36.0998 120
60100 272.704 -311921 398.603 163680 72.3568 72.3568 36.0998 120
60200 270.477 -311921 397.377 163729 72.3641 72.3641 36.1034 120
60300 266.697 -311919 -310.834 163805 72.3753 72.3753 36.109 120
60400 268.897 -311925 -520.653 163872 72.3852 72.3852 36.114 120
60500 268.189 -311917 -1324.79 163894 72.3883 72.3883 36.1155 120
60600 272.402 -311922 -872.467 163849 72.3818 72.3818 36.1123 120
60700 271.561 -311922 0.920508 163773 72.3706 72.3706 36.1067 120
60800 270.104 -311923 772.495 163711 72.3614 72.3614 36.1021 120
60900 267.691 -311923 1217.42 163677 72.3564 72.3564 36.0996 120
61000 267.872 -311924 1291.42 163696 72.3592 72.3592 36.101 120
61100 268.118 -311919 409.27 163775 72.3709 72.3709 36.1068 120
61200 272.16 -311919 -572.656 163861 72.3836 72.3836 36.1132 120
61300 271.213 -311917 -746.761 163901 72.3895 72.3895 36.1161 120
61400 270.317 -311922 -1021.83 163884 72.3869 72.3869 36.1148 120
61500 267.278 -311922 -627.503 163815 72.3768 72.3768 36.1098 120
61600 270.336 -311927 1958.88 163726 72.3636 72.3636 36.1032 120
61700 267.507 -311919 924.858 163697 72.3594 72.3594 36.1011 120
61800 272.164 -311925 -13.4045 163718 72.3625 72.3625 36.1027 120
61900 271.611 -311920 -671.259 163749 72.3671 72.3671 36.105 120
62000 273.599 -311918 -153.516 163779 72.3715 72.3715 36.1072 120
62100 272.8 -311916 -894.703 163823 72.3779 72.3779 36.1103 120
62200 271.558 -311923 -353.99 163854 72.3825 72.3825 36.1126 120
62300 267.008 -311919 -1199.34 163869 72.3848 72.3848 36.1138 120
62400 269.021 -311923 -874.699 163845 72.3812 72.3812 36.112 120
62500 268.979 -311921 59.7077 163791 72.3733 72.3733 36.108 120
62600 270.932 -311918 257.488 163743 72.3661 72.3661 36.1045 120
62700 272.45 -311917 1835.07 163719 72.3626 72.3626 36.1027 120
62800 270.043 -311921 355.534 163751 72.3673 72.3673 36.1051 120
62900 268.802 -311923 -15.7792 163804 72.3751 72.3751 36.1089 120
63000 268.803 -311922 -399.781 163849 72.3818 72.3818 36.1123 120
63100 269.232 -311919 13.6843 163873 72.3853 72.3853 36.114 120
63200 271.835 -311921 -444.012 163860 72.3834 72.3834 36.1131 120
63300 274.533 -311923 329.526 163820 72.3775 72.3775 36.1102 120
63400 269.838 -311918 273.423 163787 72.3726 72.3726 36.1077 120
63500 270.74 -311928 533.17 163772 72.3704 72.3704 36.1066 120
63600 270.206 -311928 338.808 163767 72.3697 72.3697 36.1062 120
63700 268.43 -311921 -71.5966 163761 72.3688 72.3688 36.1058 120
63800 272.019 -311919 755.416 163771 72.3702 72.3702 36.1065 120
63900 270.633 -311916 -152.883 163809 72.3758 72.3758 36.1093 120
64000 272.492 -311922 -589.048 163837 72.38 72.38 36.1114 120
64100 268.4 -311918 242.221 163848 72.3816 72.3816 36.1122 120
64200 268.668 -311921 41.5212 163854 72.3825 72.3825 36.1126 120
64300 267.897 -311921 -159.824 163858 72.3831 72.3831 36.113 120
64400 270.046 -311923 215.465 163837 72.3801 72.3801 36.1114 120
64500 271.916 -311920 152.554 163794 72.3737 72.3737 36.1083 120
64600 271.331 -311918 1009.6 163763 72.3691 72.3691 36.106 120
64700 270.147 -311923 234.417 163769 72.37 72.37 36.1064 120
64800 268.791 -311925 -126.279 163788 72.3728 72.3728 36.1078 120
64900 268.452 -311922 78.0493 163805 72.3752 72.3752 36.109 120
65000 269.014 -311920 514.037 163813 72.3765 72.3765 36.1097 120
65100 271.891 -311923 -48.0459 163823 72.378 72.378 36.1104 120
65200 270.412 -311917 -215.755 163842 72.3807 72.3807 36.1117 120
65300 270.697 -311915 -136.786 163830 72.3789 72.3789 36.1109 120
65400 267.741 -311914 -29.3059 163792 72.3734 72.3734 36.1081 120
65500 268.279 -311922 366.563 163770 72.3701 72.3701 36.1065 120
65600 269.597 -311926 887.637 163762 72.369 72.369 36.1059 120
65700 270.064 -311925 523.202 163784 72.3722 72.3722 36.1075 120
65800 271.28 -311919 200.601 163822 72.3778 72.3778 36.1103 120
65900 271.642 -311916 -336.646 163864 72.384 72.384 36.1134 120
66000 272.844 -311922 -445.296 163892 72.3881 72.3881 36.1154 120
66100 270.004 -311920 -490.268 163882 72.3867 72.3867 36.1147 120
66200 269.018 -311922 -541.892 163828 72.3787 72.3787 36.1108 120
66300 268.235 -311923 631.361 163750 72.3671 72.3671 36.105 120
66400 269.057 -311928 486.859 163690 72.3583 72.3583 36.1006 120
66500 266.953 -311924 1528.52 163684 72.3574 72.3574 36.1001 120
66600 269.71 -311923 -638.765 163757 72.3682 72.3682 36.1055 120
66700 272.026 -311922 -953.333 163851 72.382 72.382 36.1124 120
66800 272.714 -311922 -544.924 163911 72.3909 72.3909 36.1168 120
66900 270.698 -311926 -1775.78 163932 72.3939 72.3939 36.1183 120
67000 267.123 -311924 -649.362 163893 72.3882 72.3882 36.1155 120
67100 268.22 -311924 101.157 163813 72.3764 72.3764 36.1096 120
67200 269.658 -311923 1053.36 163730 72.3643 72.3643 36.1035 120
67300 270.527 -311922 893.498 163701 72.36 72.36 36.1014 120
67400 269.042 -311918 830.034 163729 72.3641 72.3641 36.1035 120
67500 265.907 -311921 365.01 163812 72.3763 72.3763 36.1096 120
67600 265.583 -311923 -787.093 163904 72.3898 72.3898 36.1163 120
67700 266.555 -311920 -1107.21 163948 72.3964 72.3964 36.1196 120
67800 269.162 -311919 -1631.37 163903 72.3897 72.3897 36.1162 120
67900 270.113 -311920 988.743 163791 72.3732 72.3732 36.108 120
68000 269.776 -311923 1106.56 163708 72.361 72.361 36.1019 120
68100 268.354 -311926 1374.6 163675 72.3561 72.3561 36.0995 120
68200 268.06 -311933 488.167 163717 72.3623 72.3623 36.1026 120
68300 266.844 -311926 -356.023 163797 72.3741 72.3741 36.1084 120
68400 272.314 -311926 107.329 163866 72.3843 72.3843 36.1135 120
68500 272.158 -311923 -434.64 163909 72.3906 72.3906 36.1167 120
68600 271.215 -311922 -1574.88 163899 72.3891 72.3891 36.116 120
68700 271.199 -311927 28.1195 163830 72.3789 72.3789 36.1109 120
68800 266.443 -311922 342.789 163769 72.37 72.37 36.1064 120
68900 268.862 -311928 -98.0958 163748 72.3668 72.3668 36.1048 120
69000 269.495 -311919 -431.483 163752 72.3675 72.3675 36.1052 120
69100 271.286 -311919 375.792 163764 72.3692 72.3692 36.106 120
69200 270.275 -311921 1186.6 163792 72.3733 72.3733 36.1081 120
69300 270.585 -311927 234.64 163833 72.3794 72.3794 36.1111 120
69400 267.589 -311922 -1169.88 163867 72.3844 72.3844 36.1136 120
69500 267.89 -311921 -915.794 163862 72.3837 72.3837 36.1133 120
69600 268.014 -311919 -384.794 163835 72.3797 72.3797 36.1112 120
69700 269.899 -311923 -869.44 163801 72.3747 72.3747 36.1088 120
69800 271.713 -311926 732.738 163765 72.3694 72.3694 36.1061 120
69900 269.367 -311923 250.08 163750 72.3672 72.3672 36.105 120
70000 267.34 -311926 378.009 163770 72.3702 72.3702 36.1065 120
70100 267.558 -311927 158.806 163815 72.3768 72.3768 36.1098 120
70200 271.027 -311925 -135.53 163844 72.3811 72.3811 36.1119 120
70300 269.287 -311919 -203.307 163858 72.3831 72.3831 36.1129 120
70400 270.848 -311923 114.879 163859 72.3832 72.3832 36.113 120
70500 268.755 -311923 -429.868 163841 72.3806 72.3806 36.1117 120
70600 268.691 -311926 212.487 163802 72.3748 72.3748 36.1088 120
70700 269.791 -311934 1020.27 163773 72.3706 72.3706 36.1067 120
70800 263.822 -311929 374.944 163776 72.3711 72.3711 36.1069 120
70900 268.221 -311930 -103.121 163809 72.3759 72.3759 36.1093 120
71000 268.687 -311923 345.837 163835 72.3797 72.3797 36.1112 120
71100 269.029 -311921 0.323343 163854 72.3826 72.3826 36.1127 120
71200 271.2 -311924 -526.02 163872 72.3852 72.3852 36.114 120
71300 270.902 -311926 -582.513 163872 72.3851 72.3851 36.1139 120
71400 268.561 -311930 -886.411 163857 72.3829 72.3829 36.1128 120
71500 267.298 -311927 354.47 163820 72.3775 72.3775 36.1101 120
71600 269.533 -311926 163.221 163799 72.3743 72.3743 36.1086 120
71700 268.072 -311920 915.253 163786 72.3724 72.3724 36.1076 120
71800 271.227 -311926 -603.726 163801 72.3747 72.3747 36.1088 120
71900 269.292 -311924 273.123 163820 72.3776 72.3776 36.1102 120
72000 269.209 -311928 -989.664 163857 72.3829 72.3829 36.1128 120
72100 267.914 -311929 -1264 163883 72.3868 72.3868 36.1148 120
72200 269.1 -311928 -880.342 163868 72.3846 72.3846 36.1137 120
72300 268.694 -311919 544.463 163824 72.378 72.3781 36.1104 120
72400 270.059 -311921 668.001 163797 72.3741 72.3741 36.1084 120
72500 270.143 -311925 -370.97 163803 72.375 72.375 36.1089 120
72600 269.611 -311930 77.8428 163819 72.3774 72.3774 36.1101 120
72700 269.486 -311931 -283.409 163835 72.3797 72.3797 36.1112 120
72800 269.088 -311927 -360.8 163846 72.3813 72.3813 36.1121 120
72900 270.595 -311926 -147.644 163844 72.3811 72.3811 36.1119 120
73000 270.23 -311923 278.343 163839 72.3803 72.3803 36.1115 120
73100 271.492 -311926 -659.987 163830 72.379 72.379 36.1109 120
73200 268.756 -311928 1032.07 163801 72.3746 72.3746 36.1087 120
73300 267.939 -311929 1053.88 163802 72.3748 72.3748 36.1088 120
73400 270.935 -311931 333.103 163825 72.3782 72.3782 36.1105 120
73500 270.541 -311923 -120.058 163853 72.3824 72.3824 36.1126 120
73600 273.091 -311927 -31.9755 163860 72.3834 72.3834 36.1131 120
73700 269.093 -311923 -488.255 163849 72.3817 72.3817 36.1123 120
73800 270.626 -311929 -213.746 163824 72.378 72.378 36.1104 120
73900 264.842 -311925 -89.8086 163794 72.3737 72.3737 36.1083 120
74000 267.42 -311935 31.1093 163785 72.3723 72.3723 36.1076 120
74100 268.877 -311930 174.743 163808 72.3758 72.3758 36.1093 120
74200 269.706 -311927 -163.451 163848 72.3816 72.3816 36.1122 120
74300 268.979 -311922 464.084 163875 72.3855 72.3855 36.1141 120
74400 269.999 -311922 -626.858 163897 72.3888 72.3888 36.1158 120
74500 269.586 -311921 175.927 163886 72.3873 72.3873 36.115 120
74600 269.637 -311927 180.651 163841 72.3806 72.3806 36.1117 120
74700 268.736 -311931 -349.351 163793 72.3736 72.3736 36.1082 120
74800 269.346 -311930 872.149 163751 72.3674 72.3674 36.1051 120
74900 270.808 -311924 1197.78 163754 72.3677 72.3677 36.1053 120
75000 272.313 -311926 220.343 163812 72.3763 72.3763 36.1095 120
75100 271.026 -311926 -641.83 163891 72.388 72.388 36.1154 120
75200 268.554 -311926 -1017.79 163935 72.3944 72.3944 36.1186 120
75300 269.853 -311931 -829.417 163915 72.3916 72.3916 36.1172 120
75400 267.623 -311926 185.682 163847 72.3815 72.3815 36.1121 120
75500 271.655 -311927 489.79 163778 72.3714 72.3714 36.1071 120
75600 271.793 -311925 1415.88 163744 72.3663 72.3663 36.1046 120
75700 270.55 -311923 229.803 163766 72.3696 72.3696 36.1062 120
75800 267.783 -311926 854.141 163812 72.3764 72.3764 36.1096 120
75900 268.738 -311930 -271.69 163879 72.3862 72.3862 36.1145 120
76000 266.351 -311922 -1589.49 163922 72.3926 72.3926 36.1177 120
76100 269.796 -311924 -1154.14 163908 72.3905 72.3905 36.1166 120
76200 270.118 -311924 -361.78 163850 72.3819 72.3819 36.1123 120
76300 270.998 -311926 77.3213 163791 72.3732 72.3732 36.108 120
76400 270.522 -311932 1005.09 163763 72.3692 72.3692 36.106 120
76500 266.834 -311931 121.712 163778 72.3712 72.3712 36.107 120
76600 268.509 -311928 713.494 163814 72.3767 72.3767 36.1097 120
76700 269.292 -311924 -239.254 163866 72.3842 72.3842 36.1135 120
76800 269.872 -311924 -482.948 163901 72.3894 72.3894 36.1161 120
76900 271.012 -311925 -1096.31 163903 72.3897 72.3897 36.1163 120
77000 265.788 -311919 -543.846 163860 72.3834 72.3834 36.1131 120
77100 265.804 -311926 607.089 163798 72.3743 72.3743 36.1086 120
77200 271.867 -311938 60.7926 163766 72.3696 72.3696 36.1062 120
77300 271.151 -311929 963.269 163773 72.3705 72.3705 36.1067 120
77400 270.037 -311924 487.051 163818 72.3772 72.3772 36.11 120
77500 270.732 -311926 -355.031 163882 72.3867 72.3867 36.1147 120
77600 267.913 -311923 -1147.38 163921 72.3924 72.3924 36.1176 120
77700 267.405 -311927 -1152.36 163916 72.3917 72.3917 36.1172 120
77800 269.07 -311936 -154.045 163868 72.3846 72.3846 36.1137 120
77900 268.692 -311927 359.768 163788 72.3728 72.3728 36.1078 120
78000 271.643 -311928 939.661 163723 72.3632 72.3632 36.103 120
78100 269.398 -311923 1279.51 163725 72.3635 72.3635 36.1032 120
78200 269.991 -311927 -263.85 163794 72.3737 72.3737 36.1082 120
78300 270.743 -311933 43.8357 163870 72.3848 72.3848 36.1138 120
78400 268.791 -311932 -551.075 163932 72.394 72.394 36.1184 120
78500 267.902 -311924 125.749 163941 72.3953 72.3953 36.119 120
78600 271.451 -311924 -925.119 163905 72.3901 72.3901 36.1164 120
78700 272.595 -311927 -698.206 163822 72.3778 72.3778 36.1103 120
78800 268.487 -311924 1862.22 163730 72.3642 72.3642 36.1035 120
78900 269.292 -311931 1058.54 163705 72.3605 72.3605 36.1017 120
79000 267.713 -311928 1062.4 163735 72.365 72.365 36.1039 120
79100 269.865 -311928 363.241 163803 72.3749 72.3749 36.1089 120
79200 268.736 -311925 -339.58 163887 72.3873 72.3873 36.1151 120
79300 271.003 -311927 -895.059 163946 72.396 72.396 36.1194 120
79400 271.085 -311925 -1826.94 163949 72.3964 72.3964 36.1196 120
79500 269.342 -311920 -49.5279 163894 72.3884 72.3884 36.1156 120
79600 270.625 -311924 184.694 163820 72.3775 72.3775 36.1101 120
79700 269.256 -311928 980.554 163756 72.3681 72.3681 36.1054 120
79800 268.737 -311932 1444.01 163743 72.3661 72.3661 36.1045 120
79900 267.506 -311925 408.858 163786 72.3724 72.3724 36.1076 120
80000 270.58 -311922 196.013 163850 72.3819 72.3819 36.1123 120
80100 271.451 -311924 -802.971 163931 72.3938 72.3938 36.1183 120
80200 269.906 -311924 -1099.34 163972 72.3999 72.3999 36.1213 120
80300 269.085 -311927 -1584.21 163940 72.3951 72.3951 36.1189 120
80400 270.89 -311932 518.58 163845 72.3812 72.3812 36.112 120
80500 269.49 -311928 693.205 163771 72.3702 72.3702 36.1065 120
80600 270.029 -311923 2158.36 163735 72.365 72.365 36.1039 120
80700 272.598 -311925 804.913 163753 72.3676 72.3676 36.1052 120
80800 271.003 -311927 470.086 163815 72.3767 72.3767 36.1098 120
80900 266.921 -311925 -249.959 163892 72.3882 72.3882 36.1155 120
81000 267.092 -311925 -478.726 163949 72.3964 72.3964 36.1196 120
81100 270.292 -311927 -1424.03 163981 72.4012 72.4012 36.122 120
81200 270.474 -311924 -981.154 163963 72.3985 72.3985 36.1206 120
81300 271.045 -311926 -397.832 163887 72.3873 72.3873 36.1151 120
81400 270.202 -311926 1066.99 163793 72.3735 72.3735 36.1081 120
81500 269.444 -311926 823.689 163732 72.3645 72.3645 36.1036 120
81600 268.051 -311932 1623.55 163715 72.3621 72.3621 36.1024 120
81700 268.857 -311937 502.2 163758 72.3683 72.3683 36.1056 120
81800 271.915 -311935 -148.193 163828 72.3787 72.3787 36.1107 120
81900 267.902 -311922 161.526 163906 72.3901 72.3901 36.1164 120
82000 269.823 -311924 -1051.66 163956 72.3975 72.3975 36.1201 120
82100 271.563 -311927 -809.057 163958 72.3978 72.3978 36.1203 120
82200 267.669 -311922 -193.936 163919 72.392 72.392 36.1174 120
82300 268.783 -311930 732.087 163853 72.3823 72.3823 36.1126 120
82400 267.677 -311931 533.197 163783 72.3721 72.3721 36.1075 120
82500 269.919 -311927 1232.38 163745 72.3665 72.3665 36.1046 120
82600 269.833 -311922 681.567 163759 72.3685 72.3685 36.1056 120
82700 271.315 -311926 -173.881 163807 72.3756 72.3756 36.1092 120
82800 268.299 -311924 331.315 163873 72.3852 72.3852 36.114 120
82900 270.184 -311933 -270.346 163923 72.3926 72.3926 36.1177 120
83000 265.287 -311929 -950.359 163933 72.3941 72.3941 36.1184 120
83100 267.653 -311935 -55.2467 163896 72.3887 72.3887 36.1157 120
83200 270.274 -311930 1043.02 163838 72.3801 72.3801 36.1114 120
83300 268.197 -311922 165.672 163789 72.373 72.373 36.1079 120
83400 269.268 -311922 952.438 163765 72.3693 72.3693 36.1061 120
83500 272.009 -311929 142.308 163789 72.373 72.373 36.1079 120
83600 268.985 -311930 -511.857 163831 72.3791 72.3791 36.1109 120
83700 267.324 -311929 261.32 163864 72.3839 72.3839 36.1133 120
83800 268.131 -311926 41.1242 163894 72.3884 72.3884 36.1156 120
83900 270.186 -311922 225.498 163912 72.391 72.391 36.1169 120
84000 272.559 -311928 -1338.68 163915 72.3915 72.3915 36.1171 120
84100 268.768 -311924 -387.923 163872 72.3851 72.3851 36.114 120
84200 268.216 -311927 163.844 163812 72.3764 72.3764 36.1096 120
84300 269.903 -311933 301.295 163766 72.3696 72.3696 36.1062 120
84400 270.328 -311933 591.601 163773 72.3705 72.3705 36.1067 120
84500 270.841 -311927 -683.577 163825 72.3782 72.3782 36.1105 120
84600 273.024 -311926 -504.146 163878 72.3861 72.3861 36.1144 120
84700 270.445 -311924 -549.583 163909 72.3906 72.3906 36.1167 120
84800 269.49 -311929 480.948 163912 72.391 72.391 36.1169 120
84900 266.898 -311927 -714.959 163920 72.3922 72.3922 36.1175 120
85000 269.295 -311929 -367.05 163900 72.3893 72.3893 36.116 120
85100 269.106 -311925 354.869 163860 72.3834 72.3834 36.1131 120
85200 271.659 -311928 326.48 163829 72.3789 72.3789 36.1108 120
85300 271.055 -311926 755.616 163808 72.3757 72.3757 36.1092 120
85400 271.019 -311932 154.873 163809 72.3759 72.3759 36.1093 120
85500 269.549 -311933 404.89 163825 72.3782 72.3782 36.1105 120
85600 268.398 -311929 236.256 163859 72.3832 72.3832 36.113 120
85700 269.959 -311924 -701.785 163898 72.389 72.389 36.1159 120
85800 269.297 -311920 -1124.66 163927 72.3932 72.3932 36.118 120
85900 272.223 -311929 -1067.29 163919 72.392 72.392 36.1174 120
86000 270.254 -311928 1.04804 163865 72.3841 72.3841 36.1135 120
86100 269.428 -311927 1233.35 163800 72.3745 72.3745 36.1087 120
86200 269.543 -311928 774.357 163766 72.3696 72.3696 36.1062 120
86300 270.124 -311930 1098.16 163774 72.3708 72.3708 36.1068 120
86400 268.917 -311925 230.731 163824 72.3781 72.3781 36.1104 120
86500 273.718 -311931 -619.347 163894 72.3883 72.3883 36.1156 120
86600 272.123 -311928 -790.2 163941 72.3953 72.3953 36.119 120
86700 270.202 -311928 -1025.17 163944 72.3957 72.3957 36.1192 120
86800 267.285 -311928 -610.44 163911 72.3909 72.3909 36.1168 120
86900 268.991 -311933 587.153 163853 72.3823 72.3823 36.1126 120
87000 270.643 -311928 1395.86 163810 72.376 72.376 36.1094 120
87100 269.744 -311921 381.26 163823 72.3779 72.3779 36.1104 120
87200 271.065 -311927 -697.86 163854 72.3825 72.3825 36.1127 120
87300 272.445 -311935 -389.997 163867 72.3844 72.3844 36.1136 120
87400 267.584 -311928 -1040.47 163875 72.3856 72.3856 36.1142 120
87500 268.471 -311929 53.3206 163863 72.3838 72.3838 36.1133 120
87600 268.703 -311927 -63.0963 163855 72.3826 72.3826 36.1127 120
87700 269.838 -311927 610.117 163840 72.3805 72.3805 36.1116 120
87800 272.274 -311931 271.235 163842 72.3808 72.3808 36.1118 120
87900 270.144 -311925 990.45 163855 72.3827 72.3827 36.1127 120
88000 270.346 -311925 -980.289 163884 72.387 72.387 36.1149 120
88100 269.928 -311929 -432.724 163899 72.3892 72.3892 36.116 120
88200 269.193 -311933 -347.965 163888 72.3875 72.3875 36.1152 120
88300 269.878 -311934 31.889 163861 72.3836 72.3836 36.1132 120
88400 273.279 -311932 350.476 163849 72.3818 72.3818 36.1123 120
88500 272.974 -311928 -148.32 163862 72.3837 72.3837 36.1133 120
88600 271.906 -311928 -114.939 163887 72.3874 72.3874 36.1151 120
88700 268.143 -311926 -754.956 163899 72.3892 72.3892 36.116 120
88800 268.961 -311930 -55.8809 163884 72.3869 72.3869 36.1148 120
88900 269.288 -311929 164.844 163854 72.3825 72.3825 36.1127 120
89000 273.919 -311926 668.682 163827 72.3786 72.3786 36.1107 120
89100 273.559 -311927 198.003 163824 72.3781 72.3781 36.1104 120
89200 270.02 -311928 352.871 163833 72.3794 72.3794 36.1111 120
89300 269.998 -311932 -1365.68 163859 72.3833 72.3833 36.113 120
89400 268.234 -311927 -393.483 163866 72.3843 72.3843 36.1135 120
89500 269.168 -311923 -95.7182 163868 72.3846 72.3846 36.1137 120
89600 272.965 -311925 387.903 163876 72.3857 72.3857 36.1143 120
89700 270.319 -311922 -728.335 163892 72.3881 72.3882 36.1155 120
89800 272.995 -311931 -108.614 163882 72.3866 72.3866 36.1147 120
89900 270.034 -311928 840.452 163868 72.3845 72.3845 36.1137 120
90000 269.848 -311929 -68.2142 163864 72.3839 72.3839 36.1134 120
90100 269.944 -311930 850.976 163854 72.3824 72.3824 36.1126 120
90200 271.802 -311928 58.5581 163864 72.3839 72.3839 36.1134 120
90300 272.013 -311924 -109.599 163875 72.3855 72.3855 36.1142 120
90400 271.557 -311927 -7.04071 163885 72.387 72.387 36.1149 120
90500 269.486 -311929 -934.634 163887 72.3874 72.3874 36.1151 120
90600 268.662 -311929 101.102 163869 72.3847 72.3847 36.1137 120
90700 267.999 -311925 787.956 163857 72.383 72.383 36.1129 120
90800 270.541 -311926 -133.292 163864 72.384 72.384 36.1134 120
90900 270.54 -311920 -293.609 163872 72.3851 72.3851 36.1139 120
91000 272.849 -311917 -678.038 163875 72.3856 72.3856 36.1142 120
91100 273.344 -311925 -590.819 163871 72.385 72.385 36.1139 120
91200 271.54 -311927 1408.32 163860 72.3833 72.3833 36.1131 120
91300 271.536 -311931 273.476 163870 72.3848 72.3848 36.1138 120
91400 268.874 -311930 -102.229 163884 72.3869 72.3869 36.1148 120
91500 270.568 -311932 -605.596 163906 72.3901 72.3901 36.1164 120
91600 269.13 -311921 -854.87 163899 72.3891 72.3891 36.1159 120
91700 271.266 -311921 -358.088 163879 72.3861 72.3861 36.1145 120
91800 272.634 -311929 281.216 163865 72.3841 72.3841 36.1134 120
91900 268.76 -311926 -630.431 163855 72.3827 72.3827 36.1127 120
92000 270.823 -311931 952.409 163840 72.3805 72.3805 36.1116 120
92100 271.776 -311933 -469.972 163846 72.3813 72.3813 36.112 120
92200 271.665 -311929 -95.025 163864 72.3839 72.3839 36.1133 120
92300 273.224 -311924 -288.076 163889 72.3876 72.3876 36.1152 120
92400 272.401 -311921 -897.964 163906 72.3901 72.3901 36.1164 120
92500 269.536 -311923 -650.214 163901 72.3894 72.3894 36.1161 120
92600 268.743 -311925 375.284 163879 72.3862 72.3862 36.1145 120
92700 269.854 -311929 596.019 163865 72.3841 72.3841 36.1134 120
92800 270.648 -311929 242.405 163860 72.3833 72.3833 36.1131 120
92900 270.345 -311924 -227.71 163863 72.3839 72.3839 36.1133 120
93000 271.293 -311920 723.004 163873 72.3853 72.3853 36.114 120
93100 271.194 -311924 -1052.17 163903 72.3898 72.3898 36.1163 120
93200 269.646 -311931 418.876 163917 72.3918 72.3918 36.1173 120
93300 269.632 -311931 -782.22 163918 72.392 72.392 36.1174 120
93400 269.933 -311927 -416.321 163891 72.388 72.388 36.1154 120
93500 271.051 -311925 525.774 163846 72.3813 72.3813 36.112 120
93600 270.852 -311923 517.251 163826 72.3784 72.3784 36.1106 120
93700 269.505 -311927 1020.23 163831 72.3791 72.3791 36.1109 120
93800 267.771 -311930 -292.541 163854 72.3825 72.3825 36.1127 120
93900 271.4 -311936 352.294 163885 72.3871 72.3871 36.1149 120
94000 269.174 -311925 -588.374 163925 72.393 72.393 36.1179 120
94100 269.99 -311922 -866.678 163956 72.3975 72.3975 36.1201 120
94200 271.743 -311926 -799.925 163951 72.3967 72.3967 36.1197 120
94300 271.062 -311928 390.375 163895 72.3885 72.3885 36.1156 120
94400 270.253 -311929 421.443 163827 72.3785 72.3785 36.1107 120
94500 268.699 -311928 709.763 163774 72.3708 72.3708 36.1068 120
94600 268.083 -311927 598.681 163772 72.3704 72.3704 36.1066 120
94700 269.553 -311932 1038.57 163817 72.3771 72.3771 36.11 120
94800 267.354 -311928 -265.574 163896 72.3887 72.3887 36.1157 120
94900 270.108 -311930 -1782.42 163966 72.399 72.399 36.1209 120
95000 270.677 -311925 -956.622 163988 72.4022 72.4022 36.1224 120
95100 270.292 -311922 142.599 163967 72.3991 72.3991 36.1209 120
95200 269.141 -311928 -641.131 163917 72.3917 72.3917 36.1172 120
95300 270.265 -311937 826.15 163822 72.3778 72.3778 36.1103 120
95400 270.503 -311935 1935.46 163745 72.3664 72.3664 36.1046 120
95500 271.627 -311933 1344.26 163739 72.3655 72.3655 36.1042 120
95600 272.177 -311930 930.563 163803 72.3749 72.3749 36.1089 120
95700 270.748 -311927 -844.536 163912 72.391 72.391 36.1169 120
95800 268.092 -311932 -393.645 164002 72.4043 72.4043 36.1235 120
95900 269.613 -311936 -1605.79 164046 72.4107 72.4107 36.1267 120
96000 268.22 -311927 -2236.41 164000 72.404 72.404 36.1234 120
96100 270.76 -311927 827.968 163879 72.3862 72.3862 36.1145 120
96200 270.807 -311929 1255.31 163773 72.3705 72.3705 36.1067 120
96300 269.714 -311930 1716.65 163732 72.3645 72.3645 36.1037 120
96400 265.224 -311930 60.165 163756 72.3681 72.3681 36.1055 120
96500 267.326 -311937 354.231 163821 72.3776 72.3776 36.1102 120
96600 268.266 -311933 -376.67 163913 72.3911 72.3911 36.1169 120
96700 269.078 -311931 -1443.87 163994 72.4031 72.4031 36.1229 120
96800 271.602 -311930 -1024.33 163999 72.4038 72.4038 36.1233 120
96900 271.018 -311926 350.002 163928 72.3934 72.3934 36.1181 120
97000 269.809 -311926 -275.376 163858 72.3832 72.3832 36.113 120
97100 269.14 -311934 1379.31 163789 72.373 72.373 36.1079 120
97200 267.29 -311933 282.875 163769 72.37 72.37 36.1064 120
97300 268.487 -311930 778.136 163787 72.3727 72.3727 36.1077 120
97400 270.202 -311930 685.35 163838 72.3801 72.3801 36.1114 120
97500 270.513 -311929 -469.057 163904 72.3899 72.3899 36.1163 120
97600 271.574 -311931 -1191.26 163961 72.3983 72.3983 36.1205 120
97700 269.449 -311928 -726.634 163974 72.4002 72.4002 36.1215 120
97800 270.464 -311934 -728.652 163935 72.3945 72.3945 36.1186 120
97900 267.385 -311934 7.23462 163871 72.3851 72.3851 36.1139 120
98000 265.962 -311927 1391.36 163822 72.3778 72.3778 36.1103 120
98100 268.635 -311925 150.236 163806 72.3754 72.3754 36.1091 120
98200 271.009 -311928 23.2883 163813 72.3764 72.3764 36.1096 120
98300 270.958 -311930 185.915 163848 72.3816 72.3816 36.1122 120
98400 266.205 -311928 -1048.57 163917 72.3918 72.3918 36.1173 120
98500 266.845 -311934 -1619.91 163960 72.3981 72.3981 36.1204 120
98600 270.315 -311934 -64.2997 163937 72.3947 72.3947 36.1187 120
98700 271.149 -311928 185.848 163905 72.39 72.39 36.1164 120
98800 269.726 -311927 418.963 163865 72.3842 72.3842 36.1135 120
98900 271.979 -311936 368.175 163838 72.3802 72.3802 36.1115 120
99000 268.022 -311932 815.746 163832 72.3793 72.3793 36.111 120
99100 270.068 -311934 949.037 163829 72.3788 72.3788 36.1108 120
99200 272.157 -311929 686.805 163842 72.3808 72.3808 36.1118 120
99300 271.103 -311925 -1030.07 163877 72.3858 72.3858 36.1143 120
99400 271.791 -311931 -291.449 163908 72.3904 72.3904 36.1166 120
99500 269.301 -311930 -1091.58 163942 72.3955 72.3955 36.1191 120
99600 271.533 -311934 -994.23 163929 72.3935 72.3935 36.1181 120
99700 269.07 -311929 182.571 163875 72.3855 72.3855 36.1141 120
99800 270.307 -311929 487.988 163823 72.3779 72.3779 36.1103 120
99900 268.469 -311926 1028.66 163802 72.3749 72.3749 36.1088 120
100000 269.27 -311928 94.6087 163821 72.3777 72.3777 36.1103 120
