# Time-averaged data for fix 2
# TimeStep c_thermo_temp c_thermo_pe c_thermo_press v_myVol v_myCella v_myCellb v_myCellc v_myCellgamma
0 136.178 -312085 -781.047 162821 72.2301 72.2301 36.0366 120
100 131.585 -312095 -671.181 162743 72.2185 72.2185 36.0308 120
200 136.494 -312097 1848.07 162691 72.2108 72.2108 36.027 120
300 142.092 -312085 216.104 162762 72.2214 72.2214 36.0322 120
400 147.268 -312082 -308.85 162851 72.2345 72.2345 36.0388 120
500 144.675 -312085 631.991 162879 72.2387 72.2387 36.0409 120
600 140.418 -312100 -508.871 162897 72.2412 72.2412 36.0422 120
700 135.106 -312107 -259.202 162883 72.2392 72.2392 36.0411 120
800 137.191 -312112 98.0439 162857 72.2355 72.2355 36.0393 120
900 141.375 -312107 471.603 162855 72.235 72.235 36.0391 120
1000 142.99 -312097 -318.167 162894 72.2409 72.2409 36.042 120
1100 143.757 -312099 -429.629 162892 72.2405 72.2405 36.0418 120
1200 141.252 -312108 326.713 162875 72.238 72.238 36.0406 120
1300 137.604 -312116 -222.405 162891 72.2404 72.2404 36.0417 120
1400 135.987 -312116 -132.754 162889 72.2401 72.2401 36.0416 120
1500 139.281 -312113 538.662 162893 72.2407 72.2407 36.0419 120
1600 142.332 -312107 -172.257 162944 72.2483 72.2483 36.0457 120
1700 142.314 -312103 60.1294 162979 72.2534 72.2534 36.0483 120
1800 141.692 -312109 -1434.31 162986 72.2544 72.2544 36.0487 120
1900 138.238 -312115 325.852 162923 72.2451 72.2451 36.0441 120
2000 136.446 -312119 215.689 162872 72.2376 72.2376 36.0403 120
2100 138.575 -312118 607.16 162882 72.2391 72.2391 36.0411 120
2200 140.57 -312112 260.849 162968 72.2517 72.2517 36.0474 120
2300 142.916 -312110 -1060.01 163050 72.2639 72.2639 36.0534 120
2400 141.535 -312111 -149.364 163035 72.2617 72.2617 36.0524 120
2500 137.926 -312114 -504.676 162957 72.2501 72.2501 36.0466 120
2600 137.095 -312121 323.002 162893 72.2407 72.2407 36.0419 120
2700 138.973 -312122 837.067 162892 72.2405 72.2405 36.0418 120
2800 139.81 -312117 532.143 162950 72.2491 72.2491 36.0461 120
2900 141.182 -312113 -611.619 163003 72.257 72.257 36.05 120
3000 142.008 -312113 214.509 162979 72.2534 72.2534 36.0482 120
3100 140.946 -312119 223.253 162958 72.2503 72.2503 36.0467 120
3200 137.792 -312120 246.542 162968 72.2517 72.2517 36.0474 120
3300 136.188 -312119 -646.943 162971 72.2523 72.2523 36.0477 120
3400 138.722 -312117 318.908 162961 72.2507 72.2507 36.0469 120
3500 141.358 -312114 -378.58 162974 72.2526 72.2526 36.0479 120
3600 142.224 -312115 -275.599 162967 72.2517 72.2517 36.0474 120
3700 140.704 -312117 439.069 162948 72.2488 72.2488 36.0459 120
3800 138.814 -312121 -178.839 162978 72.2533 72.2533 36.0482 120
3900 137.824 -312121 -531.214 163015 72.2587 72.2587 36.0509 120
4000 140.184 -312122 -640.473 163012 72.2583 72.2583 36.0507 120
4100 141.73 -312118 352.323 162970 72.2522 72.2522 36.0476 120
4200 141.092 -312113 75.6183 162943 72.2481 72.2481 36.0456 120
4300 140.361 -312115 807.592 162956 72.25 72.25 36.0465 120
4400 138.445 -312118 -692.717 162998 72.2563 72.2563 36.0497 120
4500 139.518 -312125 -51.895 163011 72.2582 72.2582 36.0506 120
4600 138.246 -312120 -273.615 162983 72.254 72.254 36.0485 120
4700 140.143 -312118 121.343 162932 72.2465 72.2465 36.0448 120
4800 141.191 -312115 259.898 162910 72.2433 72.2433 36.0432 120
4900 140.491 -312116 753.887 162934 72.2468 72.2468 36.0449 120
5000 140.208 -312120 -19.4811 162991 72.2552 72.2552 36.0491 120
5100 139.003 -312122 -546.769 163013 72.2585 72.2585 36.0508 120
5200 140.2 -312124 -601.847 162979 72.2534 72.2534 36.0482 120
5300 140.647 -312121 351.928 162945 72.2483 72.2483 36.0457 120
5400 141.778 -312118 419.98 162958 72.2503 72.2503 36.0467 120
5500 142.213 -312120 -293.322 163007 72.2575 72.2575 36.0503 120
5600 140.199 -312120 -447.342 163042 72.2628 72.2628 36.0529 120
5700 138.492 -312120 286.155 163030 72.261 72.261 36.052 120
5800 138.641 -312120 -406.089 163008 72.2577 72.2577 36.0504 120
5900 140.49 -312120 521.589 162958 72.2503 72.2503 36.0467 120
6000 141.28 -312119 4.2024 162949 72.249 72.249 36.046 120
6100 140.332 -312118 195.39 162968 72.2518 72.2518 36.0474 120
6200 138.866 -312117 110.903 163005 72.2572 72.2572 36.0501 120
6300 139.033 -312120 -532.562 163029 72.2608 72.2608 36.0519 120
6400 138.394 -312119 -332.512 163008 72.2577 72.2577 36.0504 120
6500 139.723 -312120 208.78 162955 72.2499 72.2499 36.0465 120
6600 140.044 -312117 211.075 162944 72.2483 72.2483 36.0457 120
6700 140.602 -312118 385.375 162971 72.2522 72.2522 36.0477 120
6800 140.234 -312119 26.3121 163021 72.2597 72.2597 36.0514 120
6900 138.755 -312119 -428.812 163066 72.2662 72.2662 36.0546 120
7000 138.722 -312119 -527.116 163061 72.2656 72.2656 36.0543 120
7100 139.824 -312120 -444.012 163023 72.2599 72.2599 36.0515 120
7200 140.684 -312120 711.08 162966 72.2515 72.2515 36.0473 120
7300 141.653 -312121 314.84 162957 72.2502 72.2502 36.0466 120
7400 141.154 -312122 175.97 162998 72.2562 72.2562 36.0496 120
7500 140.443 -312123 -269.93 163053 72.2644 72.2644 36.0537 120
7600 138.694 -312121 -783.321 163069 72.2668 72.2668 36.0549 120
7700 139.462 -312121 -362.502 163031 72.2611 72.2611 36.052 120
7800 141.546 -312122 876.799 162984 72.2542 72.2542 36.0486 120
7900 141.491 -312121 492.438 162973 72.2526 72.2526 36.0478 120
8000 139.822 -312120 221.202 163012 72.2583 72.2583 36.0507 120
8100 138.782 -312121 -494.358 163061 72.2655 72.2655 36.0543 120
8200 138.997 -312122 -464.485 163064 72.266 72.266 36.0545 120
8300 140.121 -312123 -170.847 163036 72.2618 72.2618 36.0524 120
8400 140.746 -312121 -115.52 163009 72.2579 72.2579 36.0505 120
8500 139.243 -312117 559.801 162997 72.2561 72.2561 36.0496 120
8600 140.758 -312122 153.348 163029 72.2608 72.2608 36.0519 120
8700 141.051 -312124 -351.636 163053 72.2644 72.2644 36.0537 120
8800 138.21 -312120 240.547 163046 72.2634 72.2634 36.0532 120
8900 139.46 -312121 -198.725 163043 72.2629 72.2629 36.053 120
9000 140.402 -312122 57.7489 163020 72.2595 72.2595 36.0513 120
9100 141.871 -312123 -102 162994 72.2557 72.2557 36.0494 120
9200 140.902 -312122 455.978 162998 72.2563 72.2563 36.0497 120
9300 140.308 -312123 1065.21 163018 72.2592 72.2592 36.0511 120
9400 139.517 -312124 500.871 163055 72.2647 72.2647 36.0539 120
9500 139.181 -312122 -870.27 163058 72.265 72.265 36.054 120
9600 140.17 -312122 618.616 163032 72.2613 72.2613 36.0522 120
9700 141.842 -312123 -83.398 163048 72.2636 72.2636 36.0533 120
9800 140.412 -312120 -454.217 163066 72.2664 72.2664 36.0547 120
9900 139.304 -312121 303.774 163028 72.2607 72.2607 36.0519 120
10000 139.715 -312124 -31.4693 162985 72.2543 72.2543 36.0487 120
10100 141.687 -312128 942.754 162967 72.2517 72.2517 36.0474 120
10200 141.057 -312124 56.9978 163007 72.2575 72.2575 36.0503 120
10300 140.474 -312121 -418.037 163047 72.2634 72.2634 36.0532 120
10400 140.404 -312120 407.352 163070 72.2669 72.2669 36.055 120
10500 139.894 -312121 -374.662 163091 72.27 72.27 36.0565 120
10600 138.18 -312120 501.147 163055 72.2647 72.2647 36.0539 120
10700 140.084 -312125 -522.231 163016 72.2589 72.2589 36.051 120
10800 138.243 -312119 -462.772 162989 72.255 72.255 36.049 120
10900 139.586 -312120 572.651 162970 72.2522 72.2522 36.0476 120
11000 140.214 -312120 217.923 162991 72.2552 72.2552 36.0491 120
11100 139.581 -312120 -246.869 163058 72.265 72.265 36.054 120
11200 138.987 -312121 -441.305 163081 72.2685 72.2685 36.0558 120
11300 139.842 -312123 -387.263 163041 72.2625 72.2625 36.0528 120
11400 139.839 -312123 496.271 163000 72.2566 72.2566 36.0498 120
11500 138.643 -312119 371.687 162988 72.2548 72.2548 36.0489 120
11600 141.364 -312123 500.308 162984 72.2542 72.2542 36.0486 120
11700 140.817 -312124 -219.929 163015 72.2587 72.2587 36.0509 120
11800 140.691 -312124 -459.162 163055 72.2647 72.2647 36.0539 120
11900 139.609 -312122 -411.354 163085 72.2691 72.2691 36.0561 120
12000 141.089 -312124 -152.932 163075 72.2677 72.2677 36.0553 120
12100 140.335 -312122 397.197 163027 72.2605 72.2605 36.0518 120
12200 140.503 -312122 604.324 162994 72.2556 72.2556 36.0493 120
12300 138.889 -312121 228.989 163016 72.2588 72.2588 36.0509 120
12400 139.681 -312123 -339.424 163057 72.2649 72.2649 36.054 120
12500 140.015 -312124 -356.626 163068 72.2666 72.2666 36.0548 120
12600 140.22 -312123 150.318 163043 72.2629 72.2629 36.053 120
12700 140.555 -312122 168.275 163029 72.2609 72.2609 36.052 120
12800 141.143 -312123 285.346 163015 72.2588 72.2588 36.0509 120
12900 139.456 -312121 198.092 163022 72.2597 72.2597 36.0514 120
13000 140.559 -312126 426.749 163054 72.2645 72.2645 36.0538 120
13100 139.733 -312124 -698.575 163092 72.2701 72.2701 36.0566 120
13200 140.001 -312123 -392.905 163072 72.2672 72.2672 36.0551 120
13300 140.453 -312121 592.424 163023 72.2599 72.2599 36.0515 120
13400 141.43 -312124 358.538 163012 72.2582 72.2582 36.0506 120
13500 140.356 -312123 -275.611 163037 72.2621 72.2621 36.0526 120
13600 138.848 -312122 -205.253 163046 72.2633 72.2633 36.0531 120
13700 140.632 -312126 -439.462 163047 72.2634 72.2634 36.0532 120
13800 139.605 -312122 -59.5334 163042 72.2628 72.2628 36.0529 120
13900 141.342 -312124 170.555 163036 72.2618 72.2618 36.0524 120
14000 140.808 -312121 372.43 163035 72.2617 72.2617 36.0524 120
14100 140.322 -312122 451.271 163042 72.2628 72.2628 36.0529 120
14200 140.301 -312125 149.5 163044 72.263 72.263 36.053 120
14300 139.693 -312126 -349.221 163042 72.2627 72.2627 36.0529 120
14400 139.029 -312124 -308.912 163037 72.262 72.262 36.0525 120
14500 139.551 -312122 -21.7286 163028 72.2607 72.2607 36.0519 120
14600 140.872 -312123 295.04 163022 72.2598 72.2598 36.0514 120
14700 141.688 -312124 151.259 163042 72.2628 72.2628 36.0529 120
14800 140.337 -312125 -833.5 163087 72.2694 72.2694 36.0562 120
14900 138.711 -312125 -184.929 163083 72.2688 72.2688 36.0559 120
15000 138.465 -312125 -765.452 163056 72.2648 72.2648 36.0539 120
15100 139.753 -312123 1058.36 163004 72.2571 72.2571 36.0501 120
15200 141.134 -312123 367.365 163004 72.2571 72.2571 36.0501 120
15300 140.17 -312121 106.665 163055 72.2647 72.2647 36.0539 120
15400 140.535 -312125 -1000.09 163112 72.273 72.273 36.058 120
15500 137.051 -312122 -168.245 163114 72.2734 72.2734 36.0582 120
15600 138.447 -312124 -2.16001 163080 72.2683 72.2683 36.0557 120
15700 139.33 -312123 68.0124 163026 72.2603 72.2603 36.0517 120
15800 141.505 -312124 912.03 162994 72.2556 72.2556 36.0493 120
15900 141.561 -312124 235.545 163015 72.2588 72.2588 36.0509 120
16000 140.517 -312125 608.1 163048 72.2637 72.2637 36.0534 120
16100 139.194 -312125 288.908 163090 72.2699 72.2699 36.0565 120
16200 138.079 -312124 -742.517 163101 72.2714 72.2714 36.0572 120
16300 139.559 -312125 466.635 163059 72.2652 72.2652 36.0541 120
16400 140 -312122 399.593 163015 72.2588 72.2588 36.0509 120
16500 140.73 -312122 435.023 162981 72.2537 72.2537 36.0484 120
16600 142.609 -312128 661.711 162995 72.2557 72.2557 36.0494 120
16700 140.521 -312127 1.7475 163064 72.2659 72.2659 36.0545 120
16800 138.35 -312125 -762.871 163123 72.2747 72.2747 36.0589 120
16900 140.259 -312127 -710.284 163124 72.2749 72.2749 36.059 120
17000 140.846 -312124 179.948 163085 72.2691 72.2691 36.056 120
17100 141.363 -312123 76.5895 163057 72.2649 72.2649 36.054 120
17200 139.773 -312121 34.2025 163046 72.2633 72.2633 36.0532 120
17300 139.472 -312125 331.698 163048 72.2637 72.2637 36.0534 120
17400 137.755 -312125 -28.2847 163049 72.2637 72.2637 36.0534 120
17500 139.02 -312126 174.354 163067 72.2664 72.2664 36.0547 120
17600 140.432 -312125 -422.037 163086 72.2692 72.2692 36.0561 120
17700 140.358 -312121 -205.365 163095 72.2706 72.2706 36.0568 120
17800 141.019 -312123 194.427 163090 72.2698 72.2698 36.0564 120
17900 139.966 -312124 -39.2514 163069 72.2668 72.2668 36.0549 120
18000 139.006 -312126 787.734 163047 72.2634 72.2634 36.0532 120
18100 138.514 -312126 570.128 163057 72.2649 72.2649 36.054 120
18200 139.552 -312125 126.558 163085 72.2691 72.2691 36.0561 120
18300 140.114 -312122 71.6766 163090 72.2698 72.2698 36.0564 120
18400 141.036 -312123 -138.261 163093 72.2703 72.2703 36.0567 120
18500 140.253 -312124 -206.634 163094 72.2704 72.2704 36.0567 120
18600 139.678 -312126 -461.158 163069 72.2667 72.2667 36.0549 120
18700 139.892 -312128 -255.274 163020 72.2595 72.2595 36.0513 120
18800 139.398 -312125 448.082 162994 72.2557 72.2557 36.0494 120
18900 141.151 -312126 688.2 163032 72.2612 72.2612 36.0521 120
19000 141.228 -312124 -885.464 163110 72.2728 72.2728 36.0579 120
19100 140.189 -312124 -687.109 163131 72.2759 72.2759 36.0594 120
19200 139.886 -312125 -278.962 163099 72.2712 72.2712 36.0571 120
19300 139.177 -312126 856.602 163044 72.263 72.263 36.053 120
19400 138.675 -312124 258.202 163020 72.2595 72.2595 36.0513 120
19500 138.135 -312121 413.682 163030 72.261 72.261 36.052 120
19600 140.16 -312123 -533.751 163070 72.2668 72.2668 36.0549 120
19700 139.635 -312122 -406.071 163090 72.2698 72.2698 36.0564 120
19800 139.73 -312124 -429.604 163078 72.2681 72.2681 36.0556 120
19900 140.752 -312128 484.617 163063 72.2659 72.2659 36.0545 120
20000 139.565 -312126 137.645 163073 72.2673 72.2673 36.0552 120
20100 139.336 -312124 380.51 163067 72.2664 72.2664 36.0547 120
20200 140.782 -312125 -22.3665 163063 72.2659 72.2659 36.0545 120
20300 140.044 -312123 86.3516 163065 72.2661 72.2661 36.0546 120
20400 140.194 -312125 -409.9 163073 72.2674 72.2674 36.0552 120
20500 139.458 -312126 -416.732 163075 72.2676 72.2676 36.0553 120
20600 138.566 -312126 49.2929 163063 72.2658 72.2658 36.0544 120
20700 139.942 -312128 529.831 163053 72.2643 72.2643 36.0537 120
20800 140.385 -312126 129.783 163052 72.2643 72.2643 36.0536 120
20900 140.149 -312124 -272.836 163047 72.2634 72.2634 36.0532 120
21000 140.144 -312124 165.983 163052 72.2642 72.2642 36.0536 120
21100 140.516 -312127 -328.203 163078 72.2681 72.2681 36.0556 120
21200 139.99 -312128 -706.357 163088 72.2696 72.2696 36.0563 120
21300 140.76 -312130 256.747 163064 72.266 72.266 36.0545 120
21400 139.47 -312125 437.781 163046 72.2633 72.2633 36.0532 120
21500 140.384 -312125 -178.725 163065 72.2661 72.2661 36.0546 120
21600 140.838 -312125 -280.604 163075 72.2676 72.2676 36.0553 120
21700 140.275 -312125 205.901 163077 72.2679 72.2679 36.0555 120
21800 140.27 -312127 495.298 163064 72.266 72.266 36.0545 120
21900 138.819 -312126 482.827 163042 72.2627 72.2627 36.0529 120
22000 140.061 -312127 473.015 163035 72.2617 72.2617 36.0524 120
22100 140.383 -312126 -382.168 163051 72.264 72.264 36.0535 120
22200 140.887 -312125 -443.641 163073 72.2674 72.2674 36.0552 120
22300 139.687 -312124 -33.3686 163066 72.2663 72.2663 36.0547 120
22400 141.711 -312129 22.7684 163061 72.2655 72.2655 36.0543 120
22500 138.402 -312125 369.33 163055 72.2647 72.2647 36.0539 120
22600 139.383 -312127 -380.257 163057 72.2649 72.2649 36.054 120
22700 138.997 -312125 253.619 163028 72.2606 72.2606 36.0518 120
22800 139.397 -312124 515.724 163020 72.2595 72.2595 36.0513 120
22900 140.988 -312126 -997.134 163063 72.2658 72.2658 36.0544 120
23000 139.229 -312124 39.5997 163062 72.2657 72.2657 36.0544 120
23100 138.349 -312124 562.292 163060 72.2654 72.2654 36.0542 120
23200 138.723 -312126 45.2554 163084 72.2689 72.2689 36.056 120
23300 138.687 -312125 -236.691 163081 72.2685 72.2685 36.0558 120
23400 139.28 -312124 -299.483 163054 72.2646 72.2646 36.0538 120
23500 140.639 -312126 306.127 163036 72.2619 72.2619 36.0525 120
23600 139.84 -312125 -317.727 163057 72.265 72.265 36.054 120
23700 140.149 -312127 108.411 163085 72.2691 72.2691 36.056 120
23800 139.822 -312128 -338.698 163101 72.2715 72.2715 36.0572 120
23900 140.18 -312128 -100.921 163070 72.2668 72.2668 36.0549 120
24000 140.817 -312128 856.25 163034 72.2616 72.2616 36.0523 120
24100 140.495 -312126 714.603 163059 72.2653 72.2653 36.0542 120
24200 139.897 -312125 -143.276 163114 72.2733 72.2733 36.0582 120
24300 140.374 -312128 -457.284 163131 72.2759 72.2759 36.0595 120
24400 138.866 -312127 807.378 163072 72.2671 72.2671 36.0551 120
24500 139.845 -312129 729.789 163042 72.2627 72.2627 36.0529 120
24600 140.468 -312128 -370.86 163068 72.2666 72.2666 36.0548 120
24700 140.141 -312125 312.522 163071 72.267 72.267 36.055 120
24800 139.779 -312125 724.977 163055 72.2646 72.2646 36.0538 120
24900 138.735 -312125 -359.215 163049 72.2638 72.2638 36.0534 120
25000 139.455 -312128 280.853 163054 72.2644 72.2644 36.0537 120
25100 139.359 -312129 -139.659 163080 72.2684 72.2684 36.0557 120
25200 138.576 -312127 422.494 163083 72.2688 72.2688 36.0559 120
25300 140.409 -312128 259.732 163090 72.2698 72.2698 36.0564 120
25400 140.314 -312126 -533.177 163112 72.2731 72.2731 36.0581 120
25500 140.202 -312127 -697.426 163120 72.2743 72.2743 36.0586 120
25600 140.405 -312130 -368.738 163098 72.271 72.271 36.057 120
25700 139.187 -312129 295.421 163055 72.2646 72.2646 36.0538 120
25800 139.774 -312131 838.902 163028 72.2606 72.2606 36.0518 120
25900 140.462 -312130 497.172 163062 72.2657 72.2657 36.0544 120
26000 140.931 -312129 -236.632 163132 72.2761 72.2761 36.0596 120
26100 139.913 -312126 -1213.01 163167 72.2812 72.2812 36.0621 120
26200 140.704 -312129 33.1881 163114 72.2733 72.2733 36.0582 120
26300 140.813 -312131 63.6179 163057 72.2649 72.2649 36.054 120
26400 139.555 -312131 651.329 163022 72.2598 72.2598 36.0514 120
26500 140.606 -312132 162.103 163037 72.262 72.262 36.0525 120
26600 140.951 -312131 415.179 163089 72.2696 72.2696 36.0563 120
26700 140.647 -312128 -479.346 163130 72.2757 72.2757 36.0594 120
26800 139.682 -312127 -785.352 163116 72.2737 72.2737 36.0584 120
26900 140.186 -312129 49.208 163065 72.2662 72.2662 36.0546 120
27000 139.303 -312130 540.031 163040 72.2624 72.2624 36.0527 120
27100 140.376 -312132 -18.4017 163078 72.268 72.268 36.0555 120
27200 139.913 -312130 -478.946 163126 72.2752 72.2752 36.0591 120
27300 140.798 -312129 -757.608 163129 72.2756 72.2756 36.0593 120
27400 141.369 -312130 168.653 163085 72.2691 72.2691 36.0561 120
27500 140.508 -312129 70.9347 163046 72.2633 72.2633 36.0532 120
27600 139.152 -312129 310.165 163048 72.2636 72.2636 36.0533 120
27700 139.787 -312130 295.728 163088 72.2695 72.2695 36.0563 120
27800 139.901 -312130 -653.97 163144 72.2778 72.2778 36.0604 120
27900 140.164 -312129 -902.171 163155 72.2794 72.2794 36.0612 120
28000 140.024 -312128 -351.421 163100 72.2714 72.2714 36.0572 120
28100 140.816 -312130 -25.5052 163038 72.2622 72.2622 36.0526 120
28200 139.196 -312128 578.324 163006 72.2574 72.2574 36.0502 120
28300 140.161 -312131 -56.2538 163059 72.2652 72.2652 36.0541 120
28400 139.087 -312128 95.308 163135 72.2764 72.2764 36.0597 120
28500 140.265 -312129 -690.573 163181 72.2833 72.2833 36.0632 120
28600 140.476 -312128 -381.569 163157 72.2797 72.2797 36.0613 120
28700 139.602 -312127 -309.796 163089 72.2696 72.2696 36.0563 120
28800 139.692 -312129 1169.48 163023 72.2599 72.2599 36.0515 120
28900 139.344 -312130 761.707 163006 72.2574 72.2574 36.0502 120
29000 140.205 -312132 133.16 163062 72.2657 72.2657 36.0544 120
29100 140.252 -312130 -645.176 163148 72.2784 72.2784 36.0607 120
29200 140.232 -312128 -1167.61 163187 72.2841 72.2841 36.0635 120
29300 139.64 -312126 -520.589 163155 72.2794 72.2794 36.0612 120
29400 139.624 -312127 22.3622 163075 72.2676 72.2676 36.0553 120
29500 138.293 -312127 814.49 163016 72.2589 72.2589 36.051 120
29600 139.2 -312130 991.487 163026 72.2604 72.2604 36.0517 120
29700 139.723 -312130 -232.902 163107 72.2723 72.2723 36.0577 120
29800 140.067 -312128 -583.508 163165 72.2808 72.2808 36.0619 120
29900 141.482 -312129 -862.639 163166 72.281 72.281 36.062 120
30000 140.017 -312128 -593.842 163106 72.2723 72.2723 36.0576 120
30100 140.759 -312131 586.247 163017 72.259 72.259 36.051 120
30200 139.579 -312131 559.765 163008 72.2577 72.2577 36.0504 120
30300 139.025 -312129 505.185 163087 72.2694 72.2694 36.0562 120
30400 140.827 -312131 -546.635 163187 72.2841 72.2841 36.0635 120
30500 140.411 -312127 -653.476 163203 72.2865 72.2865 36.0647 120
30600 139.695 -312126 -827.342 163133 72.2762 72.2762 36.0596 120
30700 139.416 -312128 1033.98 163021 72.2596 72.2596 36.0513 120
30800 139.718 -312131 951.016 162985 72.2544 72.2544 36.0487 120
30900 140.808 -312133 247.43 163041 72.2625 72.2625 36.0528 120
31000 139.235 -312129 -350.924 163150 72.2787 72.2787 36.0609 120
31100 141.483 -312130 -874.588 163212 72.2879 72.2879 36.0654 120
31200 140.656 -312128 -516.762 163168 72.2813 72.2813 36.0622 120
31300 140.54 -312129 59.9115 163057 72.2649 72.2649 36.054 120
31400 139.723 -312130 1006.16 162983 72.2539 72.2539 36.0485 120
31500 140.511 -312133 1072.78 163017 72.259 72.259 36.051 120
31600 139.464 -312130 86.2219 163117 72.2738 72.2738 36.0584 120
31700 139.531 -312129 -1109.68 163186 72.284 72.284 36.0635 120
31800 140.875 -312128 177.346 163166 72.2811 72.2811 36.0621 120
31900 140.2 -312127 -545.382 163124 72.2748 72.2748 36.0589 120
32000 139.599 -312128 311.628 163074 72.2675 72.2675 36.0553 120
32100 139.557 -312130 500.72 163054 72.2645 72.2645 36.0538 120
32200 139.002 -312130 -270.222 163062 72.2657 72.2657 36.0543 120
32300 139.863 -312130 354.001 163082 72.2686 72.2686 36.0558 120
32400 140.899 -312130 -612.287 163107 72.2724 72.2724 36.0577 120
32500 142.369 -312131 166.721 163127 72.2753 72.2753 36.0592 120
32600 141.258 -312130 -365.19 163127 72.2753 72.2753 36.0591 120
32700 139.69 -312129 -28.7737 163100 72.2712 72.2712 36.0571 120
32800 139.258 -312130 49.1882 163081 72.2685 72.2685 36.0558 120
32900 139.469 -312130 182.297 163073 72.2673 72.2673 36.0552 120
33000 139.039 -312128 -119.587 163071 72.2671 72.2671 36.0551 120
33100 140.104 -312128 72.4585 163081 72.2685 72.2685 36.0557 120
33200 141.069 -312129 780.672 163108 72.2725 72.2725 36.0578 120
33300 140.054 -312129 253.992 163123 72.2747 72.2747 36.0588 120
33400 139.19 -312129 -270.359 163107 72.2723 72.2723 36.0577 120
33500 139.389 -312130 -250.779 163090 72.2698 72.2698 36.0564 120
33600 139.919 -312129 78.7591 163082 72.2686 72.2686 36.0558 120
33700 141.247 -312130 168.245 163097 72.2708 72.2708 36.0569 120
33800 140.598 -312128 -339.164 163113 72.2733 72.2733 36.0581 120
33900 139.559 -312127 634.514 163114 72.2734 72.2734 36.0582 120
34000 139.638 -312130 139.187 163107 72.2724 72.2724 36.0577 120
34100 139.976 -312131 263.512 163080 72.2684 72.2684 36.0557 120
34200 139.888 -312130 -143.408 163075 72.2676 72.2676 36.0553 120
34300 140.508 -312130 -306.996 163082 72.2687 72.2687 36.0558 120
34400 139.52 -312127 829.62 163091 72.2699 72.2699 36.0565 120
34500 140.918 -312130 -777.912 163131 72.2759 72.2759 36.0594 120
34600 139.288 -312128 -18.1762 163116 72.2736 72.2736 36.0583 120
34700 139.657 -312130 352.515 163101 72.2714 72.2714 36.0572 120
34800 139.282 -312129 -251.236 163086 72.2693 72.2693 36.0562 120
34900 140.118 -312129 705.204 163072 72.2672 72.2672 36.0551 120
35000 139.99 -312128 -362.255 163099 72.2712 72.2712 36.0571 120
35100 140.704 -312129 -4.3763 163115 72.2735 72.2735 36.0583 120
35200 139.604 -312127 -429.259 163127 72.2753 72.2753 36.0591 120
35300 139.944 -312131 258.172 163109 72.2726 72.2726 36.0578 120
35400 139.054 -312129 49.5763 163083 72.2688 72.2688 36.0559 120
35500 140.897 -312132 561.095 163075 72.2676 72.2676 36.0553 120
35600 139.631 -312128 -403.245 163089 72.2696 72.2696 36.0563 120
35700 140.555 -312128 124.554 163092 72.2701 72.2701 36.0565 120
35800 139.556 -312127 -85.9189 163108 72.2725 72.2725 36.0578 120
35900 139.288 -312128 -470.759 163120 72.2743 72.2743 36.0587 120
36000 139.28 -312129 343.401 163106 72.2722 72.2722 36.0576 120
36100 138.846 -312128 -33.5189 163114 72.2734 72.2734 36.0582 120
36200 139.229 -312128 -361.451 163127 72.2753 72.2753 36.0591 120
36300 140.071 -312128 -398.507 163116 72.2736 72.2736 36.0583 120
36400 140.808 -312129 670.655 163087 72.2694 72.2694 36.0562 120
36500 139.68 -312128 502.76 163091 72.27 72.27 36.0565 120
36600 139.716 -312129 72.4458 163118 72.2739 72.2739 36.0585 120
36700 139.768 -312131 -989.573 163142 72.2774 72.2774 36.0602 120
36800 139.564 -312130 -196.329 163123 72.2747 72.2747 36.0588 120
36900 140.725 -312130 -379.848 163097 72.2709 72.2709 36.0569 120
37000 139.956 -312127 111.74 163079 72.2682 72.2682 36.0556 120
37100 138.705 -312126 115.171 163086 72.2693 72.2693 36.0562 120
37200 140.182 -312131 344.846 163112 72.2731 72.2731 36.0581 120
37300 139.774 -312130 -125.187 163132 72.276 72.276 36.0595 120
37400 140.061 -312130 12.5709 163123 72.2747 72.2747 36.0589 120
37500 140.363 -312130 -416.348 163108 72.2724 72.2724 36.0577 120
37600 141.539 -312131 301.62 163082 72.2686 72.2686 36.0558 120
37700 140.62 -312129 164.108 163074 72.2674 72.2674 36.0552 120
37800 140.192 -312130 170.299 163093 72.2703 72.2703 36.0566 120
37900 139.749 -312130 -679.78 163121 72.2744 72.2744 36.0587 120
38000 139.254 -312129 -181.326 163118 72.274 72.274 36.0585 120
38100 140.228 -312130 -349.456 163104 72.2718 72.2718 36.0574 120
38200 139.565 -312127 322.395 163078 72.2681 72.2681 36.0555 120
38300 141.591 -312131 608.67 163065 72.2661 72.2661 36.0546 120
38400 140.111 -312129 270.23 163093 72.2703 72.2703 36.0567 120
38500 140.129 -312130 174.05 163119 72.2741 72.2741 36.0586 120
38600 140.016 -312131 -964.3 163131 72.2758 72.2758 36.0594 120
38700 140.324 -312131 -389.504 163100 72.2713 72.2713 36.0572 120
38800 140.925 -312130 418.108 163071 72.267 72.267 36.055 120
38900 139.42 -312126 898.949 163074 72.2674 72.2674 36.0552 120
39000 141.347 -312131 -539.625 163115 72.2736 72.2736 36.0583 120
39100 140.326 -312131 -337.669 163120 72.2743 72.2743 36.0586 120
39200 139.962 -312131 539.336 163088 72.2695 72.2695 36.0562 120
39300 137.543 -312126 -3.92271 163077 72.2679 72.2679 36.0555 120
39400 139.679 -312129 -288.417 163103 72.2718 72.2718 36.0574 120
39500 141.787 -312130 -144.806 163113 72.2732 72.2732 36.0581 120
39600 139.73 -312127 64.8714 163111 72.273 72.273 36.058 120
39700 139.571 -312129 -164.363 163107 72.2723 72.2723 36.0577 120
39800 140.828 -312133 93.3984 163090 72.2699 72.2699 36.0564 120
39900 139.209 -312130 527.386 163083 72.2688 72.2688 36.0559 120
40000 139.299 -312129 450.468 163098 72.271 72.271 36.057 120
40100 140.919 -312130 -143.874 163127 72.2753 72.2753 36.0592 120
40200 139.677 -312127 -349.314 163136 72.2767 72.2767 36.0598 120
40300 139.812 -312129 427.662 163102 72.2717 72.2717 36.0573 120
40400 140.281 -312131 81.4173 163065 72.2661 72.2661 36.0546 120
40500 140.732 -312133 447.074 163067 72.2664 72.2664 36.0547 120
40600 138.971 -312129 -310.739 163106 72.2722 72.2722 36.0576 120
40700 140.204 -312130 -138.208 163133 72.2761 72.2761 36.0596 120
40800 140.728 -312130 -845.688 163145 72.2779 72.2779 36.0605 120
40900 141.543 -312132 -863.827 163114 72.2734 72.2734 36.0582 120
41000 140.55 -312132 1028.9 163054 72.2645 72.2645 36.0538 120
41100 139.72 -312132 649.855 163054 72.2645 72.2645 36.0537 120
41200 137.926 -312128 -143.935 163091 72.27 72.27 36.0565 120
41300 140.512 -312131 -308.643 163123 72.2747 72.2747 36.0589 120
41400 139.62 -312127 -332.404 163136 72.2766 72.2766 36.0598 120
41500 140.369 -312128 -208.396 163117 72.2739 72.2739 36.0584 120
41600 140.067 -312130 -16.5728 163079 72.2682 72.2682 36.0556 120
41700 139.008 -312130 522.2 163057 72.2649 72.2649 36.054 120
41800 138.643 -312131 184.796 163087 72.2693 72.2693 36.0562 120
41900 140.004 -312131 -1116.06 163140 72.2772 72.2772 36.0601 120
42000 140.892 -312130 79.9677 163133 72.2761 72.2761 36.0596 120
42100 141.211 -312129 -250.952 163123 72.2747 72.2747 36.0588 120
42200 139.906 -312129 67.7371 163096 72.2707 72.2707 36.0569 120
42300 140.007 -312131 412.824 163061 72.2655 72.2655 36.0543 120
42400 139.866 -312132 91.1222 163073 72.2673 72.2673 36.0552 120
42500 138.003 -312128 -316.041 163121 72.2744 72.2744 36.0587 120
42600 139.22 -312127 -11.7985 163142 72.2774 72.2774 36.0602 120
42700 141.275 -312129 -374.169 163137 72.2768 72.2768 36.0599 120
42800 140.769 -312129 71.0028 163090 72.2698 72.2698 36.0564 120
42900 140.418 -312131 65.29 163037 72.262 72.262 36.0525 120
43000 138.873 -312132 790.1 163038 72.2622 72.2622 36.0526 120
43100 139.372 -312132 -19.2102 163104 72.2719 72.2719 36.0574 120
43200 141.275 -312132 -957.177 163145 72.2779 72.2779 36.0605 120
43300 141.224 -312129 -97.979 163142 72.2775 72.2775 36.0602 120
43400 140.318 -312127 -551.335 163121 72.2744 72.2744 36.0587 120
43500 140.743 -312132 -100.206 163091 72.27 72.27 36.0565 120
43600 140.368 -312134 -91.2837 163062 72.2657 72.2657 36.0544 120
43700 139.502 -312132 394.329 163056 72.2648 72.2648 36.0539 120
43800 140.584 -312132 31.033 163107 72.2723 72.2723 36.0577 120
43900 140.732 -312128 -452.214 163133 72.2761 72.2761 36.0596 120
44000 141.931 -312130 -72.7799 163119 72.2741 72.2741 36.0586 120
44100 141.356 -312131 47.3382 163105 72.2721 72.2721 36.0576 120
44200 139.125 -312130 -95.4974 163105 72.2721 72.2721 36.0575 120
44300 138.644 -312131 -808.376 163111 72.273 72.273 36.058 120
44400 140.814 -312133 163.362 163091 72.2699 72.2699 36.0565 120
44500 140.074 -312128 323.278 163086 72.2692 72.2692 36.0561 120
44600 140.949 -312128 -228.373 163107 72.2723 72.2723 36.0577 120
44700 141.155 -312130 -456.471 163123 72.2746 72.2746 36.0588 120
44800 140.19 -312131 192.058 163108 72.2725 72.2725 36.0578 120
44900 139.425 -312132 297.51 163101 72.2715 72.2715 36.0573 120
45000 138.538 -312130 341.284 163080 72.2683 72.2683 36.0557 120
45100 140.122 -312130 170.151 163076 72.2678 72.2678 36.0554 120
45200 141.235 -312129 -548.903 163104 72.2719 72.2719 36.0574 120
45300 141.388 -312129 453.669 163116 72.2737 72.2737 36.0584 120
45400 141.639 -312133 -453.191 163131 72.2759 72.2759 36.0594 120
45500 139.663 -312132 -494.077 163117 72.2739 72.2739 36.0584 120
45600 138.022 -312129 72.2428 163083 72.2689 72.2689 36.0559 120
45700 140.113 -312132 242.756 163074 72.2675 72.2675 36.0553 120
45800 140.73 -312129 221.787 163100 72.2713 72.2713 36.0571 120
45900 139.952 -312127 -108.123 163133 72.2762 72.2762 36.0596 120
46000 139.383 -312127 -613.262 163155 72.2794 72.2794 36.0612 120
46100 140.25 -312132 -50.6895 163110 72.2727 72.2727 36.0579 120
46200 139.659 -312133 826.293 163052 72.2643 72.2643 36.0537 120
46300 139.382 -312130 83.4527 163070 72.2669 72.2669 36.055 120
46400 140.978 -312131 -298.46 163122 72.2745 72.2745 36.0588 120
46500 140.676 -312128 -301.876 163171 72.2817 72.2817 36.0624 120
46600 141.004 -312130 -721.407 163167 72.2811 72.2811 36.0621 120
46700 139.428 -312130 550.59 163084 72.269 72.269 36.056 120
46800 139.581 -312132 586.74 163034 72.2616 72.2616 36.0523 120
46900 140.22 -312133 423.337 163054 72.2645 72.2645 36.0538 120
47000 139.594 -312130 379.258 163104 72.2718 72.2719 36.0574 120
47100 140.147 -312127 -983.728 163180 72.2831 72.2831 36.063 120
47200 141.704 -312130 -270.706 163204 72.2867 72.2867 36.0648 120
47300 140.24 -312131 -220.268 163150 72.2787 72.2787 36.0608 120
47400 138.98 -312131 478.448 163056 72.2649 72.2649 36.0539 120
47500 140.094 -312134 890.99 163020 72.2595 72.2595 36.0513 120
47600 140.853 -312131 417.8 163055 72.2647 72.2647 36.0539 120
47700 139.873 -312126 -109.868 163136 72.2767 72.2767 36.0598 120
47800 141.18 -312129 -1088.38 163202 72.2864 72.2864 36.0647 120
47900 139.91 -312129 -430.826 163177 72.2827 72.2827 36.0629 120
48000 139.749 -312129 67.2247 163109 72.2727 72.2727 36.0578 120
48100 139.046 -312129 890.199 163055 72.2647 72.2647 36.0539 120
48200 140.328 -312131 -524.219 163071 72.2671 72.2671 36.0551 120
48300 139.064 -312127 378.621 163107 72.2723 72.2723 36.0577 120
48400 141.416 -312130 -138.987 163147 72.2782 72.2782 36.0606 120
48500 141.234 -312129 245.827 163142 72.2775 72.2775 36.0602 120
48600 140.49 -312132 -286.021 163117 72.2739 72.2739 36.0585 120
48700 138.584 -312130 124.035 163098 72.271 72.271 36.057 120
48800 139.52 -312130 -736.077 163111 72.273 72.273 36.058 120
48900 140.499 -312129 -49.0352 163118 72.2739 72.2739 36.0585 120
49000 140.302 -312127 -61.466 163114 72.2734 72.2734 36.0582 120
49100 142.202 -312131 -36.3788 163109 72.2726 72.2726 36.0578 120
49200 140.342 -312133 185.42 163117 72.2739 72.2739 36.0584 120
49300 139.791 -312132 -604.923 163134 72.2764 72.2764 36.0597 120
49400 139.315 -312129 -136.318 163106 72.2722 72.2722 36.0576 120
49500 140.643 -312129 726.607 163079 72.2682 72.2682 36.0556 120
49600 140.419 -312128 22.0858 163107 72.2723 72.2723 36.0577 120
49700 139.442 -312131 -745.305 163159 72.28 72.28 36.0615 120
49800 138.755 -312131 116.668 163156 72.2795 72.2795 36.0613 120
49900 137.899 -312128 -348.194 163138 72.2769 72.2769 36.06 120
50000 140.605 -312132 408.283 163089 72.2697 72.2697 36.0564 120
50100 140.366 -312130 952.896 163073 72.2673 72.2673 36.0552 120
50200 140.609 -312130 112.728 163098 72.2711 72.2711 36.057 120
50300 139.681 -312130 251.908 163119 72.2741 72.2741 36.0585 120
50400 138.695 -312132 -677.692 163147 72.2782 72.2782 36.0606 120
50500 139.078 -312132 -319.756 163136 72.2766 72.2766 36.0598 120
50600 139.275 -312129 -263.641 163122 72.2745 72.2745 36.0588 120
50700 140.382 -312129 83.0026 163104 72.2719 72.2719 36.0574 120
50800 140.085 -312129 171.436 163097 72.2709 72.2709 36.057 120
50900 138.461 -312129 245.758 163101 72.2714 72.2714 36.0572 120
51000 137.604 -312131 361.936 163121 72.2744 72.2744 36.0587 120
51100 138.926 -312134 -519.51 163140 72.2772 72.2772 36.0601 120
51200 139.333 -312130 -278.404 163129 72.2755 72.2755 36.0593 120
51300 140.278 -312131 309.71 163102 72.2716 72.2716 36.0573 120
51400 139.778 -312129 -78.0725 163096 72.2707 72.2707 36.0569 120
51500 141.255 -312131 -477.856 163119 72.2742 72.2742 36.0586 120
51600 140.368 -312130 -211.607 163133 72.2762 72.2762 36.0596 120
51700 139.353 -312131 122.081 163126 72.2752 72.2752 36.0591 120
51800 138.938 -312132 284.04 163104 72.2719 72.2719 36.0575 120
51900 139.608 -312131 -75.9409 163097 72.2709 72.2709 36.0569 120
52000 140.971 -312129 777.408 163098 72.271 72.271 36.057 120
52100 139.605 -312127 -325.472 163129 72.2756 72.2756 36.0593 120
52200 140.51 -312132 -329.002 163133 72.2762 72.2762 36.0596 120
52300 139.95 -312133 692.309 163122 72.2745 72.2745 36.0588 120
52400 139.293 -312132 -55.0477 163134 72.2763 72.2763 36.0597 120
52500 141.775 -312132 -57.8545 163134 72.2764 72.2764 36.0597 120
52600 140.907 -312129 -349.223 163116 72.2736 72.2736 36.0583 120
52700 140.883 -312130 -4.46552 163076 72.2678 72.2678 36.0554 120
52800 139.273 -312130 623.379 163073 72.2674 72.2674 36.0552 120
52900 138.954 -312130 -192.626 163116 72.2736 72.2736 36.0583 120
53000 139.859 -312131 -754.679 163170 72.2817 72.2817 36.0623 120
53100 140.514 -312128 -346.444 163167 72.2813 72.2813 36.0621 120
53200 140.711 -312126 205.129 163127 72.2753 72.2753 36.0591 120
53300 141.678 -312131 -203.301 163099 72.2712 72.2712 36.0571 120
53400 141.661 -312134 259.91 163093 72.2703 72.2703 36.0567 120
53500 138.196 -312129 186.304 163099 72.2711 72.2711 36.0571 120
53600 139.632 -312131 496.208 163109 72.2726 72.2726 36.0578 120
53700 140.238 -312128 -553.361 163117 72.2738 72.2738 36.0584 120
53800 141.191 -312128 -96.8288 163104 72.2719 72.2719 36.0575 120
53900 140.819 -312129 74.9977 163113 72.2732 72.2732 36.0581 120
54000 138.963 -312128 -270.553 163150 72.2787 72.2787 36.0609 120
54100 140.309 -312131 -139.137 163163 72.2806 72.2806 36.0618 120
54200 139.973 -312131 2.97045 163125 72.275 72.275 36.059 120
54300 141.969 -312132 -95.7746 163064 72.2659 72.2659 36.0545 120
54400 141.754 -312129 670.824 163029 72.2608 72.2608 36.0519 120
54500 142.201 -312130 -144.04 163076 72.2678 72.2678 36.0554 120
54600 140.476 -312130 -137.524 163151 72.2788 72.2788 36.0609 120
54700 140.301 -312130 -1594.22 163215 72.2882 72.2882 36.0656 120
54800 140.46 -312132 -795.831 163182 72.2835 72.2835 36.0632 120
54900 141.275 -312132 1061.47 163075 72.2676 72.2676 36.0553 120
55000 140.498 -312128 616.496 163030 72.261 72.261 36.052 120
55100 141.082 -312128 840.683 163038 72.2622 72.2622 36.0526 120
55200 140.338 -312130 207.789 163115 72.2736 72.2736 36.0583 120
55300 139.56 -312130 -220.399 163190 72.2847 72.2847 36.0638 120
55400 138.947 -312129 3.74894 163190 72.2846 72.2846 36.0638 120
55500 140.115 -312129 -271.64 163132 72.2761 72.2761 36.0595 120
55600 140.084 -312126 156.696 163065 72.2662 72.2662 36.0546 120
55700 140.502 -312129 512.878 163044 72.263 72.263 36.053 120
55800 138.563 -312131 233.494 163080 72.2683 72.2683 36.0557 120
55900 139.232 -312131 -34.5814 163136 72.2766 72.2766 36.0598 120
56000 138.586 -312127 -401.129 163169 72.2816 72.2816 36.0623 120
56100 140.993 -312130 -297.761 163147 72.2783 72.2783 36.0606 120
56200 140.638 -312129 161.135 163077 72.2679 72.2679 36.0555 120
56300 139.65 -312129 809.14 163043 72.2628 72.2628 36.0529 120
56400 139.594 -312131 -77.7884 163085 72.2691 72.2691 36.056 120
56500 139.098 -312135 -511.691 163132 72.276 72.276 36.0595 120
56600 138.636 -312135 -514.944 163142 72.2775 72.2775 36.0603 120
56700 139.041 -312131 -94.0818 163112 72.2731 72.2731 36.058 120
56800 140.233 -312130 47.8238 163080 72.2683 72.2683 36.0557 120
56900 140.902 -312130 183.955 163078 72.2681 72.2681 36.0556 120
57000 140.108 -312128 -322.69 163102 72.2716 72.2716 36.0573 120
57100 139.139 -312130 -529.169 163126 72.2752 72.2752 36.0591 120
57200 139.334 -312133 -116.199 163118 72.2739 72.2739 36.0585 120
57300 139.474 -312132 370.134 163098 72.271 72.271 36.057 120
57400 140.412 -312131 -24.2831 163099 72.2711 72.2711 36.0571 120
57500 139.928 -312129 233.578 163102 72.2717 72.2717 36.0573 120
57600 138.878 -312127 -301.469 163115 72.2735 72.2735 36.0583 120
57700 139.167 -312129 -235.839 163109 72.2726 72.2726 36.0578 120
57800 139.707 -312131 478.417 163090 72.2699 72.2699 36.0565 120
57900 137.762 -312130 40.8481 163109 72.2727 72.2727 36.0579 120
58000 139.64 -312132 -268.897 163142 72.2775 72.2775 36.0602 120
58100 140.49 -312129 -439.92 163146 72.2781 72.2781 36.0606 120
58200 142.371 -312132 176.517 163099 72.2712 72.2712 36.0571 120
58300 140.734 -312131 224.845 163069 72.2667 72.2667 36.0549 120
58400 140.028 -312131 194.307 163092 72.2701 72.2701 36.0566 120
58500 139.259 -312131 178.346 163133 72.2761 72.2761 36.0596 120
58600 141.289 -312132 -769.75 163148 72.2783 72.2783 36.0607 120
58700 142.295 -312129 -275.793 163112 72.273 72.273 36.058 120
58800 140.612 -312128 546.848 163074 72.2674 72.2674 36.0552 120
58900 138.317 -312128 204.122 163069 72.2667 72.2667 36.0549 120
59000 141.014 -312134 -131.73 163086 72.2693 72.2693 36.0561 120
59100 139.072 -312130 -199.486 163112 72.2731 72.2731 36.0581 120
59200 141.456 -312130 -304.919 163124 72.2748 72.2748 36.0589 120
59300 140.995 -312128 -419.639 163120 72.2742 72.2742 36.0586 120
59400 138.671 -312125 -100.628 163107 72.2723 72.2723 36.0577 120
59500 140.446 -312130 -385.682 163108 72.2724 72.2724 36.0577 120
59600 139.001 -312128 -342.089 163122 72.2746 72.2746 36.0588 120
59700 138.272 -312128 448.347 163134 72.2763 72.2763 36.0596 120
59800 138.392 -312129 -853.306 163136 72.2766 72.2766 36.0598 120
59900 141.278 -312132 213.997 163098 72.271 72.271 36.057 120
60000 140.982 -312129 22.0697 163075 72.2676 72.2676 36.0553 120
60100 142.213 -312132 18.1489 163086 72.2692 72.2692 36.0561 120
60200 139.16 -312130 -305.928 163117 72.2738 72.2738 36.0584 120
60300 139.371 -312132 -242.046 163134 72.2764 72.2764 36.0597 120
60400 140.124 -312132 36.4482 163125 72.275 72.275 36.059 120
60500 139.964 -312130 -17.7493 163116 72.2736 72.2736 36.0583 120
60600 142.355 -312131 132.419 163084 72.2689 72.2689 36.056 120
60700 142.305 -312128 449.661 163056 72.2648 72.2648 36.0539 120
60800 141.295 -312129 34.4882 163090 72.2699 72.2699 36.0565 120
60900 140.076 -312130 97.6604 163151 72.2788 72.2788 36.0609 120
61000 139.494 -312131 -783.102 163195 72.2853 72.2853 36.0642 120
61100 139.304 -312132 -754.801 163175 72.2823 72.2823 36.0627 120
61200 140.673 -312134 341.754 163101 72.2715 72.2715 36.0573 120
61300 141.05 -312131 690.761 163060 72.2654 72.2654 36.0542 120
61400 140.644 -312130 365.89 163082 72.2687 72.2687 36.0558 120
61500 140.603 -312131 -54.1528 163124 72.2749 72.2749 36.059 120
61600 139.761 -312131 -693.158 163146 72.2781 72.2781 36.0605 120
61700 140.504 -312133 350.397 163128 72.2754 72.2754 36.0592 120
61800 139.928 -312131 535.394 163108 72.2724 72.2724 36.0577 120
61900 141.076 -312132 12.8358 163113 72.2733 72.2733 36.0581 120
62000 140.428 -312130 -63.7483 163116 72.2736 72.2736 36.0583 120
62100 140.003 -312129 -596.757 163121 72.2744 72.2744 36.0587 120
62200 139.616 -312132 123.807 163127 72.2752 72.2752 36.0591 120
62300 138.735 -312132 253.956 163117 72.2737 72.2737 36.0584 120
62400 140.557 -312134 150.16 163118 72.2739 72.2739 36.0585 120
62500 141.084 -312131 -558.943 163153 72.2791 72.2791 36.061 120
62600 140.122 -312128 -158.691 163163 72.2806 72.2806 36.0618 120
62700 141.999 -312133 -419.49 163154 72.2793 72.2793 36.0612 120
62800 139.5 -312131 56.8936 163109 72.2727 72.2727 36.0579 120
62900 140.398 -312134 676.096 163084 72.2689 72.269 36.056 120
63000 138.718 -312131 -282.769 163106 72.2722 72.2722 36.0576 120
63100 139.496 -312132 -804.524 163143 72.2776 72.2776 36.0603 120
63200 141.612 -312133 -309.952 163134 72.2763 72.2763 36.0597 120
63300 143.003 -312134 -255.757 163113 72.2732 72.2732 36.0581 120
63400 140.323 -312131 -197.903 163092 72.2701 72.2701 36.0566 120
63500 140.109 -312135 647.205 163076 72.2677 72.2677 36.0554 120
63600 139.331 -312133 -183.425 163103 72.2717 72.2717 36.0574 120
63700 140.212 -312133 258.765 163138 72.2769 72.2769 36.06 120
63800 140.056 -312131 -852.12 163176 72.2826 72.2826 36.0628 120
63900 140.128 -312131 -419.8 163148 72.2784 72.2784 36.0607 120
64000 140.452 -312132 175.665 163094 72.2704 72.2704 36.0567 120
64100 139.827 -312131 744.243 163074 72.2675 72.2675 36.0553 120
64200 140.642 -312133 -214.767 163098 72.2709 72.2709 36.057 120
64300 139.608 -312131 126.653 163140 72.2771 72.2771 36.0601 120
64400 139.662 -312131 -924.35 163184 72.2837 72.2837 36.0634 120
64500 139.562 -312131 -1025.59 163174 72.2822 72.2822 36.0626 120
64600 137.976 -312128 347.702 163107 72.2723 72.2723 36.0576 120
64700 139.272 -312130 543.39 163069 72.2667 72.2667 36.0549 120
64800 139.763 -312130 195.228 163090 72.2698 72.2698 36.0564 120
64900 139.486 -312130 -524.568 163126 72.2751 72.2751 36.0591 120
65000 139.775 -312133 357.633 163123 72.2747 72.2747 36.0589 120
65100 139.083 -312133 -408.22 163139 72.277 72.277 36.06 120
65200 139.304 -312133 164.626 163131 72.2759 72.2759 36.0595 120
65300 141.275 -312132 146.634 163119 72.2741 72.2741 36.0586 120
65400 140.451 -312130 894.557 163102 72.2717 72.2717 36.0573 120
65500 140.078 -312131 191.791 163110 72.2728 72.2728 36.0579 120
65600 138.904 -312132 724.222 163129 72.2756 72.2756 36.0593 120
65700 139.492 -312133 -25.0029 163171 72.2817 72.2817 36.0624 120
65800 139.927 -312133 -91.8843 163185 72.2839 72.2839 36.0634 120
65900 140.211 -312132 59.0254 163155 72.2794 72.2794 36.0612 120
66000 139.987 -312130 -236.061 163102 72.2716 72.2716 36.0573 120
66100 140.714 -312131 382.995 163069 72.2668 72.2668 36.0549 120
66200 139.462 -312130 47.7514 163086 72.2693 72.2693 36.0562 120
66300 139.447 -312133 109.366 163118 72.2739 72.2739 36.0585 120
66400 139.449 -312134 -208.123 163143 72.2777 72.2777 36.0604 120
66500 140.601 -312133 -511.321 163144 72.2778 72.2778 36.0604 120
66600 141.43 -312132 329.738 163122 72.2745 72.2745 36.0588 120
66700 140.964 -312132 289.152 163101 72.2714 72.2714 36.0572 120
66800 139.513 -312131 262.388 163108 72.2725 72.2725 36.0578 120
66900 140.324 -312134 -247.599 163146 72.2781 72.2781 36.0606 120
67000 139.646 -312134 -476.274 163152 72.279 72.279 36.061 120
67100 140.478 -312134 192.053 163128 72.2754 72.2754 36.0592 120
67200 139.961 -312129 678.974 163121 72.2744 72.2744 36.0587 120
67300 141.378 -312131 3.35659 163135 72.2765 72.2765 36.0598 120
67400 140.038 -312133 118.243 163157 72.2797 72.2797 36.0613 120
67500 140.211 -312134 -844.529 163168 72.2814 72.2814 36.0622 120
67600 138.891 -312133 -132.522 163131 72.2758 72.2758 36.0594 120
67700 139.581 -312132 23.7395 163079 72.2683 72.2683 36.0556 120
67800 140.863 -312131 658.559 163067 72.2665 72.2665 36.0547 120
67900 141.987 -312128 652.349 163105 72.2721 72.2721 36.0576 120
68000 141.107 -312129 -778.385 163178 72.2828 72.2828 36.0629 120
68100 140.559 -312132 -150.278 163184 72.2838 72.2838 36.0634 120
68200 140.243 -312134 581.353 163152 72.279 72.279 36.061 120
68300 139.295 -312134 18.1734 163105 72.272 72.272 36.0575 120
68400 139.321 -312134 1056.9 163078 72.268 72.268 36.0555 120
68500 140.054 -312132 117.41 163099 72.2711 72.2711 36.0571 120
68600 142.04 -312133 -802.87 163135 72.2764 72.2764 36.0597 120
68700 140.899 -312131 -112.188 163139 72.2771 72.2771 36.0601 120
68800 139.935 -312134 -131.145 163137 72.2767 72.2767 36.0599 120
68900 138.682 -312131 -54.2337 163128 72.2754 72.2754 36.0592 120
69000 139.126 -312132 102.283 163127 72.2752 72.2752 36.0591 120
69100 140.975 -312133 -55.917 163139 72.277 72.277 36.06 120
69200 141.387 -312131 -347.546 163148 72.2784 72.2784 36.0607 120
69300 140.034 -312127 -93.8494 163127 72.2753 72.2753 36.0592 120
69400 141.694 -312136 434.025 163122 72.2746 72.2746 36.0588 120
69500 139.919 -312134 38.188 163139 72.2771 72.2771 36.0601 120
69600 138.928 -312132 -121.184 163154 72.2793 72.2793 36.0612 120
69700 139.443 -312132 -77.804 163163 72.2806 72.2806 36.0618 120
69800 140.112 -312131 -286.362 163149 72.2786 72.2786 36.0608 120
69900 141.434 -312131 173.212 163119 72.274 72.274 36.0585 120
70000 143.021 -312136 -195.901 163106 72.2722 72.2722 36.0576 120
70100 140.027 -312135 128.859 163130 72.2757 72.2757 36.0594 120
70200 138.615 -312132 -247.757 163167 72.2812 72.2812 36.0621 120
70300 140.483 -312134 -684.859 163171 72.2818 72.2818 36.0624 120
70400 141.247 -312133 -255.822 163122 72.2746 72.2746 36.0588 120
70500 140.51 -312131 777.86 163078 72.268 72.268 36.0555 120
70600 140.011 -312133 535.151 163089 72.2696 72.2696 36.0563 120
70700 139.944 -312136 -260.909 163144 72.2778 72.2778 36.0604 120
70800 138.886 -312134 -112.066 163183 72.2836 72.2836 36.0633 120
70900 139.344 -312132 -481.344 163178 72.2828 72.2828 36.0629 120
71000 140.589 -312131 205.602 163121 72.2744 72.2744 36.0587 120
71100 140.608 -312132 -27.7165 163085 72.2691 72.2691 36.0561 120
71200 141.079 -312135 490.703 163094 72.2704 72.2704 36.0567 120
71300 140.603 -312134 -4.54457 163148 72.2783 72.2783 36.0607 120
71400 139.074 -312132 -815.297 163193 72.285 72.285 36.064 120
71500 139.964 -312135 -215.508 163163 72.2806 72.2806 36.0618 120
71600 140.347 -312135 162.678 163120 72.2742 72.2742 36.0586 120
71700 139.782 -312133 936.37 163114 72.2734 72.2734 36.0582 120
71800 140.833 -312133 81.536 163135 72.2764 72.2764 36.0597 120
71900 141.175 -312134 23.8643 163157 72.2798 72.2798 36.0614 120
72000 139.789 -312135 388.183 163160 72.2801 72.2801 36.0616 120
72100 140.122 -312137 -338.691 163162 72.2805 72.2805 36.0617 120
72200 140.552 -312136 67.6241 163146 72.2781 72.2781 36.0606 120
72300 139.921 -312133 465.483 163121 72.2744 72.2744 36.0587 120
72400 140.653 -312134 -8.37747 163128 72.2754 72.2754 36.0592 120
72500 140.61 -312134 -88.7239 163169 72.2815 72.2815 36.0623 120
72600 139.071 -312132 -671.652 163192 72.2849 72.2849 36.0639 120
72700 139.005 -312134 506.92 163155 72.2794 72.2794 36.0612 120
72800 137.901 -312134 308.587 163118 72.2739 72.2739 36.0585 120
72900 137.862 -312135 756.305 163118 72.2739 72.2739 36.0585 120
73000 138.369 -312132 -93.7673 163156 72.2796 72.2796 36.0613 120
73100 140.182 -312132 -135.488 163186 72.2839 72.2839 36.0635 120
73200 140.564 -312133 -441.694 163188 72.2842 72.2842 36.0636 120
73300 141.403 -312138 -140.756 163158 72.2799 72.2799 36.0614 120
73400 139.1 -312137 435.601 163111 72.2729 72.2729 36.058 120
73500 139.507 -312137 856.664 163095 72.2705 72.2705 36.0568 120
73600 138.963 -312134 -59.3304 163135 72.2765 72.2765 36.0598 120
73700 139.273 -312133 -888.452 163186 72.284 72.284 36.0635 120
73800 139.338 -312131 -713.625 163194 72.2851 72.2851 36.0641 120
73900 140.407 -312132 -335.17 163160 72.2802 72.2802 36.0616 120
74000 139.847 -312132 441.459 163115 72.2735 72.2735 36.0583 120
74100 139.942 -312136 468.28 163095 72.2706 72.2706 36.0568 120
74200 138.28 -312135 -276.598 163121 72.2744 72.2744 36.0587 120
74300 139.876 -312135 -37.4331 163157 72.2798 72.2798 36.0614 120
74400 138.474 -312130 -780.53 163202 72.2863 72.2863 36.0647 120
74500 140.52 -312133 -596.142 163200 72.2861 72.2861 36.0645 120
74600 140.057 -312134 115.065 163157 72.2798 72.2798 36.0614 120
74700 141.168 -312137 189.807 163122 72.2745 72.2745 36.0587 120
74800 137.904 -312134 -186.476 163108 72.2726 72.2726 36.0578 120
74900 139.763 -312139 852.788 163104 72.272 72.272 36.0575 120
75000 138.817 -312134 24.6012 163137 72.2768 72.2768 36.0599 120
75100 139.738 -312132 89.7361 163170 72.2817 72.2817 36.0623 120
75200 141.068 -312134 -1127.9 163189 72.2845 72.2845 36.0638 120
75300 139.867 -312133 9.43629 163144 72.2778 72.2778 36.0604 120
75400 139.21 -312135 -340.238 163099 72.2711 72.2711 36.0571 120
75500 137.725 -312135 600.172 163072 72.2672 72.2672 36.0551 120
75600 140.523 -312137 315.216 163105 72.2721 72.2721 36.0576 120
75700 139.936 -312132 -467.896 163206 72.287 72.287 36.065 120
75800 140.725 -312133 -431.636 163240 72.292 72.292 36.0675 120
75900 140.351 -312135 539.881 163171 72.2818 72.2818 36.0624 120
76000 140.182 -312138 410.592 163091 72.27 72.27 36.0565 120
76100 139.755 -312138 890.389 163070 72.2669 72.2669 36.055 120
76200 140.007 -312134 459.651 163122 72.2745 72.2745 36.0588 120
76300 141.482 -312134 -338.442 163164 72.2808 72.2808 36.0619 120
76400 140.433 -312133 -906.529 163177 72.2827 72.2827 36.0629 120
76500 139.507 -312134 160.871 163155 72.2795 72.2795 36.0612 120
76600 139.039 -312135 125.277 163142 72.2775 72.2775 36.0603 120
76700 140.077 -312137 -82.0559 163119 72.2742 72.2742 36.0586 120
76800 139.624 -312135 633.893 163100 72.2713 72.2713 36.0572 120
76900 140.622 -312136 -720.253 163132 72.2761 72.2761 36.0595 120
77000 139.965 -312134 -673.412 163163 72.2806 72.2806 36.0618 120
77100 140.281 -312134 176.572 163161 72.2803 72.2803 36.0617 120
77200 140.336 -312136 60.0805 163140 72.2772 72.2772 36.0601 120
77300 140.167 -312137 741.946 163116 72.2737 72.2737 36.0583 120
77400 138.504 -312133 165.135 163131 72.2759 72.2759 36.0595 120
77500 140.472 -312135 -56.8078 163159 72.2799 72.2799 36.0615 120
77600 140.559 -312132 -579.704 163176 72.2825 72.2825 36.0627 120
77700 141.269 -312132 141.829 163155 72.2794 72.2794 36.0612 120
77800 139.374 -312134 62.1887 163120 72.2742 72.2742 36.0586 120
77900 139.309 -312136 -12.5094 163104 72.2719 72.2719 36.0575 120
78000 140.021 -312136 -248.611 163131 72.2758 72.2758 36.0594 120
78100 140.674 -312134 -467.312 163156 72.2796 72.2796 36.0613 120
78200 140.615 -312132 517.278 163134 72.2763 72.2763 36.0596 120
78300 140.182 -312133 -135.595 163118 72.274 72.274 36.0585 120
78400 139.368 -312136 221.49 163124 72.2748 72.2748 36.0589 120
78500 138.497 -312134 -8.15584 163135 72.2765 72.2765 36.0598 120
78600 139.856 -312135 -895.982 163149 72.2785 72.2785 36.0608 120
78700 140.461 -312133 102.963 163147 72.2782 72.2782 36.0606 120
78800 138.592 -312130 -499.363 163133 72.2761 72.2761 36.0596 120
78900 139.914 -312136 329.784 163101 72.2714 72.2714 36.0572 120
79000 139.054 -312137 -164.329 163132 72.2761 72.2761 36.0596 120
79100 139.251 -312136 -293.607 163166 72.281 72.281 36.062 120
79200 139.172 -312132 139.745 163165 72.2808 72.2808 36.0619 120
79300 141.044 -312135 -244.986 163163 72.2806 72.2806 36.0618 120
79400 139.918 -312134 -384.576 163139 72.2771 72.2771 36.06 120
79500 140.282 -312138 78.1377 163111 72.2729 72.2729 36.0579 120
79600 137.715 -312136 922.467 163099 72.2712 72.2712 36.0571 120
79700 138.649 -312135 330.408 163120 72.2742 72.2742 36.0586 120
79800 140.49 -312136 53.1453 163150 72.2788 72.2788 36.0609 120
79900 139.804 -312133 -216.292 163180 72.2831 72.2831 36.0631 120
80000 140.402 -312135 -544.674 163178 72.2829 72.2829 36.0629 120
80100 140.579 -312136 353.396 163119 72.2742 72.2742 36.0586 120
80200 137.813 -312135 384.987 163061 72.2655 72.2655 36.0543 120
80300 139.093 -312138 270.681 163051 72.2641 72.2641 36.0536 120
80400 140.18 -312136 176.108 163102 72.2716 72.2716 36.0573 120
80500 141.068 -312134 -782.296 163202 72.2864 72.2864 36.0647 120
80600 140.763 -312134 -404.28 163247 72.2929 72.2929 36.068 120
80700 139.657 -312134 -502.224 163222 72.2893 72.2893 36.0661 120
80800 138.189 -312135 268.073 163123 72.2748 72.2748 36.0589 120
80900 138.201 -312139 1162.54 163016 72.2589 72.2589 36.051 120
81000 138.22 -312140 996.887 163011 72.2581 72.2581 36.0506 120
81100 139.708 -312137 116.951 163119 72.2741 72.2741 36.0586 120
81200 139.611 -312134 -830.648 163235 72.2912 72.2912 36.0671 120
81300 139.873 -312132 -1513.24 163239 72.2918 72.2918 36.0674 120
81400 140.777 -312134 217.201 163145 72.2779 72.2779 36.0605 120
81500 139.527 -312135 742.365 163067 72.2664 72.2664 36.0547 120
81600 138.444 -312137 640.939 163063 72.2658 72.2658 36.0544 120
81700 138.435 -312135 377.793 163127 72.2753 72.2753 36.0591 120
81800 140.001 -312136 -561.849 163200 72.2861 72.2861 36.0646 120
81900 138.753 -312133 -581.09 163210 72.2875 72.2875 36.0653 120
82000 140.837 -312136 -874.111 163158 72.2799 72.2799 36.0615 120
82100 141.19 -312137 395.265 163074 72.2675 72.2675 36.0553 120
82200 139.498 -312135 1479.84 163037 72.262 72.262 36.0525 120
82300 138.56 -312136 -438.172 163111 72.2729 72.2729 36.058 120
82400 138.722 -312136 -638.744 163189 72.2845 72.2845 36.0638 120
82500 140.395 -312134 -650.621 163219 72.2889 72.2889 36.0659 120
82600 140.773 -312135 174.847 163156 72.2796 72.2796 36.0613 120
82700 140.09 -312134 313.194 163077 72.268 72.268 36.0555 120
82800 140.78 -312138 552.207 163052 72.2642 72.2642 36.0536 120
82900 138.197 -312137 105.499 163100 72.2713 72.2713 36.0572 120
83000 136.677 -312136 -214.326 163178 72.2828 72.2828 36.0629 120
83100 138.416 -312135 -744.362 163218 72.2888 72.2888 36.0659 120
83200 140.342 -312134 -462.945 163187 72.2841 72.2841 36.0635 120
83300 141.249 -312136 624.242 163122 72.2746 72.2746 36.0588 120
83400 141.052 -312135 -4.43653 163099 72.2711 72.2711 36.0571 120
83500 138.973 -312136 360.105 163082 72.2687 72.2687 36.0558 120
83600 138.892 -312137 -43.3956 163102 72.2716 72.2716 36.0573 120
83700 139.131 -312135 620.682 163141 72.2774 72.2774 36.0602 120
83800 140.939 -312133 -118.592 163180 72.2832 72.2832 36.0631 120
83900 139.478 -312131 65.3432 163197 72.2856 72.2856 36.0643 120
84000 140.175 -312135 -107.497 163192 72.2849 72.2849 36.064 120
84100 139.88 -312137 -41.37 163146 72.2781 72.2781 36.0605 120
84200 140.383 -312138 939.198 163061 72.2655 72.2655 36.0543 120
84300 140.978 -312134 672.231 163045 72.2631 72.2631 36.0531 120
84400 141.811 -312134 75.5775 163119 72.2741 72.2741 36.0586 120
84500 139.745 -312132 -302.738 163207 72.2871 72.2871 36.065 120
84600 139.638 -312135 -890.569 163229 72.2903 72.2903 36.0667 120
84700 139.506 -312135 -92.9805 163158 72.2799 72.2799 36.0615 120
84800 139.463 -312136 988.47 163075 72.2676 72.2676 36.0553 120
84900 141.191 -312135 559.702 163064 72.266 72.266 36.0545 120
85000 140.709 -312132 370.588 163104 72.2719 72.2719 36.0574 120
85100 140.064 -312133 126.439 163156 72.2796 72.2796 36.0613 120
85200 139.94 -312136 -664.932 163191 72.2848 72.2848 36.0639 120
85300 139.184 -312135 -33.7476 163160 72.2801 72.2801 36.0615 120
85400 139.48 -312135 -112.451 163104 72.272 72.272 36.0575 120
85500 141.017 -312136 432.11 163066 72.2663 72.2663 36.0547 120
85600 141.394 -312134 415.666 163103 72.2717 72.2717 36.0574 120
85700 140.834 -312132 -296.101 163175 72.2824 72.2824 36.0627 120
85800 139.691 -312135 -1115.24 163222 72.2893 72.2893 36.0661 120
85900 140.204 -312137 -470.038 163179 72.283 72.283 36.063 120
86000 139.78 -312136 136.175 163100 72.2713 72.2713 36.0572 120
86100 139.93 -312135 241.191 163066 72.2663 72.2663 36.0546 120
86200 141.232 -312134 44.2521 163106 72.2722 72.2722 36.0576 120
86300 142.165 -312135 375.111 163165 72.2809 72.2809 36.0619 120
86400 139.57 -312134 -682.03 163210 72.2876 72.2876 36.0653 120
86500 139.516 -312137 -267.836 163200 72.2861 72.2861 36.0646 120
86600 138.886 -312135 -552.993 163140 72.2772 72.2772 36.0601 120
86700 139.681 -312135 293.765 163070 72.2668 72.2668 36.0549 120
86800 141.12 -312134 628.774 163076 72.2677 72.2677 36.0554 120
86900 140.609 -312133 -38.9213 163160 72.2801 72.2801 36.0615 120
87000 139.23 -312137 -289.125 163205 72.2868 72.2868 36.0649 120
87100 139.13 -312136 -534.411 163192 72.2849 72.2849 36.0639 120
87200 140.187 -312137 -524.273 163144 72.2779 72.2779 36.0604 120
87300 139.888 -312134 791.45 163071 72.267 72.267 36.055 120
87400 140.572 -312135 521.806 163048 72.2636 72.2636 36.0533 120
87500 140.195 -312137 -161.041 163104 72.2719 72.2719 36.0575 120
87600 140.786 -312141 -717.246 163180 72.2831 72.2831 36.0631 120
87700 139.484 -312137 -651.581 163216 72.2885 72.2885 36.0657 120
87800 141.134 -312138 4.71972 163186 72.284 72.284 36.0635 120
87900 140.275 -312135 179.117 163128 72.2755 72.2755 36.0592 120
88000 139.783 -312135 -141.034 163099 72.2712 72.2712 36.0571 120
88100 139.286 -312135 188.489 163105 72.2721 72.2721 36.0576 120
88200 140.564 -312138 -90.1298 163150 72.2787 72.2787 36.0609 120
88300 138.531 -312137 -706.46 163197 72.2856 72.2856 36.0643 120
88400 138.276 -312137 -208.314 163204 72.2867 72.2867 36.0648 120
88500 139.543 -312137 -71.0581 163158 72.2799 72.2799 36.0615 120
88600 139.865 -312134 141.485 163106 72.2722 72.2722 36.0576 120
88700 140.808 -312136 69.0277 163090 72.2698 72.2698 36.0564 120
88800 138.442 -312133 883.348 163101 72.2714 72.2714 36.0572 120
88900 138.461 -312137 106.691 163143 72.2776 72.2776 36.0603 120
89000 139.175 -312140 -231.256 163169 72.2815 72.2815 36.0622 120
89100 139.205 -312137 -575.658 163164 72.2808 72.2808 36.0619 120
89200 139.987 -312137 -42.5725 163147 72.2782 72.2782 36.0606 120
89300 140.265 -312136 678.765 163119 72.2741 72.2741 36.0586 120
89400 140.615 -312135 -97.7546 163131 72.2759 72.2759 36.0594 120
89500 141.265 -312137 111.832 163148 72.2783 72.2783 36.0607 120
89600 139.677 -312137 -351.634 163148 72.2784 72.2784 36.0607 120
89700 139.054 -312138 469.155 163166 72.281 72.281 36.062 120
89800 140.111 -312137 -22.5194 163178 72.2828 72.2828 36.0629 120
89900 139.848 -312133 -3.63773 163154 72.2793 72.2793 36.0611 120
90000 140.291 -312134 -702.802 163116 72.2737 72.2737 36.0584 120
90100 140.472 -312136 857.848 163090 72.2698 72.2698 36.0564 120
90200 138.762 -312135 280.15 163133 72.2762 72.2762 36.0596 120
90300 138.407 -312135 -674.243 163194 72.2852 72.2852 36.0641 120
90400 138.881 -312137 -240.96 163193 72.285 72.285 36.064 120
90500 139.267 -312137 -598.044 163146 72.2781 72.2781 36.0606 120
90600 140.614 -312136 1117.2 163072 72.2672 72.2672 36.0551 120
90700 140.961 -312135 853.791 163072 72.2672 72.2672 36.0551 120
90800 141.529 -312137 -379.085 163153 72.2791 72.2791 36.0611 120
90900 139.305 -312137 -923.281 163216 72.2885 72.2885 36.0657 120
91000 140.076 -312139 -685.321 163213 72.288 72.288 36.0655 120
91100 138.819 -312136 -412.543 163165 72.2809 72.2809 36.0619 120
91200 140.612 -312138 22.4353 163110 72.2727 72.2727 36.0579 120
91300 140.701 -312137 539.76 163069 72.2667 72.2667 36.0549 120
91400 140.831 -312137 532.111 163093 72.2703 72.2703 36.0567 120
91500 140.895 -312137 -321.702 163180 72.2831 72.2831 36.063 120
91600 139.73 -312136 -606.878 163241 72.2922 72.2922 36.0676 120
91700 139.634 -312139 -948.473 163213 72.2879 72.2879 36.0655 120
91800 139.62 -312139 458.618 163127 72.2752 72.2752 36.0591 120
91900 139.569 -312136 701.478 163074 72.2675 72.2675 36.0553 120
92000 140.714 -312136 204.638 163073 72.2673 72.2673 36.0552 120
92100 140.499 -312136 172.558 163126 72.2751 72.2751 36.0591 120
92200 138.375 -312133 426.29 163185 72.2838 72.2838 36.0634 120
92300 138.631 -312138 -550.135 163206 72.287 72.287 36.065 120
92400 137.941 -312137 2.39759 163178 72.2828 72.2828 36.0629 120
92500 140.548 -312138 114.101 163141 72.2773 72.2773 36.0602 120
92600 140.355 -312137 473.007 163118 72.2739 72.2739 36.0585 120
92700 139.918 -312135 -152.089 163117 72.2738 72.2738 36.0584 120
92800 139.747 -312134 -460.634 163119 72.2741 72.2741 36.0586 120
92900 138.541 -312132 508.987 163137 72.2768 72.2768 36.0599 120
93000 139.56 -312136 -555.733 163162 72.2804 72.2804 36.0617 120
93100 138.518 -312136 -582.176 163151 72.2788 72.2788 36.0609 120
93200 138.986 -312137 -355.697 163139 72.2771 72.2771 36.06 120
93300 141.398 -312138 -183.545 163132 72.2761 72.2761 36.0596 120
93400 141.923 -312136 114.56 163142 72.2775 72.2775 36.0602 120
93500 141.25 -312137 487.828 163126 72.2751 72.2751 36.0591 120
93600 140.207 -312137 962.989 163104 72.2719 72.2719 36.0575 120
93700 139.539 -312138 -196.844 163126 72.2751 72.2751 36.0591 120
93800 139.655 -312137 317.032 163139 72.2771 72.2771 36.06 120
93900 140.691 -312135 -261.112 163175 72.2824 72.2824 36.0627 120
94000 140.612 -312133 -910.297 163184 72.2837 72.2837 36.0634 120
94100 140.127 -312134 467.658 163132 72.2761 72.2761 36.0595 120
94200 138.567 -312135 135.722 163103 72.2718 72.2718 36.0574 120
94300 138.296 -312135 -439.849 163114 72.2733 72.2733 36.0582 120
94400 140.364 -312137 108.213 163121 72.2744 72.2744 36.0587 120
94500 141.431 -312136 584.728 163132 72.276 72.276 36.0595 120
94600 142.568 -312134 30.2132 163161 72.2803 72.2803 36.0617 120
94700 140.571 -312128 -365.782 163171 72.2818 72.2818 36.0624 120
94800 141.659 -312135 166.024 163160 72.2801 72.2801 36.0616 120
94900 139.389 -312134 -435.956 163131 72.2759 72.2759 36.0594 120
95000 139.935 -312137 167.644 163099 72.2711 72.2712 36.0571 120
95100 139.541 -312137 141.272 163104 72.2718 72.2718 36.0574 120
95200 139.745 -312136 -10.6203 163133 72.2762 72.2762 36.0596 120
95300 140.397 -312133 -477.261 163177 72.2827 72.2827 36.0629 120
95400 139.704 -312131 -4.55004 163170 72.2816 72.2816 36.0623 120
95500 139.953 -312134 136.84 163139 72.277 72.277 36.06 120
95600 139.619 -312135 470.023 163126 72.2751 72.2751 36.0591 120
95700 139.525 -312135 191.514 163132 72.2761 72.2761 36.0595 120
95800 139.683 -312135 344.95 163139 72.277 72.277 36.06 120
95900 140.27 -312135 -2.35295 163171 72.2818 72.2818 36.0624 120
96000 140.52 -312133 -654.494 163187 72.2841 72.2841 36.0635 120
96100 139.779 -312132 -717.376 163175 72.2823 72.2823 36.0627 120
96200 139.881 -312136 628.611 163124 72.2749 72.2749 36.0589 120
96300 139.625 -312138 140.466 163099 72.2712 72.2712 36.0571 120
96400 140.138 -312137 486.391 163099 72.2711 72.2711 36.0571 120
96500 141.157 -312137 -428.62 163132 72.2761 72.2761 36.0596 120
96600 141.468 -312134 -1042.46 163169 72.2815 72.2815 36.0623 120
96700 140.751 -312130 -260.91 163161 72.2803 72.2803 36.0617 120
96800 141.264 -312133 197.302 163150 72.2787 72.2787 36.0609 120
96900 141.182 -312138 73.4264 163147 72.2782 72.2782 36.0606 120
97000 141.242 -312140 52.1294 163133 72.2761 72.2761 36.0596 120
97100 140.832 -312140 -32.4678 163125 72.275 72.275 36.059 120
97200 140.077 -312137 620.004 163120 72.2743 72.2743 36.0587 120
97300 141.647 -312136 -502.413 163148 72.2784 72.2784 36.0607 120
97400 141.788 -312135 -324.018 163180 72.2831 72.2831 36.0631 120
97500 138.629 -312132 -442.25 163193 72.285 72.285 36.064 120
97600 138.922 -312134 287.206 163157 72.2797 72.2797 36.0614 120
97700 141.949 -312140 384.041 163112 72.2731 72.2731 36.058 120
97800 140.237 -312137 220.855 163087 72.2693 72.2693 36.0562 120
97900 139.705 -312135 918.909 163107 72.2724 72.2724 36.0577 120
98000 140.387 -312133 -358.067 163158 72.2799 72.2799 36.0615 120
98100 141.011 -312133 -238.411 163167 72.2812 72.2812 36.0621 120
98200 139.024 -312133 22.9938 163149 72.2786 72.2786 36.0608 120
98300 138.641 -312136 -353.108 163139 72.2771 72.2771 36.0601 120
98400 139.925 -312137 -0.108898 163143 72.2776 72.2776 36.0603 120
98500 139.01 -312134 -303.425 163160 72.2802 72.2802 36.0616 120
98600 140.414 -312133 26.4726 163157 72.2797 72.2797 36.0614 120
98700 141.161 -312132 -147.244 163129 72.2756 72.2756 36.0593 120
98800 140.416 -312133 -108.899 163116 72.2737 72.2737 36.0584 120
98900 139.69 -312136 541.46 163129 72.2756 72.2756 36.0593 120
99000 139.148 -312136 -204.563 163170 72.2817 72.2817 36.0623 120
99100 140.584 -312137 -126.591 163196 72.2855 72.2855 36.0643 120
99200 140.787 -312135 -463.153 163188 72.2842 72.2842 36.0636 120
99300 140.657 -312133 387.969 163137 72.2768 72.2768 36.0599 120
99400 140.148 -312135 906.106 163079 72.2682 72.2682 36.0556 120
99500 139.023 -312137 -271.552 163094 72.2705 72.2705 36.0568 120
99600 140.109 -312139 379.798 163135 72.2765 72.2765 36.0597 120
99700 140.905 -312137 -885.311 163175 72.2824 72.2824 36.0627 120
99800 140.925 -312135 -419.494 163177 72.2827 72.2827 36.0629 120
99900 139.927 -312134 -780.718 163163 72.2807 72.2807 36.0618 120
100000 139.718 -312139 499.212 163118 72.2739 72.2739 36.0585 120
