# Time-averaged data for fix 2
# TimeStep c_thermo_temp c_thermo_pe c_thermo_press v_myVol v_myCella v_myCellb v_myCellc v_myCellgamma
0 176.032 -312017 -536.46 162841 72.2331 72.2331 36.0381 120
100 171.737 -312032 134.836 162808 72.2282 72.2282 36.0356 120
200 172.881 -312028 376.401 162793 72.226 72.226 36.0345 120
300 181.893 -312017 546.531 162824 72.2305 72.2305 36.0368 120
400 186.882 -312007 787.795 162868 72.237 72.237 36.04 120
500 186.994 -312013 932.685 162914 72.2438 72.2438 36.0434 120
600 180.14 -312026 -846.741 162969 72.252 72.252 36.0475 120
700 174.499 -312036 -590.713 162968 72.2518 72.2518 36.0475 120
800 172.34 -312034 -553.346 162912 72.2436 72.2436 36.0433 120
900 178.108 -312029 377.577 162837 72.2324 72.2324 36.0377 120
1000 184.475 -312022 849.02 162824 72.2306 72.2306 36.0368 120
1100 186.199 -312022 155.181 162889 72.2402 72.2402 36.0416 120
1200 183.407 -312033 151.283 162959 72.2504 72.2504 36.0467 120
1300 176.158 -312040 -183.685 163000 72.2566 72.2566 36.0498 120
1400 176.72 -312047 -301.18 163004 72.2571 72.2571 36.0501 120
1500 177.985 -312040 9.97288 162978 72.2533 72.2533 36.0482 120
1600 182.08 -312031 267.787 162956 72.25 72.25 36.0466 120
1700 184.52 -312028 61.1859 162972 72.2524 72.2524 36.0477 120
1800 181.561 -312031 -1354.32 163007 72.2576 72.2576 36.0503 120
1900 178.097 -312043 368.324 163019 72.2593 72.2593 36.0512 120
2000 175.626 -312051 -637.079 163029 72.2608 72.2608 36.0519 120
2100 177.176 -312052 53.6635 163019 72.2593 72.2593 36.0512 120
2200 179.515 -312043 114.998 163018 72.2593 72.2593 36.0512 120
2300 184.167 -312038 159.48 163050 72.264 72.264 36.0535 120
2400 183.589 -312039 -397.013 163073 72.2672 72.2672 36.0551 120
2500 179.769 -312045 709.114 163076 72.2678 72.2678 36.0554 120
2600 177.5 -312055 -448.981 163078 72.268 72.268 36.0555 120
2700 176.075 -312056 698.37 163050 72.2639 72.2639 36.0535 120
2800 179.398 -312053 381.364 163029 72.2608 72.2608 36.0519 120
2900 181.889 -312046 621.069 163025 72.2602 72.2602 36.0516 120
3000 184.134 -312045 182.541 163049 72.2638 72.2638 36.0534 120
3100 181.213 -312046 -403.195 163084 72.2689 72.2689 36.056 120
3200 177.861 -312053 385.431 163097 72.2708 72.2708 36.0569 120
3300 177.103 -312057 -478.893 163089 72.2697 72.2698 36.0564 120
3400 177.388 -312053 7.62485 163052 72.2642 72.2642 36.0536 120
3500 181.048 -312049 232.825 163044 72.263 72.263 36.053 120
3600 183.248 -312046 497.627 163077 72.2679 72.2679 36.0555 120
3700 183.321 -312052 -62.381 163102 72.2716 72.2716 36.0573 120
3800 178.477 -312054 -349.215 163112 72.2731 72.2731 36.0581 120
3900 175.308 -312055 -396.885 163108 72.2725 72.2725 36.0578 120
4000 176.865 -312055 559.495 163098 72.271 72.271 36.057 120
4100 181.331 -312054 -166.432 163116 72.2737 72.2737 36.0583 120
4200 182.839 -312049 -1079.93 163146 72.2781 72.2781 36.0606 120
4300 182.395 -312049 -446.805 163129 72.2755 72.2755 36.0593 120
4400 179.396 -312053 88.0747 163115 72.2736 72.2736 36.0583 120
4500 176.793 -312058 -402.777 163113 72.2732 72.2732 36.0581 120
4600 176.924 -312059 -57.8603 163120 72.2742 72.2742 36.0586 120
4700 178.279 -312054 102.213 163137 72.2768 72.2768 36.0599 120
4800 183.424 -312054 -296.717 163136 72.2766 72.2766 36.0598 120
4900 182.4 -312048 760.172 163141 72.2773 72.2773 36.0602 120
5000 181.385 -312054 -275.998 163170 72.2816 72.2816 36.0623 120
5100 178.496 -312058 -330.123 163182 72.2833 72.2833 36.0632 120
5200 176.53 -312059 -69.5958 163171 72.2818 72.2818 36.0624 120
5300 178.376 -312057 43.7765 163152 72.279 72.279 36.061 120
5400 179.672 -312052 415.191 163137 72.2768 72.2768 36.0599 120
5500 182.347 -312054 695.276 163158 72.2798 72.2798 36.0614 120
5600 181.319 -312056 -219.361 163191 72.2847 72.2847 36.0639 120
5700 178.409 -312058 365.755 163209 72.2873 72.2873 36.0652 120
5800 176.411 -312058 -312.827 163225 72.2897 72.2897 36.0663 120
5900 178.278 -312060 -319.248 163221 72.2892 72.2892 36.0661 120
6000 180.32 -312056 -180.802 163214 72.2882 72.2882 36.0656 120
6100 182.749 -312057 127.293 163204 72.2866 72.2866 36.0648 120
6200 179.866 -312054 -51.6726 163193 72.285 72.285 36.064 120
6300 180.72 -312062 -62.3325 163189 72.2845 72.2845 36.0637 120
6400 177.516 -312062 -313.806 163206 72.287 72.287 36.065 120
6500 178.856 -312064 -365.406 163218 72.2887 72.2887 36.0658 120
6600 180.693 -312061 -275.599 163212 72.2878 72.2878 36.0654 120
6700 181.067 -312055 664.299 163202 72.2863 72.2863 36.0647 120
6800 181.119 -312055 -250.228 163193 72.2851 72.2851 36.064 120
6900 178.043 -312055 223.635 163176 72.2826 72.2826 36.0628 120
7000 178.393 -312063 -15.5044 163184 72.2837 72.2837 36.0634 120
7100 177.346 -312062 301.976 163204 72.2867 72.2867 36.0649 120
7200 180.322 -312063 -520.788 163235 72.2912 72.2912 36.0671 120
7300 179.515 -312054 -742.624 163225 72.2897 72.2897 36.0663 120
7400 179.983 -312053 347.586 163192 72.2849 72.2849 36.0639 120
7500 180.567 -312058 428.888 163181 72.2832 72.2832 36.0631 120
7600 178.752 -312060 294.691 163174 72.2822 72.2822 36.0626 120
7700 179.066 -312066 148.554 163183 72.2835 72.2835 36.0633 120
7800 178.65 -312063 517.034 163198 72.2858 72.2858 36.0644 120
7900 180.924 -312062 -303.172 163232 72.2908 72.2908 36.0669 120
8000 181.576 -312060 -888.375 163243 72.2925 72.2925 36.0677 120
8100 180.553 -312059 272.11 163219 72.2889 72.2889 36.066 120
8200 180.62 -312065 252.762 163206 72.287 72.287 36.065 120
8300 177.749 -312064 -421.13 163213 72.2879 72.2879 36.0655 120
8400 178.765 -312065 440.509 163219 72.2889 72.2889 36.0659 120
8500 179.487 -312061 64.2458 163239 72.2918 72.2918 36.0674 120
8600 181.877 -312061 -778.508 163232 72.2909 72.2909 36.0669 120
8700 179.69 -312057 -455.946 163206 72.287 72.287 36.065 120
8800 180.525 -312063 761.356 163197 72.2856 72.2856 36.0643 120
8900 179.962 -312067 -177.363 163221 72.2892 72.2892 36.0661 120
9000 179.471 -312068 171.163 163230 72.2904 72.2904 36.0667 120
9100 179.538 -312065 -75.2756 163230 72.2906 72.2906 36.0668 120
9200 180.387 -312061 -593.305 163239 72.2918 72.2918 36.0674 120
9300 181.714 -312061 -25.5819 163235 72.2913 72.2913 36.0671 120
9400 181.613 -312064 291.582 163231 72.2906 72.2906 36.0668 120
9500 179.431 -312065 85.3757 163234 72.291 72.291 36.067 120
9600 178.007 -312065 -199.875 163246 72.2929 72.2929 36.0679 120
9700 177.803 -312063 -420.643 163249 72.2933 72.2933 36.0681 120
9800 180.4 -312063 195.525 163231 72.2906 72.2906 36.0668 120
9900 181.019 -312061 173.901 163227 72.2901 72.2901 36.0665 120
10000 180.182 -312060 332.872 163240 72.292 72.292 36.0675 120
10100 180.947 -312066 -644.528 163264 72.2956 72.2956 36.0693 120
10200 178.999 -312068 -490.963 163252 72.2938 72.2938 36.0684 120
10300 178.256 -312065 780.926 163224 72.2897 72.2897 36.0663 120
10400 180.055 -312065 496.131 163230 72.2905 72.2905 36.0667 120
10500 179.843 -312059 388.161 163238 72.2917 72.2917 36.0673 120
10600 180.871 -312060 258.596 163243 72.2925 72.2925 36.0677 120
10700 181.223 -312065 -267 163279 72.2978 72.2978 36.0704 120
10800 179.001 -312066 -431.497 163290 72.2994 72.2994 36.0712 120
10900 178.163 -312066 412.707 163242 72.2922 72.2922 36.0676 120
11000 179.96 -312066 397.076 163195 72.2853 72.2853 36.0642 120
11100 180.159 -312061 232.698 163191 72.2847 72.2847 36.0638 120
11200 181.083 -312061 61.339 163222 72.2894 72.2894 36.0662 120
11300 181.155 -312063 -87.2635 163251 72.2935 72.2935 36.0683 120
11400 179.627 -312065 148.978 163280 72.2978 72.2978 36.0704 120
11500 180.126 -312069 -756.403 163307 72.3018 72.3018 36.0724 120
11600 178.138 -312064 -525.937 163283 72.2983 72.2983 36.0706 120
11700 180.238 -312063 -1012.38 163223 72.2894 72.2894 36.0662 120
11800 180.676 -312060 946.528 163156 72.2796 72.2796 36.0613 120
11900 179.561 -312060 1404.49 163165 72.281 72.281 36.062 120
12000 180.067 -312065 -245.566 163239 72.2918 72.2918 36.0674 120
12100 178.351 -312067 -1068.26 163296 72.3003 72.3003 36.0716 120
12200 177.909 -312065 130.886 163298 72.3006 72.3006 36.0718 120
12300 180.923 -312068 378.808 163281 72.2981 72.2981 36.0705 120
12400 179.717 -312061 -129.47 163246 72.2929 72.2929 36.068 120
12500 180.97 -312061 944.765 163206 72.2869 72.2869 36.065 120
12600 182.195 -312068 504.862 163209 72.2874 72.2874 36.0652 120
12700 179.851 -312068 -31.0155 163244 72.2926 72.2926 36.0678 120
12800 178.623 -312068 241.183 163279 72.2977 72.2977 36.0703 120
12900 179.254 -312066 -487.889 163286 72.2988 72.2988 36.0709 120
13000 180.002 -312063 -644.612 163268 72.296 72.296 36.0695 120
13100 181.164 -312061 499.22 163245 72.2927 72.2927 36.0679 120
13200 182.382 -312066 109.093 163240 72.2919 72.2919 36.0675 120
13300 180.425 -312068 181.108 163247 72.293 72.293 36.068 120
13400 178.162 -312068 -789.522 163275 72.2972 72.2972 36.0701 120
13500 177.797 -312066 460.61 163271 72.2965 72.2965 36.0697 120
13600 180.236 -312065 631.324 163256 72.2943 72.2943 36.0687 120
13700 181.772 -312064 278.232 163253 72.2939 72.2939 36.0684 120
13800 182.338 -312065 -223.729 163251 72.2936 72.2936 36.0683 120
13900 179.308 -312063 429.791 163254 72.2941 72.2941 36.0685 120
14000 179.573 -312069 -202.69 163263 72.2954 72.2954 36.0692 120
14100 177.975 -312066 -169.727 163267 72.2959 72.2959 36.0695 120
14200 179.66 -312067 -456.095 163256 72.2944 72.2944 36.0687 120
14300 180.61 -312063 531.916 163237 72.2916 72.2916 36.0673 120
14400 179.998 -312060 -119.108 163253 72.2939 72.2939 36.0684 120
14500 180.854 -312065 -430.792 163288 72.2991 72.2991 36.071 120
14600 179.795 -312068 -1220.69 163320 72.3038 72.3038 36.0734 120
14700 178.783 -312068 -458.131 163323 72.3043 72.3043 36.0736 120
14800 178.653 -312066 -10.0529 163289 72.2991 72.2991 36.0711 120
14900 179.667 -312063 160.627 163244 72.2926 72.2926 36.0678 120
15000 181.386 -312064 1046.33 163206 72.2869 72.2869 36.0649 120
15100 181.506 -312065 596.541 163210 72.2875 72.2875 36.0653 120
15200 179.697 -312066 -2.93042 163269 72.2963 72.2963 36.0696 120
15300 178.087 -312066 -370.916 163326 72.3047 72.3047 36.0738 120
15400 180.198 -312070 -1463.48 163347 72.3077 72.3077 36.0753 120
15500 181.069 -312068 -623.773 163301 72.301 72.301 36.072 120
15600 181.272 -312064 300.114 163226 72.2899 72.2899 36.0664 120
15700 180.967 -312063 1442.71 163195 72.2853 72.2853 36.0641 120
15800 177.588 -312061 97.2819 163254 72.294 72.294 36.0685 120
15900 178.964 -312068 -412.73 163321 72.3039 72.3039 36.0734 120
16000 178.277 -312068 -373.892 163328 72.3049 72.3049 36.0739 120
16100 180.578 -312068 150.12 163274 72.297 72.297 36.07 120
16200 180.739 -312064 364.561 163228 72.2902 72.2902 36.0666 120
16300 179.534 -312061 311.962 163227 72.29 72.29 36.0665 120
16400 181.098 -312067 273.999 163245 72.2928 72.2928 36.0679 120
16500 178.177 -312066 -566.991 163266 72.2958 72.2958 36.0694 120
16600 179.136 -312070 -180.908 163274 72.2971 72.2971 36.07 120
16700 178.733 -312067 -969.682 163281 72.2981 72.2981 36.0705 120
16800 180.007 -312065 -144.973 163265 72.2956 72.2956 36.0693 120
16900 181.676 -312065 295.425 163248 72.2931 72.2931 36.068 120
17000 180.414 -312064 303.922 163251 72.2936 72.2936 36.0683 120
17100 180.124 -312068 -734.422 163286 72.2987 72.2987 36.0709 120
17200 178.256 -312068 -219.247 163293 72.2997 72.2997 36.0713 120
17300 179.291 -312070 475.61 163280 72.2978 72.2978 36.0704 120
17400 180.872 -312068 -47.171 163284 72.2984 72.2984 36.0707 120
17500 181.129 -312064 139.994 163273 72.2969 72.2969 36.0699 120
17600 181.045 -312064 32.1129 163277 72.2974 72.2974 36.0702 120
17700 178.885 -312065 264.518 163257 72.2944 72.2944 36.0687 120
17800 179.287 -312070 71.2194 163250 72.2934 72.2934 36.0682 120
17900 178.564 -312069 -146.168 163265 72.2956 72.2956 36.0693 120
18000 180.065 -312069 -207.098 163261 72.2951 72.2951 36.069 120
18100 179.895 -312064 671.521 163261 72.2951 72.2951 36.069 120
18200 184.328 -312071 213.474 163272 72.2967 72.2967 36.0699 120
18300 181.193 -312066 139.851 163274 72.2971 72.2971 36.07 120
18400 179.964 -312069 480.921 163276 72.2974 72.2974 36.0702 120
18500 180.332 -312072 300.603 163284 72.2985 72.2985 36.0707 120
18600 178.041 -312067 278.093 163301 72.301 72.301 36.072 120
18700 180.237 -312066 113.899 163300 72.3009 72.3009 36.0719 120
18800 181.309 -312065 -11.9088 163289 72.2991 72.2991 36.0711 120
18900 180.693 -312065 -117.477 163274 72.2971 72.2971 36.07 120
19000 179.131 -312068 170.102 163258 72.2946 72.2946 36.0688 120
19100 179.157 -312072 257.922 163257 72.2945 72.2945 36.0687 120
19200 179.722 -312073 -69.6447 163262 72.2952 72.2952 36.0691 120
19300 178.951 -312067 22.3779 163263 72.2954 72.2954 36.0692 120
19400 181.563 -312068 -170.713 163272 72.2966 72.2966 36.0698 120
19500 181.063 -312066 -686.548 163284 72.2985 72.2985 36.0707 120
19600 179.852 -312067 58.4014 163259 72.2947 72.2947 36.0689 120
19700 178.341 -312069 274.439 163232 72.2908 72.2908 36.0669 120
19800 178.082 -312070 897.797 163229 72.2904 72.2904 36.0667 120
19900 179.92 -312071 -75.4979 163259 72.2948 72.2948 36.0689 120
20000 181.025 -312068 -213.983 163291 72.2994 72.2994 36.0712 120
20100 181.936 -312068 -629.922 163319 72.3036 72.3036 36.0733 120
20200 182.127 -312070 -556.483 163311 72.3024 72.3024 36.0727 120
20300 178.89 -312069 254.779 163280 72.2978 72.2978 36.0704 120
20400 179.454 -312072 405.245 163240 72.292 72.292 36.0675 120
20500 178.967 -312070 64.2684 163214 72.2881 72.2881 36.0655 120
20600 180.181 -312069 394.554 163228 72.2902 72.2902 36.0666 120
20700 182.426 -312070 347.686 163283 72.2983 72.2983 36.0706 120
20800 178.86 -312063 -396.573 163326 72.3047 72.3047 36.0738 120
20900 179.51 -312069 -1546.37 163342 72.307 72.307 36.075 120
21000 179.809 -312073 599.796 163292 72.2996 72.2996 36.0713 120
21100 178.173 -312071 68.1839 163249 72.2933 72.2933 36.0681 120
21200 180.854 -312073 756.806 163214 72.2881 72.2881 36.0656 120
21300 180.952 -312070 623.233 163211 72.2877 72.2877 36.0653 120
21400 181.435 -312070 -280.943 163254 72.294 72.294 36.0685 120
21500 180.11 -312070 -424.524 163317 72.3033 72.3033 36.0731 120
21600 178.847 -312072 -772.948 163344 72.3073 72.3073 36.0751 120
21700 179.524 -312073 -301.728 163318 72.3035 72.3035 36.0732 120
21800 179.618 -312072 618.767 163258 72.2947 72.2947 36.0688 120
21900 181.519 -312071 573.089 163231 72.2907 72.2907 36.0668 120
22000 180.767 -312069 512.928 163258 72.2947 72.2947 36.0688 120
22100 180.514 -312070 -20.1033 163311 72.3024 72.3024 36.0727 120
22200 181.03 -312074 -590.102 163347 72.3078 72.3078 36.0754 120
22300 179.639 -312073 -808.762 163342 72.3071 72.3071 36.075 120
22400 179.54 -312072 -150.493 163290 72.2993 72.2993 36.0711 120
22500 180.692 -312071 1169.55 163222 72.2894 72.2894 36.0662 120
22600 181.242 -312072 893.716 163226 72.29 72.29 36.0665 120
22700 179.352 -312068 -91.1635 163279 72.2978 72.2978 36.0704 120
22800 179.481 -312071 -707.938 163333 72.3056 72.3056 36.0743 120
22900 179.563 -312073 -945.254 163346 72.3077 72.3077 36.0753 120
23000 178.805 -312070 -438.198 163290 72.2994 72.2994 36.0712 120
23100 182.007 -312075 142.349 163223 72.2894 72.2894 36.0662 120
23200 180.857 -312071 693.937 163199 72.2859 72.2859 36.0644 120
23300 179.961 -312070 395.607 163242 72.2923 72.2923 36.0676 120
23400 181.485 -312076 -275.691 163329 72.3051 72.3051 36.074 120
23500 178.566 -312072 -571.486 163396 72.3149 72.3149 36.0789 120
23600 178.229 -312070 -621.258 163391 72.3142 72.3142 36.0786 120
23700 179.209 -312069 -901.639 163326 72.3046 72.3046 36.0738 120
23800 180.176 -312069 66.9582 163241 72.2921 72.2921 36.0675 120
23900 181.107 -312072 1294.84 163201 72.2863 72.2863 36.0646 120
24000 180.98 -312074 -449.317 163263 72.2953 72.2953 36.0692 120
24100 180.001 -312075 -241.719 163332 72.3056 72.3056 36.0743 120
24200 180.067 -312075 -206.422 163352 72.3085 72.3085 36.0757 120
24300 179.231 -312070 -353.878 163324 72.3044 72.3044 36.0737 120
24400 181.65 -312072 -195.431 163278 72.2976 72.2976 36.0703 120
24500 181.956 -312072 541.298 163247 72.2931 72.2931 36.068 120
24600 181.059 -312073 -112.116 163272 72.2967 72.2967 36.0699 120
24700 178.98 -312072 500.789 163304 72.3014 72.3014 36.0722 120
24800 179.629 -312075 -613.155 163329 72.3051 72.3051 36.074 120
24900 179.972 -312074 -125.765 163324 72.3044 72.3044 36.0737 120
25000 180.033 -312071 178.317 163315 72.3031 72.3031 36.073 120
25100 180.03 -312069 216.951 163302 72.3011 72.3011 36.072 120
25200 180.415 -312071 220.739 163284 72.2985 72.2985 36.0707 120
25300 180.909 -312074 324.54 163280 72.298 72.298 36.0705 120
25400 178.122 -312072 -17.7492 163301 72.301 72.301 36.072 120
25500 178.82 -312073 -476.192 163339 72.3065 72.3065 36.0747 120
25600 180.758 -312073 7.89901 163345 72.3074 72.3074 36.0752 120
25700 179.873 -312070 276.321 163313 72.3027 72.3027 36.0728 120
25800 179.921 -312072 75.6986 163277 72.2974 72.2974 36.0702 120
25900 180.361 -312073 685.328 163262 72.2953 72.2953 36.0691 120
26000 179.324 -312074 -616.161 163293 72.2998 72.2998 36.0714 120
26100 178.809 -312074 -222.789 163330 72.3053 72.3053 36.0741 120
26200 179.554 -312074 28.7406 163338 72.3064 72.3064 36.0747 120
26300 181.541 -312075 -67.6159 163331 72.3054 72.3054 36.0742 120
26400 180.659 -312073 340.104 163320 72.3038 72.3038 36.0734 120
26500 180.058 -312073 142.159 163324 72.3044 72.3044 36.0737 120
26600 179.613 -312074 -618.912 163347 72.3077 72.3077 36.0753 120
26700 179.639 -312076 -249.195 163349 72.3081 72.3081 36.0755 120
26800 180.309 -312076 25.7395 163311 72.3024 72.3024 36.0727 120
26900 180.303 -312073 150.851 163289 72.2993 72.2993 36.0711 120
27000 180.172 -312072 713.879 163284 72.2985 72.2985 36.0707 120
27100 180.543 -312074 -286.425 163291 72.2995 72.2995 36.0712 120
27200 179.812 -312074 -405.925 163304 72.3014 72.3014 36.0722 120
27300 178.974 -312074 407.979 163299 72.3008 72.3008 36.0719 120
27400 180.032 -312076 1.51565 163318 72.3035 72.3035 36.0732 120
27500 179.699 -312073 -577.082 163330 72.3053 72.3053 36.0741 120
27600 181.214 -312074 -94.3222 163317 72.3033 72.3033 36.0731 120
27700 182.216 -312076 -27.3326 163308 72.302 72.302 36.0725 120
27800 178.368 -312071 103.965 163314 72.3029 72.3029 36.0729 120
27900 178.36 -312073 -462.826 163318 72.3035 72.3035 36.0732 120
28000 180.333 -312076 144.428 163311 72.3025 72.3025 36.0727 120
28100 178.872 -312073 -374.507 163325 72.3045 72.3045 36.0737 120
28200 180.743 -312075 -211.287 163349 72.308 72.308 36.0755 120
28300 180.307 -312073 9.59083 163357 72.3093 72.3093 36.0761 120
28400 181.555 -312076 -409.766 163343 72.3071 72.3071 36.075 120
28500 180.112 -312075 95.4392 163309 72.3022 72.3022 36.0726 120
28600 178.716 -312073 603.566 163294 72.2999 72.2999 36.0714 120
28700 179.757 -312076 504.17 163300 72.3008 72.3008 36.0719 120
28800 179.831 -312074 605.863 163294 72.2999 72.2999 36.0714 120
28900 180.887 -312075 340.457 163303 72.3013 72.3013 36.0721 120
29000 180.553 -312074 -427.464 163342 72.307 72.307 36.075 120
29100 181.329 -312076 -657.307 163358 72.3094 72.3094 36.0762 120
29200 180.253 -312075 -146.136 163345 72.3075 72.3075 36.0752 120
29300 179.475 -312074 -566.952 163328 72.305 72.305 36.074 120
29400 180.998 -312077 604.015 163306 72.3017 72.3017 36.0723 120
29500 179.033 -312072 199.917 163294 72.2999 72.2999 36.0715 120
29600 179.126 -312072 21.6333 163291 72.2994 72.2994 36.0712 120
29700 179.799 -312073 403.935 163301 72.3009 72.3009 36.072 120
29800 180.596 -312076 88.8806 163328 72.305 72.305 36.074 120
29900 181.391 -312077 62.7704 163360 72.3096 72.3096 36.0763 120
30000 179.928 -312074 -716.547 163380 72.3126 72.3126 36.0778 120
30100 180.386 -312075 -4.81765 163347 72.3078 72.3078 36.0754 120
30200 179.636 -312074 514.307 163283 72.2983 72.2983 36.0706 120
30300 181.441 -312077 137.386 163245 72.2927 72.2927 36.0678 120
30400 178.635 -312073 535.666 163260 72.2949 72.2949 36.0689 120
30500 178.747 -312073 -13.4424 163306 72.3017 72.3017 36.0723 120
30600 178.689 -312073 481.171 163346 72.3076 72.3076 36.0753 120
30700 181.154 -312076 -320.713 163385 72.3134 72.3134 36.0782 120
30800 180.674 -312075 -712.832 163378 72.3123 72.3123 36.0776 120
30900 180.331 -312074 76.3223 163336 72.3061 72.3061 36.0745 120
31000 180.046 -312075 629.802 163291 72.2995 72.2995 36.0712 120
31100 179.635 -312075 -56.7568 163272 72.2967 72.2967 36.0698 120
31200 178.845 -312074 37.9428 163267 72.296 72.296 36.0695 120
31300 180.083 -312075 141.209 163295 72.3 72.3 36.0715 120
31400 180.204 -312074 -375.281 163347 72.3078 72.3078 36.0754 120
31500 179.388 -312071 39.5087 163382 72.3129 72.3129 36.0779 120
31600 182.589 -312078 -849.952 163385 72.3133 72.3133 36.0781 120
31700 179.588 -312074 95.3515 163333 72.3057 72.3057 36.0743 120
31800 179.185 -312074 854.595 163278 72.2976 72.2976 36.0703 120
31900 179.072 -312074 -111.599 163255 72.2942 72.2942 36.0686 120
32000 180.716 -312076 514.873 163264 72.2955 72.2955 36.0693 120
32100 180.901 -312076 204.23 163316 72.3032 72.3032 36.0731 120
32200 178.958 -312073 -504.224 163379 72.3125 72.3125 36.0777 120
32300 179.829 -312075 -937.82 163399 72.3154 72.3154 36.0792 120
32400 181 -312077 -335.438 163369 72.311 72.311 36.077 120
32500 179.721 -312075 486.791 163330 72.3053 72.3053 36.0741 120
32600 180.503 -312077 261.171 163304 72.3014 72.3014 36.0722 120
32700 179.931 -312076 215.988 163270 72.2964 72.2964 36.0697 120
32800 179.825 -312075 450.26 163272 72.2967 72.2967 36.0698 120
32900 180.331 -312077 188.086 163310 72.3023 72.3023 36.0726 120
33000 179.716 -312075 -503.856 163356 72.3091 72.3091 36.076 120
33100 179.699 -312075 -466.299 163390 72.3141 72.3141 36.0785 120
33200 179.503 -312074 -950.856 163376 72.312 72.312 36.0775 120
33300 179.898 -312074 -188.038 163303 72.3013 72.3013 36.0721 120
33400 181.548 -312077 1408.23 163229 72.2903 72.2903 36.0666 120
33500 179.833 -312075 1335.47 163230 72.2905 72.2905 36.0667 120
33600 179.528 -312076 -305.963 163321 72.3039 72.3039 36.0734 120
33700 180.449 -312077 -1503.68 163419 72.3184 72.3184 36.0807 120
33800 179.794 -312074 -705.672 163423 72.3189 72.3189 36.0809 120
33900 180.775 -312075 -1248.87 163374 72.3118 72.3118 36.0774 120
34000 179.564 -312072 -327.566 163305 72.3015 72.3015 36.0723 120
34100 182.393 -312080 661.009 163265 72.2956 72.2956 36.0693 120
34200 181.218 -312079 595.797 163272 72.2967 72.2967 36.0698 120
34300 179.691 -312077 359.337 163299 72.3007 72.3007 36.0718 120
34400 180.319 -312077 -241.721 163349 72.3081 72.3081 36.0755 120
34500 180.277 -312074 -916.24 163393 72.3146 72.3146 36.0788 120
34600 180.071 -312073 -1212.69 163392 72.3143 72.3143 36.0786 120
34700 180.621 -312074 -27.5507 163331 72.3054 72.3054 36.0742 120
34800 178.897 -312074 749.444 163264 72.2955 72.2955 36.0692 120
34900 178.262 -312075 654.94 163258 72.2946 72.2946 36.0688 120
35000 177.994 -312074 590.469 163305 72.3016 72.3016 36.0723 120
35100 179.53 -312075 -1015.97 163386 72.3136 72.3136 36.0783 120
35200 180.125 -312073 -676.795 163418 72.3182 72.3182 36.0806 120
35300 180.965 -312074 -788.57 163388 72.3138 72.3138 36.0783 120
35400 180.577 -312075 250.908 163321 72.304 72.304 36.0735 120
35500 177.92 -312073 432.298 163275 72.2971 72.2971 36.07 120
35600 179.46 -312078 908.037 163266 72.2958 72.2958 36.0694 120
35700 180.206 -312079 -164.675 163317 72.3034 72.3034 36.0732 120
35800 179.199 -312073 -448.246 163379 72.3125 72.3125 36.0777 120
35900 180.655 -312072 -595.058 163403 72.316 72.316 36.0795 120
36000 179.992 -312071 97.4065 163361 72.3098 72.3098 36.0764 120
36100 180.746 -312077 -18.7784 163310 72.3023 72.3023 36.0726 120
36200 178.898 -312077 663.2 163292 72.2996 72.2996 36.0713 120
36300 178.922 -312078 -202.606 163308 72.302 72.302 36.0725 120
36400 178.698 -312074 149.998 163342 72.307 72.307 36.075 120
36500 181.379 -312075 -818.841 163379 72.3124 72.3124 36.0777 120
36600 182.173 -312075 -319.003 163365 72.3104 72.3104 36.0767 120
36700 180.865 -312074 -177.89 163321 72.304 72.304 36.0735 120
36800 177.876 -312074 164.534 163308 72.302 72.302 36.0725 120
36900 178.055 -312077 -701.069 163335 72.306 72.306 36.0745 120
37000 177.866 -312074 -692.202 163349 72.308 72.308 36.0755 120
37100 180.431 -312075 20.2982 163339 72.3066 72.3066 36.0748 120
37200 181.217 -312073 635.184 163328 72.3049 72.3049 36.0739 120
37300 180.561 -312073 37.155 163331 72.3054 72.3054 36.0742 120
37400 181.06 -312079 584.9 163331 72.3054 72.3054 36.0742 120
37500 178.117 -312076 -811.929 163357 72.3092 72.3092 36.0761 120
37600 179.27 -312079 -318.278 163366 72.3105 72.3105 36.0767 120
37700 180.326 -312077 -404.975 163359 72.3096 72.3096 36.0763 120
37800 180.571 -312074 193.875 163324 72.3044 72.3044 36.0737 120
37900 180.413 -312073 -205.708 163312 72.3027 72.3027 36.0728 120
38000 180.495 -312076 372.197 163313 72.3027 72.3027 36.0728 120
38100 179.517 -312078 30.5164 163328 72.305 72.305 36.074 120
38200 180.421 -312081 165.613 163363 72.3101 72.3101 36.0765 120
38300 180.145 -312078 -412.603 163372 72.3115 72.3115 36.0772 120
38400 179.908 -312073 208.661 163352 72.3085 72.3085 36.0757 120
38500 180.213 -312072 266.525 163334 72.3059 72.3059 36.0744 120
38600 180.824 -312076 -84.0769 163339 72.3067 72.3067 36.0748 120
38700 179.083 -312077 -202.065 163347 72.3077 72.3077 36.0753 120
38800 177.857 -312076 -49.6416 163357 72.3092 72.3092 36.0761 120
38900 178.812 -312077 -220.355 163372 72.3115 72.3115 36.0772 120
39000 179.001 -312073 -506.008 163373 72.3117 72.3117 36.0773 120
39100 180.47 -312073 484.816 163341 72.3069 72.3069 36.0749 120
39200 180.159 -312074 98.4896 163317 72.3033 72.3033 36.0731 120
39300 179.59 -312076 -202.515 163303 72.3012 72.3012 36.0721 120
39400 178.79 -312077 464.478 163288 72.2991 72.2991 36.071 120
39500 178.938 -312077 881.737 163314 72.3029 72.3029 36.0729 120
39600 180.654 -312077 438.742 163364 72.3102 72.3102 36.0766 120
39700 180.948 -312074 -952.424 163403 72.3161 72.3161 36.0795 120
39800 183.032 -312078 -635.193 163388 72.3138 72.3138 36.0784 120
39900 178.893 -312075 309.619 163343 72.3072 72.3072 36.0751 120
40000 178.365 -312078 457.569 163343 72.3072 72.3072 36.0751 120
40100 178.577 -312076 295.786 163351 72.3084 72.3084 36.0757 120
40200 180.832 -312079 -755.426 163341 72.3069 72.3069 36.0749 120
40300 180.869 -312077 665.277 163319 72.3037 72.3037 36.0733 120
40400 180.338 -312075 157.588 163336 72.3062 72.3062 36.0746 120
40500 177.269 -312071 -134.234 163347 72.3077 72.3077 36.0753 120
40600 179.215 -312075 -25.4982 163334 72.3058 72.3058 36.0744 120
40700 180.886 -312078 621.055 163334 72.3058 72.3059 36.0744 120
40800 179.776 -312076 603.118 163346 72.3077 72.3077 36.0753 120
40900 180.908 -312078 -22.1082 163369 72.311 72.311 36.077 120
41000 179.017 -312075 97.8676 163375 72.3118 72.3118 36.0774 120
41100 181.147 -312082 98.3695 163374 72.3118 72.3118 36.0774 120
41200 178.142 -312077 -723.65 163370 72.3112 72.3112 36.0771 120
41300 178.154 -312074 -121.56 163332 72.3055 72.3055 36.0742 120
41400 180.78 -312075 1440.64 163291 72.2995 72.2995 36.0712 120
41500 181.648 -312077 1202.25 163304 72.3014 72.3014 36.0722 120
41600 180.206 -312077 96.1251 163362 72.3099 72.3099 36.0764 120
41700 179.331 -312077 -894.332 163424 72.3192 72.3192 36.0811 120
41800 180.302 -312079 -803.541 163434 72.3206 72.3206 36.0817 120
41900 180.563 -312078 17.4236 163373 72.3115 72.3115 36.0772 120
42000 179.17 -312072 384.91 163304 72.3015 72.3015 36.0722 120
42100 182.654 -312077 828.111 163272 72.2967 72.2967 36.0698 120
42200 180.325 -312073 459.424 163293 72.2998 72.2998 36.0714 120
42300 180.216 -312079 266.488 163343 72.3072 72.3072 36.0751 120
42400 178.716 -312078 -700.746 163390 72.3142 72.3142 36.0786 120
42500 179.815 -312079 -843.702 163417 72.3181 72.3181 36.0805 120
42600 180.981 -312078 -297.916 163402 72.3159 72.3159 36.0794 120
42700 182.174 -312077 -270.489 163361 72.3099 72.3099 36.0764 120
42800 179.804 -312074 815.389 163317 72.3034 72.3034 36.0732 120
42900 181.427 -312082 22.8194 163306 72.3018 72.3018 36.0724 120
43000 180.096 -312081 -262.048 163330 72.3052 72.3052 36.0741 120
43100 177.781 -312075 775.053 163347 72.3077 72.3077 36.0753 120
43200 180.405 -312078 -373.415 163377 72.3122 72.3122 36.0776 120
43300 181.548 -312077 198.718 163393 72.3145 72.3145 36.0787 120
43400 182.474 -312079 -64.8209 163399 72.3154 72.3154 36.0791 120
43500 178.656 -312078 136.802 163380 72.3126 72.3126 36.0778 120
43600 179.254 -312081 21.3062 163325 72.3045 72.3045 36.0737 120
43700 178.487 -312079 567.158 163287 72.2989 72.2989 36.0709 120
43800 181.33 -312079 -44.557 163321 72.304 72.304 36.0735 120
43900 179.662 -312074 36.539 163377 72.3122 72.3122 36.0775 120
44000 179.78 -312076 -67.0588 163408 72.3168 72.3168 36.0799 120
44100 178.949 -312076 -339.435 163409 72.3169 72.3169 36.0799 120
44200 178.932 -312078 -150.596 163390 72.3142 72.3142 36.0786 120
44300 179.819 -312080 85.8743 163350 72.3083 72.3083 36.0756 120
44400 180.811 -312080 764.497 163302 72.3011 72.3011 36.0721 120
44500 180.711 -312076 748.088 163294 72.2999 72.2999 36.0714 120
44600 181.601 -312078 34.4643 163330 72.3052 72.3052 36.0741 120
44700 181.247 -312082 -241.314 163401 72.3158 72.3158 36.0794 120
44800 178.319 -312078 -1061.4 163456 72.3238 72.3238 36.0833 120
44900 180.022 -312081 -1297.18 163439 72.3213 72.3213 36.0821 120
45000 180.111 -312078 -354.237 163358 72.3094 72.3094 36.0762 120
45100 181.802 -312081 270.232 163281 72.298 72.298 36.0705 120
45200 180.237 -312079 1222.33 163243 72.2925 72.2925 36.0677 120
45300 179.96 -312079 1022.05 163274 72.297 72.297 36.07 120
45400 180.231 -312081 323.273 163367 72.3108 72.3108 36.0769 120
45500 179.542 -312081 -952.792 163446 72.3224 72.3224 36.0827 120
45600 178.677 -312077 -433.078 163455 72.3237 72.3237 36.0833 120
45700 179.392 -312074 -788.484 163412 72.3174 72.3174 36.0801 120
45800 181.529 -312078 770.115 163317 72.3034 72.3034 36.0732 120
45900 178.812 -312076 1100.88 163269 72.2962 72.2962 36.0696 120
46000 180.252 -312082 783.615 163303 72.3013 72.3013 36.0721 120
46100 178.181 -312078 -518.581 163386 72.3135 72.3135 36.0782 120
46200 180.582 -312080 -737.986 163446 72.3224 72.3224 36.0826 120
46300 180.17 -312076 -1116.7 163444 72.3221 72.3221 36.0825 120
46400 180.884 -312076 -430.81 163387 72.3137 72.3137 36.0783 120
46500 181.931 -312078 1066.45 163325 72.3045 72.3045 36.0738 120
46600 177.554 -312075 683.745 163300 72.3009 72.3009 36.0719 120
46700 177.338 -312078 688.962 163307 72.3018 72.3018 36.0724 120
46800 180.074 -312082 1093.11 163343 72.3071 72.3071 36.075 120
46900 179.736 -312077 -398.582 163407 72.3166 72.3166 36.0798 120
47000 179.56 -312073 -1227.44 163425 72.3193 72.3193 36.0811 120
47100 181.955 -312078 -278.466 163388 72.3138 72.3138 36.0784 120
47200 180.045 -312078 376.588 163336 72.3062 72.3062 36.0746 120
47300 179.182 -312079 -57.3183 163307 72.3018 72.3018 36.0724 120
47400 179.859 -312081 686.343 163320 72.3038 72.3038 36.0734 120
47500 179.218 -312081 116.366 163368 72.3109 72.3109 36.0769 120
47600 178.405 -312079 -519.297 163409 72.317 72.317 36.08 120
47700 180.699 -312079 -261.912 163406 72.3164 72.3164 36.0797 120
47800 181.216 -312078 -335.817 163383 72.3131 72.3131 36.078 120
47900 180.352 -312077 64.9964 163345 72.3074 72.3074 36.0752 120
48000 179.573 -312082 602.58 163305 72.3016 72.3016 36.0723 120
48100 178.153 -312080 460.106 163307 72.3019 72.3019 36.0724 120
48200 179.589 -312081 648.716 163341 72.3069 72.3069 36.0749 120
48300 179.78 -312078 -217.586 163402 72.3158 72.3158 36.0794 120
48400 179.433 -312076 -526.366 163441 72.3216 72.3216 36.0823 120
48500 180.677 -312079 -1514.41 163428 72.3197 72.3197 36.0813 120
48600 179.729 -312079 133.431 163346 72.3077 72.3077 36.0753 120
48700 180.687 -312081 1008.17 163275 72.2972 72.2972 36.0701 120
48800 179.161 -312081 546.198 163282 72.2981 72.2981 36.0706 120
48900 177.223 -312082 -50.8026 163359 72.3095 72.3095 36.0762 120
49000 177.472 -312083 -818.277 163449 72.3228 72.3228 36.0829 120
49100 180.299 -312083 -1417.59 163473 72.3264 72.3264 36.0846 120
49200 180.594 -312081 -276.99 163397 72.3152 72.3152 36.079 120
49300 180.147 -312080 373.325 163308 72.302 72.302 36.0725 120
49400 180.022 -312079 1040.25 163260 72.2949 72.2949 36.0689 120
49500 178.774 -312079 491.496 163304 72.3015 72.3015 36.0722 120
49600 179.875 -312085 -14.4456 163383 72.313 72.313 36.078 120
49700 178.664 -312083 -872.235 163435 72.3208 72.3208 36.0818 120
49800 179.494 -312078 -753.18 163433 72.3205 72.3205 36.0817 120
49900 180.882 -312079 -23.3768 163398 72.3154 72.3154 36.0791 120
50000 179.084 -312077 -494.834 163355 72.309 72.309 36.076 120
50100 179.654 -312081 456.031 163311 72.3024 72.3024 36.0727 120
50200 177.232 -312079 17.2297 163310 72.3024 72.3024 36.0727 120
50300 178.437 -312084 372.975 163345 72.3075 72.3075 36.0752 120
50400 178.458 -312081 366.108 163393 72.3146 72.3146 36.0787 120
50500 179.844 -312078 -241.201 163429 72.3199 72.3199 36.0814 120
50600 179.78 -312077 -618.36 163422 72.3188 72.3188 36.0809 120
50700 179.836 -312078 -268.469 163379 72.3126 72.3126 36.0777 120
50800 177.648 -312079 245.931 163325 72.3045 72.3045 36.0737 120
50900 177.469 -312081 427.583 163298 72.3006 72.3006 36.0718 120
51000 180.196 -312085 -94.5286 163310 72.3024 72.3024 36.0727 120
51100 179.678 -312081 884.067 163338 72.3064 72.3064 36.0747 120
51200 179.512 -312079 148.342 163387 72.3136 72.3136 36.0783 120
51300 179.985 -312079 -434.223 163410 72.3171 72.3171 36.08 120
51400 180.188 -312080 291.417 163403 72.316 72.316 36.0794 120
51500 180.274 -312080 -248.53 163391 72.3143 72.3143 36.0786 120
51600 179.019 -312080 268.311 163380 72.3126 72.3126 36.0778 120
51700 179.339 -312082 -274.819 163367 72.3108 72.3108 36.0769 120
51800 179.073 -312082 738.748 163345 72.3075 72.3075 36.0752 120
51900 180.325 -312080 256.705 163361 72.3099 72.3099 36.0764 120
52000 182.455 -312080 82.5748 163393 72.3145 72.3145 36.0787 120
52100 181.168 -312080 -178.748 163387 72.3137 72.3137 36.0783 120
52200 180.323 -312083 282.378 163364 72.3103 72.3103 36.0766 120
52300 178.217 -312080 96.1033 163357 72.3092 72.3092 36.0761 120
52400 179.138 -312080 763.377 163355 72.3089 72.3089 36.0759 120
52500 180.581 -312081 -116.13 163366 72.3106 72.3106 36.0768 120
52600 180.305 -312078 -774.207 163378 72.3124 72.3124 36.0776 120
52700 180.094 -312078 -188.247 163366 72.3105 72.3105 36.0767 120
52800 179.05 -312080 -434.416 163362 72.31 72.31 36.0765 120
52900 179.145 -312083 472.332 163352 72.3085 72.3085 36.0757 120
53000 178.556 -312080 259.284 163352 72.3084 72.3084 36.0757 120
53100 180.878 -312080 544.688 163362 72.3099 72.3099 36.0764 120
53200 181.73 -312081 36.1131 163366 72.3106 72.3106 36.0768 120
53300 180.935 -312081 -171.325 163356 72.3091 72.3091 36.076 120
53400 180.637 -312083 -163.837 163356 72.3091 72.3091 36.076 120
53500 178.774 -312081 -182.374 163366 72.3106 72.3106 36.0768 120
53600 180.45 -312082 224.514 163371 72.3114 72.3114 36.0772 120
53700 181.319 -312079 544.674 163374 72.3118 72.3118 36.0774 120
53800 180.993 -312077 318.281 163375 72.3119 72.3119 36.0774 120
53900 180.227 -312080 -357.998 163365 72.3104 72.3104 36.0767 120
54000 178.487 -312081 -23.555 163344 72.3073 72.3073 36.0751 120
54100 180.838 -312084 -181.857 163333 72.3057 72.3057 36.0743 120
54200 179.504 -312080 118.925 163342 72.307 72.307 36.075 120
54300 182.323 -312079 -134.661 163358 72.3093 72.3093 36.0761 120
54400 181.676 -312077 41.7699 163371 72.3114 72.3114 36.0771 120
54500 179.547 -312076 185.305 163382 72.313 72.313 36.078 120
54600 181.325 -312083 45.3716 163396 72.315 72.315 36.0789 120
54700 179.06 -312081 -651.41 163385 72.3134 72.3134 36.0781 120
54800 179.991 -312082 448.731 163351 72.3084 72.3084 36.0757 120
54900 180.322 -312078 -41.8233 163332 72.3055 72.3055 36.0742 120
55000 183.435 -312080 998.364 163329 72.3051 72.3051 36.074 120
55100 181.066 -312079 -23.7398 163364 72.3103 72.3103 36.0766 120
55200 181.205 -312082 -529.316 163400 72.3156 72.3156 36.0793 120
55300 179.576 -312080 -658.045 163410 72.3171 72.3171 36.08 120
55400 179.918 -312082 -216.923 163383 72.3131 72.3131 36.078 120
55500 179.854 -312077 179.188 163338 72.3064 72.3064 36.0747 120
55600 181.08 -312075 156.576 163309 72.3022 72.3022 36.0726 120
55700 181.753 -312079 665.426 163298 72.3005 72.3005 36.0717 120
55800 180.053 -312080 113.246 163336 72.3061 72.3061 36.0745 120
55900 180.109 -312081 113.906 163404 72.3162 72.3162 36.0796 120
56000 180.786 -312083 -150.779 163445 72.3222 72.3222 36.0825 120
56100 179.07 -312078 -1156.52 163428 72.3198 72.3198 36.0813 120
56200 179.689 -312076 294.357 163359 72.3095 72.3095 36.0762 120
56300 182.268 -312080 223.883 163294 72.3 72.3 36.0715 120
56400 181.501 -312084 559.939 163271 72.2966 72.2966 36.0698 120
56500 180.199 -312084 524.844 163310 72.3023 72.3023 36.0726 120
56600 179.102 -312081 -657.599 163382 72.3129 72.3129 36.0779 120
56700 182.138 -312084 -225.554 163413 72.3175 72.3175 36.0802 120
56800 182.306 -312081 -116.643 163408 72.3167 72.3167 36.0798 120
56900 182.775 -312081 -238.037 163379 72.3125 72.3125 36.0777 120
57000 180.376 -312083 21.5323 163332 72.3055 72.3055 36.0742 120
57100 179.167 -312083 993.166 163285 72.2986 72.2986 36.0708 120
57200 179.92 -312084 326.424 163297 72.3004 72.3004 36.0717 120
57300 180.378 -312081 -101.011 163363 72.3101 72.3101 36.0765 120
57400 182.303 -312081 -1384.46 163426 72.3195 72.3195 36.0812 120
57500 181.742 -312080 -919.526 163426 72.3195 72.3195 36.0812 120
57600 180.406 -312081 542.106 163368 72.3109 72.3109 36.0769 120
57700 180.863 -312083 524.654 163324 72.3044 72.3044 36.0737 120
57800 179.16 -312081 218.006 163318 72.3034 72.3034 36.0732 120
57900 180.917 -312084 426.237 163348 72.3079 72.3079 36.0754 120
58000 180.001 -312082 -536.492 163379 72.3124 72.3124 36.0777 120
58100 181.138 -312082 150.687 163387 72.3137 72.3137 36.0783 120
58200 180.264 -312079 -613.39 163386 72.3135 72.3135 36.0782 120
58300 181.068 -312080 -331.73 163360 72.3097 72.3097 36.0763 120
58400 180.529 -312084 -77.7914 163334 72.3059 72.3059 36.0744 120
58500 177.72 -312082 673.948 163320 72.3038 72.3038 36.0734 120
58600 178.53 -312082 412.57 163343 72.3072 72.3072 36.0751 120
58700 179.535 -312080 -468.48 163397 72.3151 72.3151 36.079 120
58800 180.844 -312080 -473.225 163435 72.3208 72.3208 36.0819 120
58900 181.569 -312081 -531.244 163431 72.3202 72.3202 36.0816 120
59000 179.709 -312081 -725.808 163385 72.3134 72.3134 36.0782 120
59100 178.006 -312081 1212.1 163310 72.3023 72.3023 36.0726 120
59200 177.074 -312081 567.616 163286 72.2988 72.2988 36.0709 120
59300 179.934 -312082 955.237 163312 72.3027 72.3027 36.0728 120
59400 180.256 -312080 -86.6371 163362 72.31 72.31 36.0765 120
59500 181.73 -312082 663.651 163387 72.3137 72.3137 36.0783 120
59600 179.77 -312083 -1158.77 163425 72.3193 72.3193 36.0811 120
59700 176.954 -312082 -680.626 163409 72.3169 72.3169 36.0799 120
59800 178.747 -312082 218.353 163343 72.3071 72.3071 36.075 120
59900 181.319 -312083 756.775 163298 72.3005 72.3005 36.0717 120
60000 180.593 -312081 531.794 163301 72.301 72.301 36.072 120
60100 180.273 -312082 386.979 163330 72.3052 72.3052 36.0741 120
60200 178.148 -312084 -46.4696 163382 72.3129 72.3129 36.0779 120
60300 178.949 -312088 -513.455 163428 72.3197 72.3197 36.0813 120
60400 178.544 -312084 -658.179 163414 72.3176 72.3176 36.0803 120
60500 180.55 -312084 -246.273 163353 72.3087 72.3087 36.0758 120
60600 179.336 -312080 792.653 163294 72.2999 72.2999 36.0714 120
60700 182.515 -312085 450.292 163285 72.2986 72.2986 36.0708 120
60800 179.825 -312083 579.734 163314 72.3029 72.3029 36.0729 120
60900 178.193 -312085 -945.339 163376 72.312 72.312 36.0775 120
61000 178.742 -312084 -855.338 163400 72.3155 72.3155 36.0792 120
61100 181.238 -312084 -91.3178 163395 72.3148 72.3148 36.0789 120
61200 180.92 -312082 178.074 163375 72.3119 72.3119 36.0774 120
61300 181.017 -312083 -302.069 163356 72.309 72.309 36.076 120
61400 180.474 -312085 -478.272 163342 72.307 72.307 36.075 120
61500 179.057 -312086 8.15146 163332 72.3056 72.3056 36.0743 120
61600 177.394 -312085 557.547 163337 72.3063 72.3063 36.0746 120
61700 178.992 -312084 909.965 163347 72.3078 72.3078 36.0754 120
61800 180.366 -312081 -114.637 163374 72.3117 72.3117 36.0773 120
61900 181.31 -312083 125.283 163394 72.3148 72.3148 36.0788 120
62000 177.903 -312079 -907.631 163418 72.3183 72.3183 36.0806 120
62100 179.367 -312086 -705.452 163397 72.3152 72.3152 36.0791 120
62200 177.984 -312084 331.877 163352 72.3085 72.3085 36.0757 120
62300 181.568 -312085 818.793 163313 72.3027 72.3027 36.0728 120
62400 180.68 -312081 199.766 163310 72.3023 72.3023 36.0726 120
62500 179.459 -312080 460.814 163321 72.3039 72.3039 36.0734 120
62600 178.086 -312081 -361.411 163364 72.3103 72.3103 36.0766 120
62700 179.812 -312086 -681.285 163417 72.318 72.318 36.0805 120
62800 177.965 -312078 -233.694 163433 72.3204 72.3204 36.0817 120
62900 181.795 -312080 -987.925 163398 72.3152 72.3152 36.0791 120
63000 180.815 -312081 620.099 163323 72.3042 72.3042 36.0736 120
63100 180.454 -312085 842.424 163293 72.2998 72.2998 36.0714 120
63200 178.198 -312082 453.11 163327 72.3049 72.3049 36.0739 120
63300 180.272 -312086 99.5828 163388 72.3137 72.3137 36.0783 120
63400 180.528 -312084 -311.08 163435 72.3208 72.3208 36.0818 120
63500 182.453 -312081 -400.348 163442 72.3217 72.3217 36.0823 120
63600 181.397 -312079 -752.896 163403 72.3161 72.3161 36.0795 120
63700 182.075 -312084 403.839 163339 72.3066 72.3066 36.0748 120
63800 179.877 -312083 343.747 163303 72.3013 72.3013 36.0721 120
63900 179.388 -312084 1455.29 163296 72.3002 72.3002 36.0716 120
64000 179.761 -312086 -41.0612 163349 72.3081 72.3081 36.0755 120
64100 179.512 -312084 394.078 163417 72.3181 72.3181 36.0805 120
64200 180.165 -312081 -1463.69 163461 72.3246 72.3246 36.0838 120
64300 182.301 -312083 -231.648 163416 72.3179 72.3179 36.0804 120
64400 182.459 -312086 832.827 163332 72.3055 72.3055 36.0742 120
64500 179.325 -312085 277.938 163305 72.3015 72.3015 36.0722 120
64600 178.96 -312085 808.376 163326 72.3047 72.3047 36.0738 120
64700 179.217 -312083 297.357 163388 72.3139 72.3139 36.0784 120
64800 181.62 -312086 -1256.39 163439 72.3213 72.3213 36.0821 120
64900 180.609 -312081 -7.31987 163423 72.319 72.319 36.081 120
65000 182.336 -312080 -662.197 163385 72.3133 72.3133 36.0781 120
65100 183.013 -312082 140.339 163319 72.3037 72.3037 36.0733 120
65200 180.745 -312084 1054.96 163287 72.299 72.299 36.071 120
65300 180.282 -312085 658.345 163336 72.3062 72.3062 36.0746 120
65400 178.67 -312083 -644.915 163422 72.3189 72.3189 36.0809 120
65500 179.789 -312084 -811.674 163462 72.3248 72.3248 36.0838 120
65600 180.853 -312081 -792.29 163441 72.3217 72.3217 36.0823 120
65700 182.299 -312083 52.7148 163376 72.312 72.312 36.0775 120
65800 181.496 -312085 622.056 163307 72.3018 72.3018 36.0724 120
65900 180.069 -312087 636.165 163277 72.2974 72.2974 36.0702 120
66000 181.297 -312090 182.416 163318 72.3035 72.3035 36.0732 120
66100 180.948 -312086 -483.462 163403 72.3161 72.3161 36.0795 120
66200 180.96 -312083 -324.221 163472 72.3262 72.3262 36.0845 120
66300 182.555 -312083 -1041.99 163477 72.3269 72.3269 36.0849 120
66400 180.42 -312083 -53.3155 163409 72.3168 72.3168 36.0799 120
66500 181.171 -312090 483.243 163307 72.3019 72.3019 36.0724 120
66600 178.672 -312086 1021.83 163254 72.2941 72.2941 36.0685 120
66700 180.544 -312087 466.324 163291 72.2995 72.2995 36.0712 120
66800 179.952 -312082 -170.734 163365 72.3104 72.3104 36.0767 120
66900 181.329 -312083 -788.908 163453 72.3234 72.3234 36.0831 120
67000 181.038 -312085 -1124.39 163486 72.3283 72.3283 36.0856 120
67100 178.701 -312082 -458.005 163435 72.3208 72.3208 36.0819 120
67200 179.362 -312085 704.413 163337 72.3063 72.3063 36.0746 120
67300 179.97 -312089 1082.24 163280 72.2978 72.2978 36.0704 120
67400 179.941 -312092 640.878 163294 72.2999 72.2999 36.0714 120
67500 178.811 -312089 429.146 163362 72.3099 72.3099 36.0764 120
67600 179.861 -312084 -701.299 163459 72.3244 72.3244 36.0836 120
67700 180.304 -312083 -1475.18 163508 72.3316 72.3316 36.0872 120
67800 179.881 -312082 -683.795 163462 72.3247 72.3247 36.0838 120
67900 178.939 -312084 -351.13 163370 72.3112 72.3112 36.0771 120
68000 178.08 -312087 397.401 163302 72.3012 72.3012 36.0721 120
68100 178.353 -312088 871.066 163269 72.2963 72.2963 36.0696 120
68200 180.733 -312088 449.984 163305 72.3015 72.3015 36.0722 120
68300 181.399 -312087 232.739 163383 72.3131 72.3131 36.078 120
68400 179.919 -312084 -904.15 163465 72.3252 72.3252 36.084 120
68500 181.23 -312087 -1411.6 163487 72.3284 72.3284 36.0856 120
68600 178.754 -312085 -168.419 163431 72.3202 72.3202 36.0816 120
68700 179.556 -312088 43.1467 163351 72.3084 72.3084 36.0757 120
68800 179.309 -312087 537.911 163297 72.3004 72.3004 36.0717 120
68900 179.545 -312083 658.362 163290 72.2994 72.2994 36.0712 120
69000 180.331 -312081 -732.117 163368 72.3109 72.3109 36.0769 120
69100 179.02 -312080 290.477 163439 72.3214 72.3214 36.0821 120
69200 179.495 -312085 -1123.51 163491 72.3289 72.3289 36.0859 120
69300 179.611 -312089 -79.8912 163449 72.3228 72.3228 36.0828 120
69400 179.605 -312087 852.714 163360 72.3097 72.3097 36.0763 120
69500 179.605 -312085 568.639 163303 72.3012 72.3012 36.0721 120
69600 180.584 -312084 147.69 163304 72.3015 72.3015 36.0722 120
69700 179.891 -312082 -248.939 163373 72.3116 72.3116 36.0773 120
69800 180.36 -312087 292.243 163423 72.319 72.319 36.0809 120
69900 179.079 -312088 -729.1 163454 72.3235 72.3235 36.0832 120
70000 180.653 -312089 -169.669 163431 72.3202 72.3202 36.0815 120
70100 178.749 -312082 -45.6871 163373 72.3116 72.3116 36.0773 120
70200 179.067 -312082 1162.72 163328 72.305 72.305 36.074 120
70300 180.505 -312085 210.234 163344 72.3073 72.3073 36.0751 120
70400 182.023 -312089 83.476 163403 72.3161 72.3161 36.0795 120
70500 177.523 -312082 -571.34 163450 72.323 72.323 36.0829 120
70600 178.099 -312085 -913.667 163441 72.3217 72.3217 36.0823 120
70700 178.941 -312088 -715.771 163402 72.3159 72.3159 36.0794 120
70800 178.472 -312085 -686.625 163361 72.3098 72.3098 36.0764 120
70900 181.849 -312086 444.506 163328 72.305 72.305 36.074 120
71000 181.246 -312085 463.517 163343 72.3072 72.3072 36.0751 120
71100 179.149 -312083 -102.405 163397 72.3152 72.3152 36.079 120
71200 177.416 -312085 -545.784 163420 72.3185 72.3185 36.0807 120
71300 178.679 -312089 -60.8603 163403 72.316 72.316 36.0795 120
71400 181.672 -312088 -475.232 163378 72.3123 72.3123 36.0776 120
71500 179.799 -312081 -110.235 163355 72.309 72.309 36.076 120
71600 181.798 -312087 481.284 163362 72.31 72.31 36.0765 120
71700 178.626 -312084 -137.15 163403 72.3161 72.3161 36.0795 120
71800 179.138 -312087 -17.2543 163439 72.3213 72.3213 36.0821 120
71900 179.053 -312084 -559.464 163445 72.3222 72.3222 36.0825 120
72000 182.797 -312086 -96.4164 163417 72.3181 72.3181 36.0805 120
72100 181.543 -312084 18.4547 163387 72.3136 72.3136 36.0783 120
72200 179.494 -312083 227.561 163358 72.3093 72.3093 36.0761 120
72300 180.407 -312088 75.6423 163342 72.307 72.307 36.075 120
72400 179.122 -312086 56.5327 163345 72.3074 72.3074 36.0752 120
72500 179.093 -312084 36.1305 163354 72.3087 72.3087 36.0758 120
72600 179.152 -312084 -197.474 163399 72.3154 72.3154 36.0792 120
72700 180.409 -312086 -829.494 163441 72.3217 72.3217 36.0823 120
72800 179.865 -312085 -148.242 163429 72.3199 72.3199 36.0814 120
72900 180.229 -312085 464.495 163388 72.3138 72.3138 36.0784 120
73000 180.529 -312085 111.67 163363 72.3101 72.3101 36.0765 120
73100 178.514 -312083 21.197 163370 72.3112 72.3112 36.0771 120
73200 179.535 -312087 -347.777 163392 72.3144 72.3144 36.0787 120
73300 180.505 -312088 -217.516 163408 72.3168 72.3168 36.0799 120
73400 180.474 -312084 323.06 163404 72.3161 72.3161 36.0795 120
73500 182.311 -312084 548.404 163403 72.3161 72.3161 36.0795 120
73600 181.928 -312086 -244.184 163409 72.317 72.317 36.0799 120
73700 178.88 -312086 327.772 163380 72.3127 72.3127 36.0778 120
73800 177.951 -312085 -130.387 163378 72.3123 72.3123 36.0776 120
73900 179.758 -312085 -334.487 163395 72.3149 72.3149 36.0789 120
74000 181.399 -312085 153.93 163389 72.314 72.314 36.0785 120
74100 180.19 -312083 105.466 163381 72.3128 72.3128 36.0779 120
74200 178.598 -312085 -121.355 163382 72.313 72.313 36.078 120
74300 179.29 -312088 681.688 163382 72.313 72.313 36.078 120
74400 179.353 -312087 -360.232 163410 72.3171 72.3171 36.08 120
74500 179.563 -312083 147.152 163424 72.3191 72.3191 36.081 120
74600 181.844 -312086 -53.8027 163428 72.3197 72.3197 36.0813 120
74700 181.38 -312087 385.879 163394 72.3147 72.3147 36.0788 120
74800 179.056 -312084 709.587 163353 72.3087 72.3087 36.0758 120
74900 178.726 -312085 1331.2 163345 72.3075 72.3075 36.0752 120
75000 178.413 -312091 -48.6335 163388 72.3138 72.3138 36.0784 120
75100 178.86 -312092 -419.12 163422 72.3188 72.3188 36.0808 120
75200 178.254 -312085 -783.539 163431 72.3201 72.3201 36.0815 120
75300 179.949 -312086 110.267 163400 72.3155 72.3155 36.0792 120
75400 179.592 -312083 260.113 163348 72.3079 72.3079 36.0754 120
75500 179.46 -312082 1179.14 163310 72.3023 72.3023 36.0726 120
75600 180.985 -312088 -1.46815 163334 72.3059 72.3059 36.0744 120
75700 177.904 -312087 -80.2552 163391 72.3142 72.3142 36.0786 120
75800 179.151 -312088 -717.149 163443 72.322 72.322 36.0824 120
75900 179.862 -312085 -75.134 163429 72.3198 72.3198 36.0814 120
76000 180.559 -312084 267.018 163392 72.3144 72.3144 36.0787 120
76100 178.591 -312082 91.8857 163365 72.3104 72.3104 36.0766 120
76200 180.646 -312088 338.321 163368 72.3108 72.3108 36.0769 120
76300 180.209 -312089 -575.176 163398 72.3153 72.3153 36.0791 120
76400 176.505 -312086 -237.406 163423 72.319 72.319 36.081 120
76500 178.118 -312090 -448.748 163424 72.3192 72.3192 36.081 120
76600 179.517 -312086 -379.257 163393 72.3145 72.3145 36.0787 120
76700 178.531 -312082 -25.5315 163363 72.3102 72.3102 36.0766 120
76800 179.657 -312083 522.773 163363 72.3101 72.3101 36.0765 120
76900 180.674 -312088 121.224 163371 72.3112 72.3112 36.0771 120
77000 179.74 -312089 531.632 163395 72.3149 72.3149 36.0789 120
77100 178.917 -312089 32.7319 163426 72.3194 72.3194 36.0812 120
77200 182.35 -312090 -1139.54 163443 72.3219 72.3219 36.0824 120
77300 181.819 -312086 -434.594 163409 72.3168 72.3168 36.0799 120
77400 182.157 -312088 668.433 163374 72.3118 72.3118 36.0774 120
77500 179.648 -312087 165.383 163372 72.3115 72.3115 36.0772 120
77600 180.29 -312090 641.011 163389 72.3139 72.3139 36.0784 120
77700 178.421 -312086 -455.767 163433 72.3205 72.3205 36.0817 120
77800 179.702 -312081 284.216 163460 72.3245 72.3245 36.0837 120
77900 180.658 -312082 35.0475 163456 72.3239 72.3239 36.0834 120
78000 180.635 -312086 -182.382 163419 72.3183 72.3183 36.0806 120
78100 178.493 -312086 190.764 163363 72.3101 72.3101 36.0765 120
78200 180.477 -312090 656.269 163339 72.3066 72.3066 36.0748 120
78300 179.518 -312086 -0.385021 163346 72.3076 72.3076 36.0752 120
78400 180.115 -312083 216.09 163373 72.3116 72.3116 36.0772 120
78500 182.524 -312083 124.13 163409 72.3169 72.3169 36.0799 120
78600 180.078 -312081 -1251.82 163441 72.3216 72.3216 36.0823 120
78700 180.356 -312085 -43.2751 163418 72.3183 72.3183 36.0806 120
78800 179.794 -312087 153.399 163385 72.3134 72.3134 36.0782 120
78900 177.895 -312085 1029.33 163374 72.3118 72.3118 36.0773 120
79000 180.881 -312089 -148.885 163399 72.3155 72.3155 36.0792 120
79100 179.549 -312080 -199.804 163422 72.3188 72.3188 36.0809 120
79200 182.372 -312085 656.912 163440 72.3214 72.3214 36.0822 120
79300 179.357 -312083 -740.841 163459 72.3244 72.3244 36.0836 120
79400 180.084 -312087 -258.019 163446 72.3224 72.3224 36.0826 120
79500 180.301 -312088 577.811 163402 72.3158 72.3158 36.0794 120
79600 178.394 -312085 551.893 163345 72.3075 72.3075 36.0752 120
79700 181.763 -312087 760.064 163326 72.3046 72.3046 36.0738 120
79800 181.014 -312081 5.23186 163370 72.3111 72.3111 36.077 120
79900 181.973 -312085 95.9254 163420 72.3185 72.3185 36.0807 120
80000 179.355 -312084 -651.851 163445 72.3222 72.3222 36.0825 120
80100 180.374 -312088 138.98 163426 72.3194 72.3194 36.0812 120
80200 179.578 -312087 462.999 163401 72.3157 72.3157 36.0793 120
80300 180.175 -312088 -444.202 163379 72.3125 72.3125 36.0777 120
80400 180.956 -312085 680.883 163345 72.3075 72.3075 36.0752 120
80500 182.151 -312085 502.49 163357 72.3093 72.3093 36.0761 120
80600 179.624 -312083 -281.555 163404 72.3162 72.3162 36.0796 120
80700 178.213 -312085 -772.624 163446 72.3224 72.3224 36.0827 120
80800 179.917 -312089 -406.227 163443 72.322 72.322 36.0824 120
80900 180.524 -312088 244.405 163406 72.3164 72.3164 36.0797 120
81000 180.222 -312084 499.271 163343 72.3072 72.3072 36.0751 120
81100 179.777 -312080 503.331 163331 72.3055 72.3055 36.0742 120
81200 182.841 -312082 -59.1219 163380 72.3127 72.3127 36.0778 120
81300 180.998 -312083 -499.085 163446 72.3223 72.3223 36.0826 120
81400 179.888 -312085 -520.586 163462 72.3247 72.3247 36.0838 120
81500 179.789 -312087 -867.984 163422 72.3188 72.3188 36.0809 120
81600 179.179 -312088 -8.25486 163362 72.31 72.31 36.0764 120
81700 180.237 -312088 1336.72 163327 72.3049 72.3049 36.0739 120
81800 180.948 -312085 228.835 163364 72.3103 72.3103 36.0766 120
81900 182.084 -312085 -288.69 163434 72.3206 72.3206 36.0817 120
82000 177.972 -312082 -1249.7 163505 72.3311 72.3311 36.087 120
82100 180.511 -312090 -1059.91 163497 72.3299 72.3299 36.0864 120
82200 180.329 -312088 478.774 163418 72.3182 72.3182 36.0806 120
82300 180.78 -312087 982.791 163349 72.308 72.308 36.0755 120
82400 180.208 -312085 192.644 163330 72.3053 72.3053 36.0741 120
82500 180.716 -312085 158.856 163351 72.3084 72.3084 36.0756 120
82600 180.658 -312087 -133.318 163397 72.3151 72.3151 36.079 120
82700 179.166 -312089 -511.497 163444 72.3221 72.3221 36.0825 120
82800 179.227 -312088 -969.893 163452 72.3233 72.3233 36.0831 120
82900 180.956 -312088 107.529 163409 72.317 72.317 36.0799 120
83000 182.488 -312087 593.685 163362 72.31 72.31 36.0765 120
83100 180.911 -312085 288.227 163346 72.3077 72.3077 36.0753 120
83200 178.611 -312083 -45.0481 163379 72.3126 72.3126 36.0777 120
83300 178.647 -312084 -173.845 163444 72.3221 72.3221 36.0825 120
83400 180.811 -312090 -414.315 163485 72.3281 72.3281 36.0855 120
83500 177.639 -312087 -171.332 163480 72.3274 72.3274 36.0852 120
83600 179.889 -312094 12.1746 163430 72.3199 72.3199 36.0814 120
83700 178.956 -312090 8.02324 163370 72.3111 72.3111 36.077 120
83800 181.233 -312089 852.522 163326 72.3047 72.3047 36.0738 120
83900 180.447 -312086 732.155 163333 72.3057 72.3057 36.0743 120
84000 180.058 -312087 13.0368 163415 72.3178 72.3178 36.0804 120
84100 177.735 -312086 -478.166 163510 72.3318 72.3318 36.0874 120
84200 177.858 -312090 -983.792 163541 72.3364 72.3364 36.0896 120
84300 178.887 -312088 -611.626 163488 72.3286 72.3286 36.0858 120
84400 180.51 -312086 253.724 163366 72.3105 72.3105 36.0767 120
84500 180.555 -312087 1176.76 163272 72.2967 72.2967 36.0699 120
84600 179.947 -312089 1617.31 163284 72.2985 72.2985 36.0707 120
84700 178.275 -312087 -602.042 163413 72.3176 72.3176 36.0803 120
84800 178.33 -312087 -1040.44 163544 72.3368 72.3368 36.0898 120
84900 179.671 -312083 -927.78 163588 72.3433 72.3433 36.0931 120
85000 180.948 -312084 -537.39 163515 72.3325 72.3325 36.0877 120
85100 181.059 -312088 633.352 163383 72.313 72.313 36.078 120
85200 181.696 -312093 1100.44 163277 72.2974 72.2974 36.0702 120
85300 180.036 -312091 991.505 163278 72.2977 72.2977 36.0703 120
85400 179.671 -312088 500.874 163381 72.3127 72.3127 36.0778 120
85500 179.079 -312085 -1226.02 163517 72.3328 72.3328 36.0879 120
85600 181.134 -312088 -1560.53 163570 72.3407 72.3407 36.0918 120
85700 180.022 -312086 -341.906 163502 72.3306 72.3306 36.0867 120
85800 178.904 -312084 325.883 163385 72.3134 72.3134 36.0781 120
85900 179.722 -312087 853.151 163300 72.3008 72.3008 36.0719 120
86000 179.265 -312088 955.566 163303 72.3013 72.3013 36.0721 120
86100 179.9 -312091 263.368 163390 72.3141 72.3141 36.0785 120
86200 180.4 -312089 -655.272 163497 72.3298 72.3298 36.0864 120
86300 180.705 -312084 -741.006 163545 72.337 72.337 36.0899 120
86400 181.331 -312085 -545.549 163520 72.3333 72.3333 36.0881 120
86500 181.031 -312087 586.91 163440 72.3214 72.3214 36.0822 120
86600 179.712 -312088 253.529 163379 72.3124 72.3124 36.0777 120
86700 179.244 -312087 178.668 163362 72.31 72.31 36.0765 120
86800 180.634 -312089 559.485 163382 72.313 72.313 36.0779 120
86900 181.615 -312089 -66.972 163425 72.3192 72.3192 36.0811 120
87000 179.041 -312082 -381.855 163465 72.3252 72.3252 36.0841 120
87100 181.719 -312085 -750.312 163485 72.3281 72.3281 36.0855 120
87200 179.948 -312086 65.4265 163470 72.326 72.326 36.0844 120
87300 179.054 -312088 -650.325 163423 72.319 72.319 36.081 120
87400 180.308 -312091 689.837 163351 72.3083 72.3083 36.0756 120
87500 179.399 -312087 778.73 163326 72.3047 72.3047 36.0738 120
87600 180.761 -312085 8.36002 163378 72.3124 72.3124 36.0777 120
87700 183.24 -312083 118.178 163462 72.3248 72.3248 36.0838 120
87800 182.258 -312082 -910.58 163517 72.3328 72.3328 36.0878 120
87900 180.994 -312084 -110.957 163500 72.3303 72.3303 36.0866 120
88000 179.082 -312084 -365.879 163445 72.3223 72.3223 36.0826 120
88100 180.335 -312090 -361.268 163396 72.315 72.315 36.079 120
88200 179.669 -312091 430.94 163360 72.3097 72.3097 36.0763 120
88300 177.85 -312085 949.349 163342 72.307 72.307 36.075 120
88400 182.421 -312087 473.236 163391 72.3143 72.3143 36.0786 120
88500 180.511 -312084 -384.889 163464 72.325 72.325 36.084 120
88600 180.471 -312086 -842.09 163496 72.3297 72.3297 36.0863 120
88700 181.911 -312091 -298.987 163465 72.3251 72.3251 36.084 120
88800 179.433 -312087 626.941 163415 72.3179 72.3179 36.0804 120
88900 181.639 -312092 88.7847 163378 72.3124 72.3124 36.0777 120
89000 179.779 -312088 913.582 163367 72.3107 72.3107 36.0768 120
89100 179.562 -312086 -70.9624 163412 72.3174 72.3174 36.0802 120
89200 180.537 -312088 263.267 163459 72.3242 72.3242 36.0836 120
89300 179.571 -312086 -456.773 163478 72.3272 72.3272 36.085 120
89400 181.907 -312091 -333.767 163453 72.3233 72.3233 36.0831 120
89500 178.709 -312084 747.035 163403 72.316 72.316 36.0795 120
89600 179.36 -312085 891.683 163383 72.3131 72.3131 36.078 120
89700 180.663 -312090 -342.208 163412 72.3174 72.3174 36.0802 120
89800 179.919 -312090 -43.5061 163439 72.3213 72.3213 36.0821 120
89900 179.447 -312090 -651.303 163453 72.3234 72.3234 36.0832 120
90000 179.446 -312088 -200.387 163432 72.3203 72.3203 36.0816 120
90100 180.658 -312085 204.25 163409 72.3169 72.3169 36.0799 120
90200 181.002 -312085 477.889 163408 72.3167 72.3167 36.0798 120
90300 181.222 -312089 657.058 163406 72.3165 72.3165 36.0797 120
90400 178.126 -312087 320.242 163407 72.3166 72.3166 36.0798 120
90500 179.306 -312089 -161.948 163429 72.3198 72.3198 36.0814 120
90600 180.014 -312088 -940.58 163463 72.3249 72.3249 36.0839 120
90700 181.799 -312089 -167.779 163471 72.3261 72.3261 36.0845 120
90800 182.148 -312087 19.5786 163464 72.325 72.325 36.0839 120
90900 179.007 -312082 -415.092 163447 72.3225 72.3225 36.0827 120
91000 179.464 -312087 -125.77 163409 72.3169 72.3169 36.0799 120
91100 178.158 -312088 1030.06 163365 72.3104 72.3104 36.0767 120
91200 179.609 -312090 -157.789 163393 72.3145 72.3145 36.0787 120
91300 181.546 -312088 -470.372 163451 72.3231 72.3231 36.083 120
91400 180.252 -312084 -205.746 163469 72.3258 72.3258 36.0843 120
91500 180.863 -312086 9.88813 163465 72.3252 72.3252 36.084 120
91600 179.731 -312086 -463.502 163453 72.3235 72.3235 36.0832 120
91700 179.993 -312088 672.189 163406 72.3165 72.3165 36.0797 120
91800 179.941 -312090 722.594 163396 72.3149 72.3149 36.0789 120
91900 178.205 -312090 -52.9646 163415 72.3178 72.3178 36.0804 120
92000 178.332 -312090 560.195 163418 72.3182 72.3182 36.0806 120
92100 180.551 -312089 63.6842 163436 72.3209 72.3209 36.0819 120
92200 179.983 -312085 134.785 163450 72.323 72.323 36.083 120
92300 180.259 -312086 139.176 163446 72.3223 72.3223 36.0826 120
92400 179.178 -312087 -245.44 163437 72.321 72.321 36.082 120
92500 178.016 -312090 -45.1378 163432 72.3204 72.3204 36.0816 120
92600 178.454 -312090 -640.256 163429 72.3199 72.3199 36.0814 120
92700 179.423 -312089 531.26 163396 72.3149 72.3149 36.0789 120
92800 178.583 -312085 149.343 163387 72.3137 72.3137 36.0783 120
92900 180.381 -312087 292.995 163403 72.3161 72.3161 36.0795 120
93000 181.659 -312088 337.3 163426 72.3194 72.3194 36.0812 120
93100 181.778 -312089 391.315 163451 72.3231 72.3231 36.083 120
93200 180.809 -312091 -271.763 163478 72.3271 72.3271 36.085 120
93300 179.392 -312091 -768.349 163472 72.3261 72.3261 36.0845 120
93400 178.525 -312087 27.0617 163441 72.3216 72.3216 36.0823 120
93500 182.458 -312089 105.775 163405 72.3164 72.3164 36.0797 120
93600 179.334 -312083 431.844 163391 72.3142 72.3142 36.0786 120
93700 179.982 -312087 340.058 163394 72.3146 72.3146 36.0788 120
93800 178.618 -312087 -53.2082 163429 72.3199 72.3199 36.0814 120
93900 179.379 -312089 -491.396 163469 72.3258 72.3258 36.0844 120
94000 180.63 -312088 -459.822 163464 72.325 72.325 36.0839 120
94100 181.258 -312083 -381.294 163422 72.3189 72.3189 36.0809 120
94200 180.909 -312084 251.321 163397 72.3152 72.3152 36.0791 120
94300 178.966 -312086 360.392 163396 72.315 72.315 36.0789 120
94400 179.875 -312090 -469.413 163402 72.3159 72.3159 36.0794 120
94500 181.187 -312091 347.973 163411 72.3173 72.3173 36.0801 120
94600 180.203 -312086 -92.5739 163429 72.3198 72.3198 36.0814 120
94700 182.05 -312085 -140.227 163443 72.3219 72.3219 36.0824 120
94800 179.881 -312083 235.095 163433 72.3205 72.3205 36.0817 120
94900 179.498 -312085 131.687 163438 72.3212 72.3212 36.082 120
95000 179.007 -312085 -692.998 163449 72.3229 72.3229 36.0829 120
95100 179.638 -312087 346.778 163447 72.3225 72.3225 36.0827 120
95200 179.409 -312089 419.396 163425 72.3193 72.3193 36.0811 120
95300 178.768 -312089 -83.0876 163391 72.3143 72.3143 36.0786 120
95400 178.655 -312088 49.5391 163392 72.3144 72.3144 36.0787 120
95500 180.194 -312087 -201.768 163408 72.3167 72.3167 36.0798 120
95600 182.319 -312088 141.243 163416 72.318 72.318 36.0804 120
95700 180.391 -312086 -114.187 163428 72.3197 72.3197 36.0813 120
95800 178.745 -312088 -244.057 163438 72.3211 72.3211 36.082 120
95900 180.175 -312093 -677.131 163433 72.3204 72.3204 36.0817 120
96000 179.972 -312090 982.696 163390 72.3142 72.3142 36.0786 120
96100 180.209 -312088 931.635 163375 72.3118 72.3118 36.0774 120
96200 180.117 -312085 925.647 163404 72.3162 72.3162 36.0796 120
96300 181.16 -312087 -715.724 163465 72.3252 72.3252 36.0841 120
96400 179.162 -312088 -905.117 163475 72.3267 72.3267 36.0848 120
96500 177.495 -312088 -338.002 163439 72.3214 72.3214 36.0822 120
96600 178.925 -312089 432.379 163391 72.3143 72.3143 36.0786 120
96700 180.365 -312087 -166.724 163374 72.3117 72.3117 36.0773 120
96800 180.652 -312087 404.867 163390 72.3141 72.3141 36.0785 120
96900 180.553 -312088 -355.175 163444 72.3221 72.3221 36.0825 120
97000 180.626 -312090 -837.312 163477 72.3269 72.3269 36.0849 120
97100 178.556 -312087 -31.8147 163445 72.3223 72.3223 36.0826 120
97200 181.042 -312091 989.952 163370 72.3111 72.3111 36.077 120
97300 182.223 -312089 497.269 163322 72.304 72.304 36.0735 120
97400 179.677 -312083 1469.69 163339 72.3066 72.3066 36.0748 120
97500 181.34 -312091 -516.567 163429 72.3199 72.3199 36.0814 120
97600 179.31 -312089 -814.867 163508 72.3315 72.3315 36.0872 120
97700 179.996 -312089 -614.646 163519 72.3331 72.3331 36.088 120
97800 181.778 -312090 112.91 163450 72.323 72.323 36.083 120
97900 182.036 -312085 670.276 163376 72.312 72.312 36.0775 120
98000 181.743 -312084 605.841 163355 72.3089 72.3089 36.0759 120
98100 181.395 -312088 287.206 163377 72.3122 72.3122 36.0776 120
98200 180.097 -312087 -388.482 163423 72.319 72.319 36.081 120
98300 179.881 -312089 -679.745 163472 72.3261 72.3261 36.0845 120
98400 179.73 -312090 -309.723 163470 72.3259 72.3259 36.0844 120
98500 180.864 -312092 24.525 163440 72.3215 72.3215 36.0822 120
98600 181.864 -312088 988.496 163395 72.3149 72.3149 36.0789 120
98700 180.3 -312085 547.628 163379 72.3125 72.3125 36.0777 120
98800 180.252 -312088 369.087 163377 72.3122 72.3122 36.0776 120
98900 178.857 -312087 655.545 163383 72.3131 72.3131 36.078 120
99000 178.479 -312086 -135.184 163417 72.318 72.318 36.0805 120
99100 180.536 -312089 -169.537 163442 72.3217 72.3217 36.0823 120
99200 181.504 -312090 -666.639 163454 72.3235 72.3235 36.0832 120
99300 181.046 -312087 -1095.22 163459 72.3242 72.3242 36.0836 120
99400 180.217 -312083 65.502 163422 72.3189 72.3189 36.0809 120
99500 180.405 -312087 286.369 163385 72.3133 72.3133 36.0781 120
99600 180.399 -312091 240.208 163380 72.3127 72.3127 36.0778 120
99700 179.66 -312090 -165.343 163405 72.3163 72.3163 36.0796 120
99800 181.035 -312091 -299.145 163434 72.3206 72.3206 36.0818 120
99900 180.582 -312087 -881.255 163452 72.3233 72.3233 36.0831 120
100000 180.938 -312082 -328.881 163440 72.3215 72.3215 36.0822 120
