# Time-averaged data for fix 2
# TimeStep c_thermo_temp c_thermo_pe c_thermo_press v_myVol v_myCella v_myCellb v_myCellc v_myCellgamma
0 215.605 -311955 -1536.23 163092 72.2702 72.2702 36.0566 120
100 210.602 -311970 -1082.91 163115 72.2736 72.2736 36.0583 120
200 214.2 -311969 685.082 163086 72.2692 72.2692 36.0561 120
300 221.456 -311956 311.435 163099 72.2712 72.2712 36.0571 120
400 226.478 -311945 463.836 163116 72.2737 72.2737 36.0584 120
500 225.707 -311951 616.166 163144 72.2777 72.2777 36.0604 120
600 219.729 -311965 -297.32 163172 72.282 72.282 36.0625 120
700 213.713 -311974 -138.262 163177 72.2827 72.2827 36.0629 120
800 215.547 -311977 -223.256 163158 72.2799 72.2799 36.0615 120
900 220.773 -311968 273.818 163127 72.2753 72.2753 36.0592 120
1000 226.051 -311960 1101.72 163110 72.2728 72.2728 36.0579 120
1100 226.406 -311960 992.907 163151 72.2789 72.2789 36.0609 120
1200 221.23 -311969 -914.716 163210 72.2876 72.2876 36.0653 120
1300 214.608 -311977 -953.05 163233 72.291 72.291 36.067 120
1400 212.537 -311978 -79.2312 163213 72.288 72.288 36.0655 120
1500 218.194 -311975 452.998 163202 72.2863 72.2863 36.0647 120
1600 222.337 -311965 344.949 163232 72.2908 72.2908 36.0669 120
1700 224.843 -311963 -620.2 163267 72.2959 72.2959 36.0695 120
1800 220.514 -311965 -172.824 163272 72.2967 72.2967 36.0698 120
1900 216.107 -311975 229.729 163268 72.2961 72.2961 36.0695 120
2000 214.574 -311983 206.104 163261 72.2951 72.2951 36.0691 120
2100 217.461 -311983 -592.374 163259 72.2948 72.2948 36.0689 120
2200 221.768 -311974 90.2692 163242 72.2923 72.2923 36.0676 120
2300 221.522 -311965 -19.2313 163243 72.2925 72.2925 36.0677 120
2400 222.856 -311974 1013.07 163263 72.2953 72.2953 36.0691 120
2500 219.728 -311986 293.228 163285 72.2987 72.2987 36.0708 120
2600 215.756 -311992 -692.611 163294 72.3 72.3 36.0715 120
2700 217.957 -311996 4.10458 163300 72.3008 72.3008 36.0719 120
2800 218.606 -311984 264.096 163303 72.3012 72.3012 36.0721 120
2900 223.202 -311981 20.4636 163325 72.3045 72.3045 36.0737 120
3000 223.97 -311983 139.237 163371 72.3112 72.3112 36.0771 120
3100 219.746 -311985 368.287 163389 72.3139 72.3139 36.0784 120
3200 218.129 -311995 505.251 163395 72.3149 72.3149 36.0789 120
3300 216.045 -311996 290.156 163411 72.3171 72.3171 36.08 120
3400 217.477 -311991 -903.815 163425 72.3192 72.3192 36.0811 120
3500 222.009 -311988 -330.608 163408 72.3168 72.3168 36.0798 120
3600 222.089 -311982 -455.444 163396 72.3151 72.3151 36.079 120
3700 221.683 -311987 72.5632 163385 72.3133 72.3133 36.0781 120
3800 218.35 -311994 -656.222 163386 72.3135 72.3135 36.0782 120
3900 217.264 -311999 786.724 163385 72.3134 72.3134 36.0782 120
4000 217.983 -311998 -509.956 163388 72.3138 72.3138 36.0784 120
4100 220.568 -311992 541.978 163370 72.3111 72.3111 36.077 120
4200 224.348 -311992 283.8 163378 72.3124 72.3124 36.0777 120
4300 221.427 -311988 -15.6199 163395 72.3148 72.3148 36.0789 120
4400 220.281 -311995 -70.1056 163404 72.3162 72.3162 36.0796 120
4500 219.106 -312001 -196.236 163408 72.3168 72.3168 36.0799 120
4600 217.437 -311998 -840.639 163411 72.3172 72.3172 36.0801 120
4700 219.65 -311995 -287.647 163401 72.3157 72.3157 36.0793 120
4800 221.772 -311989 391.953 163387 72.3136 72.3136 36.0783 120
4900 219.618 -311985 194.093 163395 72.3148 72.3148 36.0789 120
5000 221.955 -311996 -52.7172 163409 72.3168 72.3169 36.0799 120
5100 218.155 -311998 45.4198 163421 72.3187 72.3187 36.0808 120
5200 216.418 -311996 487.942 163429 72.3198 72.3198 36.0814 120
5300 221.95 -312002 -564.584 163429 72.3199 72.3199 36.0814 120
5400 220.416 -311991 214.369 163416 72.3179 72.3179 36.0804 120
5500 222.073 -311991 -284.907 163393 72.3146 72.3146 36.0787 120
5600 220.041 -311992 -45.7325 163383 72.3131 72.3131 36.078 120
5700 217.812 -311996 -198.87 163376 72.312 72.312 36.0775 120
5800 218.564 -312002 -157.518 163379 72.3125 72.3125 36.0777 120
5900 219.521 -312001 107.586 163402 72.3159 72.3159 36.0794 120
6000 220.983 -311996 -408.809 163435 72.3208 72.3208 36.0818 120
6100 221.044 -311990 -343.448 163447 72.3226 72.3226 36.0827 120
6200 219.339 -311991 -106.541 163446 72.3223 72.3223 36.0826 120
6300 218.512 -311997 -629.685 163439 72.3214 72.3214 36.0822 120
6400 218.246 -312000 -39.2277 163414 72.3176 72.3176 36.0803 120
6500 218.474 -311999 444.589 163413 72.3175 72.3175 36.0802 120
6600 219.548 -311996 506.671 163430 72.3201 72.3201 36.0815 120
6700 220.007 -311991 -882.402 163459 72.3244 72.3244 36.0836 120
6800 222.518 -311995 -100.398 163472 72.3261 72.3261 36.0845 120
6900 219.458 -311994 -795.47 163474 72.3265 72.3265 36.0847 120
7000 219.84 -312001 120.695 163467 72.3255 72.3255 36.0842 120
7100 218.726 -312001 715.02 163461 72.3246 72.3246 36.0837 120
7200 221.151 -312002 28.2152 163444 72.3221 72.3221 36.0825 120
7300 220.731 -311995 653.168 163420 72.3185 72.3185 36.0807 120
7400 220.752 -311992 -386.66 163423 72.3189 72.3189 36.0809 120
7500 220.684 -311996 52.0961 163425 72.3193 72.3193 36.0811 120
7600 218.459 -311998 581.974 163424 72.3191 72.3191 36.081 120
7700 218.004 -312000 -614.126 163431 72.3201 72.3201 36.0815 120
7800 220.16 -312003 346.269 163430 72.32 72.32 36.0814 120
7900 221.167 -311998 53.6897 163456 72.3239 72.3239 36.0834 120
8000 221.749 -311996 -543.462 163503 72.3307 72.3307 36.0868 120
8100 221.79 -311997 -502.076 163510 72.3318 72.3318 36.0874 120
8200 220.672 -312000 -402.72 163485 72.3281 72.3281 36.0855 120
8300 220.442 -312004 21.8639 163440 72.3214 72.3214 36.0822 120
8400 218.482 -312002 -152.759 163387 72.3136 72.3136 36.0783 120
8500 218.293 -311999 624.019 163349 72.308 72.308 36.0755 120
8600 220.465 -311999 753.699 163380 72.3126 72.3126 36.0778 120
8700 219.614 -311995 559.592 163455 72.3237 72.3237 36.0833 120
8800 220.48 -311999 -711.404 163517 72.3329 72.3329 36.0879 120
8900 219.787 -312001 -863.164 163531 72.3349 72.3349 36.0889 120
9000 218.004 -312000 -798.589 163486 72.3283 72.3283 36.0856 120
9100 218.567 -312000 1057.56 163411 72.3172 72.3172 36.08 120
9200 220.403 -312001 1296.88 163374 72.3117 72.3117 36.0773 120
9300 220.848 -312000 541.086 163388 72.3138 72.3138 36.0784 120
9400 220.377 -312000 -12.166 163429 72.3199 72.3199 36.0814 120
9500 220.039 -312000 -1072.98 163497 72.3298 72.3298 36.0864 120
9600 219.057 -311999 -119.768 163525 72.334 72.334 36.0885 120
9700 218.623 -311998 -371.013 163513 72.3323 72.3323 36.0876 120
9800 219.799 -312000 581.363 163475 72.3266 72.3266 36.0848 120
9900 218.827 -311997 208.261 163426 72.3194 72.3194 36.0812 120
10000 221.349 -312002 8.45018 163381 72.3127 72.3127 36.0778 120
10100 222.158 -312005 365.935 163359 72.3095 72.3095 36.0762 120
10200 219.798 -312002 287.398 163391 72.3142 72.3142 36.0786 120
10300 220.867 -312004 97.7166 163445 72.3222 72.3222 36.0826 120
10400 220.187 -312002 -589.808 163503 72.3308 72.3308 36.0869 120
10500 219.915 -311999 -703.31 163528 72.3345 72.3345 36.0887 120
10600 219.99 -311998 -103.607 163493 72.3294 72.3294 36.0861 120
10700 221.036 -312000 1046.25 163438 72.3212 72.3212 36.0821 120
10800 219.177 -312000 1009.19 163412 72.3174 72.3174 36.0801 120
10900 220.322 -312006 692.209 163418 72.3182 72.3182 36.0806 120
11000 218.897 -312003 868.468 163442 72.3217 72.3217 36.0823 120
11100 220.764 -312003 -106.746 163473 72.3263 72.3263 36.0846 120
11200 219.803 -311998 -204.628 163500 72.3303 72.3303 36.0866 120
11300 221.077 -311999 -99.2818 163506 72.3313 72.3313 36.0871 120
11400 223.125 -312006 -430.709 163483 72.3278 72.3278 36.0854 120
11500 221.066 -312006 425.919 163448 72.3227 72.3227 36.0828 120
11600 218.064 -312002 473.565 163428 72.3198 72.3198 36.0813 120
11700 218.901 -312003 125.202 163416 72.318 72.318 36.0805 120
11800 221.373 -312004 338.83 163427 72.3195 72.3195 36.0812 120
11900 221.081 -312000 189.714 163463 72.3249 72.3249 36.0839 120
12000 221.443 -312001 541.143 163480 72.3274 72.3274 36.0852 120
12100 219.378 -312000 97.3663 163493 72.3292 72.3292 36.0861 120
12200 219.025 -312006 -908.293 163508 72.3315 72.3315 36.0872 120
12300 220.032 -312008 210.982 163507 72.3313 72.3313 36.0871 120
12400 222.19 -312008 -325.426 163495 72.3297 72.3297 36.0863 120
12500 219.834 -311998 324.823 163478 72.327 72.327 36.085 120
12600 222.907 -312003 -132.016 163468 72.3257 72.3257 36.0843 120
12700 219.286 -311999 462.254 163469 72.3257 72.3257 36.0843 120
12800 219.041 -312004 31.6281 163496 72.3297 72.3297 36.0863 120
12900 217.081 -312003 -144.47 163533 72.3351 72.3352 36.089 120
13000 219.213 -312005 -771.289 163543 72.3366 72.3366 36.0898 120
13100 219.231 -311998 -200.756 163504 72.331 72.331 36.0869 120
13200 221.134 -311998 344.981 163455 72.3238 72.3238 36.0833 120
13300 220.39 -311999 285.786 163437 72.321 72.321 36.082 120
13400 219.656 -312004 192.25 163448 72.3227 72.3227 36.0828 120
13500 217.558 -312005 -380.152 163476 72.3269 72.3269 36.0849 120
13600 218.765 -312005 -432.529 163492 72.3291 72.3291 36.086 120
13700 221.2 -312004 -659.307 163512 72.3321 72.3321 36.0875 120
13800 220.813 -311998 -46.8305 163509 72.3316 72.3316 36.0873 120
13900 221.568 -312000 -240.587 163499 72.3303 72.3303 36.0866 120
14000 220.328 -312002 288.713 163472 72.3262 72.3262 36.0846 120
14100 218.403 -312005 494.25 163462 72.3248 72.3248 36.0839 120
14200 218.465 -312007 239.096 163490 72.3289 72.3289 36.0859 120
14300 219.365 -312004 -181.698 163519 72.3331 72.3331 36.088 120
14400 219.444 -311996 -372.821 163532 72.3351 72.3351 36.089 120
14500 222.572 -312000 8.89602 163503 72.3307 72.3307 36.0868 120
14600 221.86 -312002 481.036 163477 72.327 72.327 36.0849 120
14700 218.73 -312004 293.361 163475 72.3266 72.3266 36.0847 120
14800 217.411 -312006 277.889 163483 72.3279 72.3279 36.0854 120
14900 218.966 -312006 -291.402 163480 72.3274 72.3274 36.0851 120
15000 219.263 -311998 -185.375 163469 72.3258 72.3258 36.0843 120
15100 219.924 -311994 703.054 163454 72.3236 72.3236 36.0833 120
15200 222.751 -312003 -328.028 163462 72.3248 72.3248 36.0838 120
15300 218.639 -312003 -106.242 163489 72.3288 72.3288 36.0858 120
15400 217.936 -312007 0.710183 163505 72.331 72.331 36.087 120
15500 216.558 -312002 -628.619 163510 72.3318 72.3318 36.0873 120
15600 221.289 -312004 654.079 163502 72.3307 72.3307 36.0868 120
15700 221.575 -311998 -750.067 163499 72.3302 72.3302 36.0866 120
15800 220.445 -311997 231.516 163476 72.3267 72.3267 36.0848 120
15900 220.682 -312005 890.843 163452 72.3232 72.3232 36.0831 120
16000 218.318 -312006 508.127 163460 72.3245 72.3245 36.0837 120
16100 217.857 -312006 217.205 163493 72.3294 72.3294 36.0861 120
16200 218.75 -312003 547.129 163519 72.3331 72.3331 36.088 120
16300 221.919 -312001 -837.887 163536 72.3356 72.3356 36.0892 120
16400 220.189 -311996 85.4027 163512 72.3321 72.3321 36.0875 120
16500 220.066 -312001 18.6896 163481 72.3275 72.3275 36.0852 120
16600 218.976 -312007 790.5 163475 72.3266 72.3266 36.0848 120
16700 218.403 -312010 -554.751 163494 72.3294 72.3294 36.0861 120
16800 218.612 -312006 687.768 163489 72.3287 72.3287 36.0858 120
16900 222.155 -312004 406.639 163509 72.3316 72.3316 36.0872 120
17000 224.129 -312003 616.624 163532 72.3351 72.3351 36.089 120
17100 222.692 -312004 -230.725 163552 72.3379 72.3379 36.0904 120
17200 218.57 -312004 -494.001 163544 72.3369 72.3369 36.0899 120
17300 218.544 -312008 -277.69 163511 72.332 72.332 36.0875 120
17400 220.276 -312010 628.423 163460 72.3245 72.3245 36.0837 120
17500 220.132 -312003 607.49 163448 72.3227 72.3227 36.0828 120
17600 221.743 -312001 461.981 163474 72.3265 72.3265 36.0847 120
17700 222.617 -312003 -16.0809 163506 72.3313 72.3313 36.0871 120
17800 218.835 -312001 645.854 163531 72.3349 72.3349 36.0889 120
17900 219 -312007 -1536.55 163562 72.3395 72.3395 36.0912 120
18000 215.673 -312003 48.6445 163542 72.3366 72.3366 36.0897 120
18100 221.699 -312009 155.181 163509 72.3317 72.3317 36.0873 120
18200 221.282 -312001 481.652 163485 72.3281 72.3281 36.0855 120
18300 223.382 -312004 868.44 163470 72.3259 72.3259 36.0844 120
18400 220.403 -312004 -62.6946 163499 72.3302 72.3302 36.0866 120
18500 219.525 -312008 -410.337 163530 72.3348 72.3348 36.0888 120
18600 219.251 -312011 -161.758 163537 72.3358 72.3358 36.0893 120
18700 220.548 -312008 271.98 163522 72.3336 72.3336 36.0883 120
18800 220.452 -312001 554.219 163510 72.3317 72.3317 36.0873 120
18900 221.911 -312000 -611.753 163498 72.3301 72.3301 36.0865 120
19000 219.038 -311998 420.433 163477 72.3269 72.3269 36.0849 120
19100 219.721 -312007 32.1146 163479 72.3272 72.3272 36.0851 120
19200 219.315 -312010 285.303 163496 72.3297 72.3297 36.0863 120
19300 220.161 -312010 -271.576 163523 72.3338 72.3338 36.0883 120
19400 220.674 -312005 -803.219 163536 72.3356 72.3356 36.0892 120
19500 221.015 -311999 -201.654 163539 72.3361 72.3361 36.0895 120
19600 222.219 -312003 190.753 163526 72.3342 72.3342 36.0885 120
19700 221.64 -312007 461.444 163501 72.3305 72.3305 36.0867 120
19800 218.659 -312008 -255.641 163490 72.3289 72.3289 36.0859 120
19900 215.824 -312003 -521.411 163497 72.3299 72.3299 36.0864 120
20000 221.777 -312010 -153.452 163508 72.3316 72.3316 36.0872 120
20100 220.81 -312001 269.29 163530 72.3347 72.3347 36.0888 120
20200 222.384 -312003 -801.942 163560 72.3393 72.3393 36.0911 120
20300 220.736 -312004 -409.279 163556 72.3386 72.3386 36.0907 120
20400 218.459 -312006 692.429 163524 72.3339 72.3339 36.0884 120
20500 218.571 -312008 -379.291 163498 72.33 72.33 36.0865 120
20600 221.8 -312011 803.911 163473 72.3263 72.3263 36.0846 120
20700 220.564 -312003 1265.57 163477 72.3269 72.3269 36.0849 120
20800 220.63 -312002 -219.408 163510 72.3317 72.3317 36.0873 120
20900 220.753 -312004 289.121 163540 72.3362 72.3362 36.0895 120
21000 220.857 -312009 -174.58 163543 72.3366 72.3366 36.0897 120
21100 217.688 -312006 -135.803 163522 72.3336 72.3336 36.0883 120
21200 221.504 -312011 381.294 163506 72.3313 72.3313 36.0871 120
21300 220.912 -312006 -158.601 163500 72.3303 72.3303 36.0866 120
21400 221.055 -312002 -372.683 163491 72.329 72.329 36.0859 120
21500 221.082 -312004 -174.415 163487 72.3285 72.3285 36.0857 120
21600 220.531 -312006 178.451 163498 72.3301 72.3301 36.0865 120
21700 218.46 -312008 280.258 163534 72.3354 72.3354 36.0891 120
21800 217.117 -312004 -718.908 163553 72.3381 72.3381 36.0905 120
21900 220.442 -312005 330.525 163525 72.3341 72.3341 36.0885 120
22000 221.096 -312003 776.593 163497 72.3299 72.3299 36.0864 120
22100 220.103 -312001 -450.106 163499 72.3302 72.3302 36.0865 120
22200 220.343 -312005 102.185 163494 72.3295 72.3295 36.0862 120
22300 219.809 -312009 48.0846 163493 72.3293 72.3293 36.0861 120
22400 219.648 -312010 -254.1 163508 72.3315 72.3315 36.0872 120
22500 219.426 -312006 -65.8717 163514 72.3325 72.3325 36.0877 120
22600 222.493 -312006 169.666 163504 72.331 72.331 36.0869 120
22700 222.134 -312004 -375.67 163496 72.3297 72.3297 36.0863 120
22800 221.19 -312005 225.175 163487 72.3284 72.3284 36.0856 120
22900 219.949 -312008 -707.961 163491 72.329 72.329 36.0859 120
23000 220.992 -312013 -373.659 163498 72.33 72.33 36.0864 120
23100 220.886 -312009 447.398 163507 72.3314 72.3314 36.0871 120
23200 219.223 -312001 -132.719 163528 72.3345 72.3345 36.0887 120
23300 219.982 -311998 -520.65 163537 72.3358 72.3358 36.0893 120
23400 223.182 -312007 -298.351 163523 72.3337 72.3337 36.0883 120
23500 220.201 -312007 154.24 163489 72.3287 72.3287 36.0858 120
23600 217.573 -312006 509.956 163456 72.3239 72.3239 36.0834 120
23700 219.539 -312010 1114.92 163464 72.325 72.325 36.084 120
23800 220.736 -312008 408.586 163513 72.3323 72.3323 36.0876 120
23900 220.667 -312002 -553.72 163556 72.3386 72.3386 36.0907 120
24000 221.993 -312003 164.509 163572 72.3409 72.3409 36.0919 120
24100 220.762 -312006 -1466.63 163587 72.3432 72.3432 36.093 120
24200 215.626 -312001 -894.108 163533 72.3352 72.3352 36.0891 120
24300 218.884 -312009 604.208 163454 72.3235 72.3235 36.0832 120
24400 221.295 -312010 794.069 163410 72.3171 72.3171 36.08 120
24500 221.365 -312005 922.003 163413 72.3175 72.3175 36.0802 120
24600 221.15 -312002 284.862 163465 72.3252 72.3252 36.0841 120
24700 221.882 -312007 -107.328 163547 72.3372 72.3372 36.0901 120
24800 221.949 -312013 -749.794 163610 72.3466 72.3466 36.0947 120
24900 219.667 -312011 -220.552 163614 72.3471 72.3471 36.095 120
25000 218.898 -312006 -445.814 163576 72.3415 72.3415 36.0922 120
25100 222.688 -312009 111.246 163488 72.3286 72.3286 36.0858 120
25200 223.134 -312007 294.075 163413 72.3176 72.3176 36.0802 120
25300 220.708 -312005 654.619 163409 72.317 72.317 36.0799 120
25400 218.327 -312005 -510.141 163471 72.3261 72.3261 36.0845 120
25500 219.799 -312011 519.873 163546 72.3371 72.3371 36.09 120
25600 219.259 -312008 -362.545 163622 72.3483 72.3483 36.0956 120
25700 218.381 -312002 -952.699 163654 72.3531 72.3531 36.098 120
25800 221.038 -312003 -723.706 163604 72.3457 72.3457 36.0943 120
25900 221.408 -312004 -175.752 163508 72.3316 72.3316 36.0872 120
26000 220.089 -312007 754.582 163429 72.3199 72.3199 36.0814 120
26100 219.31 -312011 860.2 163415 72.3178 72.3178 36.0804 120
26200 219.145 -312012 923.811 163451 72.3231 72.3231 36.083 120
26300 219.185 -312009 -186.227 163525 72.334 72.334 36.0884 120
26400 222.338 -312008 -405.975 163603 72.3455 72.3455 36.0942 120
26500 219.513 -311999 -1247.12 163638 72.3507 72.3507 36.0968 120
26600 218.588 -312001 -1031.12 163622 72.3484 72.3484 36.0956 120
26700 222.242 -312014 -383.674 163558 72.3389 72.3389 36.0909 120
26800 217.664 -312009 595.943 163479 72.3272 72.3272 36.0851 120
26900 219.465 -312011 835.069 163440 72.3215 72.3215 36.0822 120
27000 219.754 -312006 544.322 163455 72.3237 72.3237 36.0833 120
27100 222.137 -312006 1077.05 163489 72.3288 72.3288 36.0858 120
27200 221.315 -312005 -308.814 163545 72.337 72.337 36.0899 120
27300 219.137 -312006 -531.396 163593 72.3441 72.3441 36.0935 120
27400 219.51 -312010 -1348.24 163607 72.3461 72.3461 36.0945 120
27500 219.212 -312010 -322.888 163573 72.3411 72.3411 36.092 120
27600 221.245 -312010 36.3078 163510 72.3319 72.3319 36.0874 120
27700 221.088 -312006 233.343 163462 72.3247 72.3247 36.0838 120
27800 220.28 -312004 294.372 163458 72.3241 72.3241 36.0835 120
27900 220.833 -312008 165.546 163489 72.3287 72.3287 36.0858 120
28000 220.502 -312011 480.776 163541 72.3363 72.3363 36.0896 120
28100 218.207 -312008 -750.884 163603 72.3455 72.3455 36.0942 120
28200 220.954 -312010 -801.862 163627 72.349 72.349 36.096 120
28300 220.044 -312004 284.288 163594 72.3442 72.3442 36.0936 120
28400 223.567 -312010 -390.613 163544 72.3369 72.3369 36.0899 120
28500 221.589 -312009 1.81761 163488 72.3285 72.3285 36.0857 120
28600 217.883 -312007 605.012 163465 72.3251 72.3251 36.084 120
28700 218.602 -312011 686.916 163490 72.3289 72.3289 36.0859 120
28800 217.761 -312006 -477.826 163538 72.3359 72.3359 36.0894 120
28900 220.994 -312007 -1154.08 163572 72.3409 72.3409 36.0919 120
29000 221.627 -312005 -771.784 163578 72.3418 72.3418 36.0923 120
29100 220.984 -312006 675.375 163565 72.3399 72.3399 36.0914 120
29200 219.301 -312009 -1336.62 163551 72.3379 72.3379 36.0904 120
29300 219.371 -312012 453.727 163523 72.3337 72.3337 36.0883 120
29400 217.391 -312007 368.371 163495 72.3296 72.3296 36.0862 120
29500 220.381 -312007 945.429 163474 72.3265 72.3265 36.0847 120
29600 222.324 -312008 -542.325 163491 72.329 72.329 36.0859 120
29700 219.644 -312003 381.803 163518 72.333 72.333 36.088 120
29800 220.37 -312008 -345.124 163556 72.3385 72.3385 36.0907 120
29900 218.496 -312009 -191.831 163570 72.3407 72.3407 36.0918 120
30000 219.464 -312011 256.889 163560 72.3392 72.3392 36.091 120
30100 221.045 -312011 -181.965 163545 72.337 72.337 36.0899 120
30200 219.812 -312004 -281.758 163522 72.3335 72.3335 36.0882 120
30300 219.941 -312003 428.987 163488 72.3285 72.3285 36.0857 120
30400 220.188 -312006 170.46 163480 72.3274 72.3274 36.0851 120
30500 220.35 -312011 456.408 163502 72.3306 72.3306 36.0867 120
30600 220.186 -312014 -109.854 163527 72.3343 72.3343 36.0886 120
30700 217.86 -312006 -659.411 163529 72.3346 72.3347 36.0888 120
30800 220.055 -312006 209.022 163540 72.3363 72.3363 36.0896 120
30900 221.505 -312006 120.426 163561 72.3393 72.3393 36.0911 120
31000 220.634 -312006 70.7709 163572 72.341 72.341 36.0919 120
31100 219.813 -312009 -207.216 163560 72.3391 72.3391 36.091 120
31200 218.99 -312011 113.203 163552 72.338 72.338 36.0905 120
31300 219.357 -312010 -824.707 163538 72.336 72.336 36.0894 120
31400 222.969 -312014 -488.168 163508 72.3315 72.3315 36.0872 120
31500 220.9 -312006 1140.17 163496 72.3297 72.3297 36.0863 120
31600 221.205 -312007 331.382 163529 72.3347 72.3347 36.0888 120
31700 219.662 -312007 -556.654 163582 72.3424 72.3424 36.0926 120
31800 219.202 -312011 -463.908 163620 72.3481 72.3481 36.0955 120
31900 217.498 -312007 -724.246 163605 72.3459 72.3459 36.0944 120
32000 220.558 -312010 360.43 163536 72.3356 72.3356 36.0892 120
32100 220.449 -312006 1122.08 163482 72.3276 72.3276 36.0853 120
32200 220.898 -312006 228.722 163485 72.3282 72.3282 36.0855 120
32300 220.391 -312010 193.858 163511 72.3319 72.3319 36.0874 120
32400 218.877 -312011 -363.416 163543 72.3367 72.3367 36.0898 120
32500 219.051 -312012 36.4913 163561 72.3394 72.3394 36.0911 120
32600 219.93 -312009 -273.207 163561 72.3393 72.3393 36.0911 120
32700 218.351 -312002 -89.4907 163556 72.3386 72.3386 36.0907 120
32800 223.181 -312011 -532.212 163559 72.339 72.339 36.091 120
32900 219.49 -312007 -694.774 163555 72.3384 72.3384 36.0907 120
33000 220.573 -312013 411.829 163537 72.3358 72.3358 36.0893 120
33100 218.935 -312013 -379.939 163541 72.3363 72.3363 36.0896 120
33200 219.089 -312011 -637.672 163533 72.3352 72.3352 36.089 120
33300 218.953 -312006 -19.7065 163526 72.3342 72.3342 36.0885 120
33400 222.194 -312009 -643.852 163548 72.3374 72.3374 36.0901 120
33500 220.622 -312008 -689.044 163567 72.3403 72.3403 36.0916 120
33600 220.247 -312010 43.5352 163554 72.3383 72.3383 36.0906 120
33700 219.428 -312012 859.279 163527 72.3343 72.3343 36.0886 120
33800 220.387 -312014 -100.596 163505 72.3311 72.3311 36.087 120
33900 220.626 -312011 703.738 163488 72.3285 72.3285 36.0857 120
34000 219.464 -312004 920.359 163514 72.3324 72.3324 36.0877 120
34100 220.841 -312008 -1193.07 163562 72.3395 72.3395 36.0912 120
34200 220.651 -312012 358.657 163570 72.3406 72.3406 36.0917 120
34300 217.172 -312009 180.708 163561 72.3393 72.3393 36.0911 120
34400 220.161 -312014 -347.04 163549 72.3375 72.3375 36.0902 120
34500 219.968 -312010 215.717 163551 72.3379 72.3379 36.0904 120
34600 222.004 -312013 -61.7944 163551 72.3378 72.3378 36.0903 120
34700 220.625 -312010 -542.836 163541 72.3364 72.3364 36.0896 120
34800 218.352 -312006 606.295 163523 72.3338 72.3338 36.0883 120
34900 218.346 -312008 360.402 163511 72.332 72.332 36.0874 120
35000 220.692 -312015 558.154 163516 72.3328 72.3328 36.0878 120
35100 217.914 -312010 212.971 163528 72.3345 72.3345 36.0887 120
35200 220.15 -312009 -92.5084 163542 72.3365 72.3365 36.0897 120
35300 222.057 -312008 -419.128 163572 72.341 72.341 36.0919 120
35400 221.09 -312009 -363.162 163573 72.3411 72.3411 36.092 120
35500 220.506 -312011 -202.268 163538 72.3359 72.3359 36.0894 120
35600 220.657 -312014 102.428 163493 72.3292 72.3292 36.0861 120
35700 216.568 -312014 900.842 163478 72.3271 72.3271 36.085 120
35800 216.996 -312016 20.2088 163515 72.3325 72.3325 36.0877 120
35900 217.6 -312010 0.609015 163563 72.3396 72.3396 36.0912 120
36000 220.709 -312010 -725.069 163600 72.345 72.345 36.0939 120
36100 220.8 -312008 343.745 163586 72.3431 72.3431 36.093 120
36200 219.273 -312005 -337.849 163562 72.3394 72.3394 36.0912 120
36300 218.71 -312008 773.792 163519 72.3331 72.3331 36.088 120
36400 219.147 -312014 903.308 163501 72.3305 72.3305 36.0867 120
36500 216.226 -312007 -1134.44 163517 72.3328 72.3328 36.0879 120
36600 220.003 -312010 586.772 163526 72.3342 72.3342 36.0885 120
36700 221.73 -312012 -145.434 163557 72.3387 72.3387 36.0908 120
36800 220.908 -312011 -56.7128 163583 72.3426 72.3426 36.0927 120
36900 220.054 -312009 -683.205 163582 72.3424 72.3424 36.0926 120
37000 218.453 -312008 -797.088 163547 72.3373 72.3373 36.0901 120
37100 217.658 -312011 408.783 163496 72.3297 72.3297 36.0863 120
37200 219.761 -312014 -105.411 163485 72.3281 72.3281 36.0855 120
37300 220.913 -312010 626.237 163495 72.3296 72.3296 36.0863 120
37400 219.703 -312004 94.7187 163524 72.3338 72.3338 36.0884 120
37500 218.481 -312004 361.821 163564 72.3397 72.3397 36.0913 120
37600 219.024 -312008 -341.519 163591 72.3438 72.3438 36.0933 120
37700 219.545 -312012 -1001.14 163588 72.3433 72.3433 36.0931 120
37800 219.607 -312010 783.146 163544 72.3368 72.3368 36.0899 120
37900 222.578 -312007 388.599 163499 72.3302 72.3302 36.0866 120
38000 221.723 -312007 -167.967 163480 72.3273 72.3273 36.0851 120
38100 219.243 -312008 162.163 163493 72.3293 72.3293 36.0861 120
38200 220.544 -312014 131.675 163536 72.3357 72.3357 36.0893 120
38300 217.818 -312008 -328.962 163584 72.3427 72.3427 36.0928 120
38400 219.973 -312008 -330.503 163589 72.3435 72.3435 36.0932 120
38500 222.494 -312007 -98.0201 163576 72.3415 72.3415 36.0922 120
38600 221.738 -312008 13.3812 163545 72.3369 72.3369 36.0899 120
38700 221.171 -312010 246.496 163503 72.3307 72.3307 36.0868 120
38800 217.972 -312006 848.332 163480 72.3273 72.3273 36.0851 120
38900 221.286 -312014 128.714 163504 72.3309 72.3309 36.0869 120
39000 218.772 -312010 -526.754 163542 72.3366 72.3366 36.0897 120
39100 218.714 -312011 -303.814 163566 72.3401 72.3401 36.0915 120
39200 218.652 -312007 -267.984 163575 72.3414 72.3414 36.0921 120
39300 220.955 -312007 -270.358 163574 72.3413 72.3413 36.0921 120
39400 223.269 -312011 59.7154 163545 72.337 72.337 36.0899 120
39500 220.131 -312012 147.598 163506 72.3312 72.3312 36.087 120
39600 219.56 -312014 81.0015 163488 72.3286 72.3286 36.0857 120
39700 219.015 -312011 648.064 163489 72.3287 72.3287 36.0858 120
39800 220.185 -312010 106.313 163515 72.3326 72.3326 36.0877 120
39900 222.449 -312011 673.604 163558 72.3389 72.3389 36.0909 120
40000 221.167 -312009 -747.158 163597 72.3447 72.3447 36.0938 120
40100 218.901 -312013 -863.151 163598 72.3448 72.3448 36.0938 120
40200 219.343 -312016 -71.5265 163560 72.3392 72.3392 36.091 120
40300 219.741 -312012 131.16 163510 72.3318 72.3318 36.0873 120
40400 219.791 -312008 503.886 163483 72.3278 72.3278 36.0854 120
40500 221.487 -312010 295.01 163504 72.3309 72.3309 36.0869 120
40600 219.372 -312009 -25.8539 163560 72.3392 72.3392 36.091 120
40700 217.999 -312012 -632.729 163601 72.3452 72.3452 36.094 120
40800 216.773 -312012 -299.781 163596 72.3445 72.3445 36.0937 120
40900 220.37 -312013 395.571 163560 72.3392 72.3392 36.091 120
41000 219.831 -312009 177.617 163525 72.334 72.334 36.0885 120
41100 221.216 -312011 647.061 163501 72.3305 72.3305 36.0867 120
41200 220.065 -312010 514.577 163518 72.333 72.333 36.088 120
41300 220.394 -312011 -322.438 163564 72.3397 72.3397 36.0913 120
41400 218.704 -312010 -407.212 163596 72.3445 72.3445 36.0937 120
41500 219.656 -312015 -806.199 163602 72.3454 72.3454 36.0942 120
41600 219.999 -312015 -258.214 163577 72.3417 72.3417 36.0923 120
41700 221.137 -312011 207.48 163527 72.3342 72.3342 36.0886 120
41800 220.575 -312007 1139.45 163478 72.327 72.327 36.085 120
41900 220.502 -312010 448.632 163479 72.3272 72.3272 36.085 120
42000 217.107 -312008 486.334 163525 72.334 72.334 36.0884 120
42100 218.431 -312010 -316.864 163584 72.3427 72.3427 36.0928 120
42200 219.544 -312011 -231.852 163619 72.3479 72.3479 36.0954 120
42300 220.415 -312011 -1137.2 163626 72.3489 72.3489 36.0959 120
42400 219.752 -312008 -341.355 163589 72.3435 72.3435 36.0932 120
42500 222.025 -312008 -285.041 163525 72.334 72.334 36.0884 120
42600 223.615 -312011 1231.36 163477 72.3269 72.3269 36.0849 120
42700 219.099 -312009 1236.02 163484 72.328 72.328 36.0854 120
42800 220.571 -312014 -127.274 163545 72.3369 72.3369 36.0899 120
42900 218.37 -312010 -563.08 163607 72.3462 72.3462 36.0945 120
43000 221.275 -312011 114.044 163605 72.3458 72.3458 36.0944 120
43100 222.063 -312007 -278.357 163588 72.3432 72.3433 36.0931 120
43200 222.209 -312007 -13.3302 163556 72.3386 72.3386 36.0907 120
43300 220.602 -312014 -326.09 163518 72.333 72.333 36.0879 120
43400 217.634 -312010 982.254 163500 72.3303 72.3303 36.0866 120
43500 220.446 -312014 399.528 163522 72.3336 72.3336 36.0883 120
43600 218.335 -312007 34.318 163551 72.3378 72.3378 36.0903 120
43700 221.746 -312010 -132.751 163575 72.3414 72.3414 36.0921 120
43800 220.383 -312007 -385.703 163585 72.3428 72.3428 36.0928 120
43900 217.32 -312009 450.818 163576 72.3416 72.3416 36.0922 120
44000 218.196 -312012 -13.1158 163558 72.3389 72.3389 36.0909 120
44100 218.05 -312010 474.555 163530 72.3348 72.3348 36.0888 120
44200 220.452 -312010 192.692 163516 72.3327 72.3327 36.0878 120
44300 220.514 -312008 -641.162 163528 72.3344 72.3344 36.0887 120
44400 221.122 -312011 -299.962 163545 72.337 72.337 36.0899 120
44500 220.235 -312011 -270.565 163565 72.3399 72.3399 36.0914 120
44600 220.136 -312013 64.0324 163578 72.3418 72.3418 36.0923 120
44700 219.065 -312014 -305.59 163558 72.3388 72.3388 36.0909 120
44800 219.068 -312015 -44.8317 163523 72.3338 72.3338 36.0883 120
44900 221.69 -312017 456.78 163505 72.3311 72.3311 36.087 120
45000 221.739 -312011 888.202 163519 72.3332 72.3332 36.088 120
45100 221.011 -312009 -517.337 163574 72.3413 72.3413 36.0921 120
45200 219.239 -312011 -719.55 163625 72.3488 72.3488 36.0958 120
45300 218.733 -312015 -222.74 163627 72.3491 72.3491 36.096 120
45400 219.141 -312014 -437.183 163580 72.3421 72.3421 36.0925 120
45500 217.705 -312010 200.929 163515 72.3326 72.3326 36.0877 120
45600 219.293 -312011 1228.74 163471 72.3261 72.3261 36.0845 120
45700 222.144 -312014 904.462 163472 72.3262 72.3262 36.0845 120
45800 220.774 -312009 -233.951 163523 72.3337 72.3337 36.0883 120
45900 221.539 -312010 -122.858 163601 72.3453 72.3453 36.0941 120
46000 219.478 -312010 -1261.43 163658 72.3536 72.3536 36.0982 120
46100 218.394 -312013 -759.219 163635 72.3503 72.3503 36.0966 120
46200 218.948 -312014 -516.553 163554 72.3384 72.3384 36.0906 120
46300 219.915 -312009 439.697 163475 72.3267 72.3267 36.0848 120
46400 222.299 -312011 1473.84 163428 72.3197 72.3197 36.0813 120
46500 221.386 -312012 1541.22 163459 72.3243 72.3243 36.0836 120
46600 219.496 -312011 -86.4996 163567 72.3402 72.3402 36.0915 120
46700 220.568 -312014 -2229.06 163666 72.3548 72.3548 36.0988 120
46800 219.507 -312011 -1749.61 163682 72.3572 72.3572 36.1 120
46900 222.921 -312010 -498.828 163619 72.3479 72.3479 36.0954 120
47000 222.587 -312008 111.426 163514 72.3324 72.3324 36.0876 120
47100 220.691 -312011 1654.51 163424 72.3191 72.3191 36.081 120
47200 220.528 -312014 378.204 163421 72.3187 72.3187 36.0808 120
47300 219.604 -312013 298.157 163488 72.3285 72.3285 36.0857 120
47400 221.048 -312016 -64.4809 163602 72.3454 72.3454 36.0941 120
47500 219.029 -312009 -1458.16 163701 72.36 72.36 36.1014 120
47600 221.992 -312009 -1729.47 163702 72.3601 72.3601 36.1015 120
47700 221.101 -312008 13.236 163604 72.3457 72.3457 36.0943 120
47800 220.664 -312014 921.331 163493 72.3294 72.3294 36.0861 120
47900 218.365 -312013 827.098 163434 72.3206 72.3206 36.0818 120
48000 218.361 -312012 798.454 163437 72.321 72.321 36.082 120
48100 221.173 -312013 781.517 163491 72.329 72.329 36.086 120
48200 221.56 -312009 120.726 163577 72.3417 72.3417 36.0923 120
48300 222.519 -312009 20.4037 163654 72.353 72.353 36.0979 120
48400 219.947 -312008 -1928.93 163690 72.3583 72.3583 36.1006 120
48500 218.985 -312013 -772.556 163639 72.3508 72.3508 36.0968 120
48600 218.683 -312014 778.098 163542 72.3365 72.3365 36.0897 120
48700 218.719 -312011 1345.2 163476 72.3268 72.3268 36.0848 120
48800 222.499 -312012 790.326 163467 72.3255 72.3255 36.0842 120
48900 221.126 -312010 -58.5065 163501 72.3305 72.3305 36.0867 120
49000 220.594 -312011 -48.566 163553 72.3381 72.3381 36.0905 120
49100 220.603 -312013 -1124.06 163613 72.347 72.347 36.0949 120
49200 220.6 -312013 -1413.88 163627 72.3491 72.3491 36.096 120
49300 220.655 -312015 235.366 163584 72.3427 72.3427 36.0928 120
49400 220.002 -312015 507.251 163526 72.3342 72.3342 36.0885 120
49500 219.311 -312012 464.676 163492 72.3292 72.3292 36.086 120
49600 222.056 -312015 -341.355 163510 72.3318 72.3318 36.0873 120
49700 221.624 -312012 482.424 163540 72.3362 72.3362 36.0896 120
49800 221.005 -312013 -439.474 163584 72.3428 72.3428 36.0928 120
49900 218.538 -312014 -863.868 163610 72.3465 72.3465 36.0947 120
50000 220.277 -312019 -328.319 163607 72.3461 72.3461 36.0945 120
50100 218.905 -312012 -774.094 163580 72.3421 72.3421 36.0925 120
50200 220.273 -312010 281.397 163530 72.3348 72.3348 36.0888 120
50300 222.406 -312014 308.216 163490 72.3289 72.3289 36.0859 120
50400 218.54 -312011 1203.03 163490 72.3289 72.3289 36.0859 120
50500 218.914 -312014 193.249 163534 72.3354 72.3354 36.0891 120
50600 219.604 -312017 -884.499 163575 72.3414 72.3414 36.0921 120
50700 218.878 -312009 63.0127 163586 72.343 72.343 36.0929 120
50800 222.767 -312011 -521.277 163580 72.3422 72.3422 36.0925 120
50900 220.717 -312011 268.582 163560 72.3392 72.3393 36.0911 120
51000 220.444 -312015 348.648 163541 72.3364 72.3364 36.0896 120
51100 220.621 -312016 450.652 163532 72.335 72.335 36.089 120
51200 219.044 -312012 138.586 163561 72.3393 72.3393 36.0911 120
51300 220.145 -312013 -824.751 163598 72.3448 72.3448 36.0938 120
51400 222.909 -312014 -586.326 163614 72.3471 72.3471 36.095 120
51500 223.308 -312010 -297.885 163595 72.3443 72.3443 36.0936 120
51600 221.123 -312008 164.797 163547 72.3372 72.3372 36.09 120
51700 222.123 -312017 298.729 163507 72.3314 72.3314 36.0871 120
51800 216.869 -312009 719.316 163497 72.3299 72.3299 36.0864 120
51900 220.923 -312017 -188.722 163541 72.3363 72.3363 36.0896 120
52000 220.616 -312013 -461.766 163573 72.3411 72.3411 36.092 120
52100 222.309 -312011 437.5 163584 72.3428 72.3428 36.0928 120
52200 220.949 -312008 -367.43 163587 72.3431 72.3431 36.093 120
52300 220.379 -312014 -994.128 163579 72.3419 72.3419 36.0924 120
52400 221.597 -312020 645.563 163541 72.3364 72.3364 36.0896 120
52500 219.179 -312014 1080.01 163509 72.3317 72.3317 36.0873 120
52600 220.967 -312014 1070.58 163513 72.3322 72.3322 36.0875 120
52700 221.965 -312012 -666.3 163548 72.3374 72.3374 36.0901 120
52800 219.83 -312007 -407.524 163585 72.3429 72.3429 36.0929 120
52900 218.606 -312012 -588.809 163617 72.3476 72.3476 36.0952 120
53000 217.511 -312013 -523.151 163617 72.3476 72.3476 36.0953 120
53100 220.005 -312016 301.005 163589 72.3434 72.3434 36.0932 120
53200 221.762 -312014 44.2926 163567 72.3402 72.3402 36.0915 120
53300 222.716 -312015 -671.18 163547 72.3372 72.3372 36.09 120
53400 220.073 -312012 459.112 163505 72.331 72.331 36.087 120
53500 218.769 -312011 1169.3 163488 72.3286 72.3286 36.0857 120
53600 219.049 -312012 705.924 163527 72.3343 72.3343 36.0886 120
53700 221.734 -312017 74.8962 163576 72.3416 72.3416 36.0922 120
53800 220.482 -312014 -407.966 163605 72.3459 72.3459 36.0944 120
53900 222.179 -312012 -1280.11 163609 72.3464 72.3464 36.0946 120
54000 219.667 -312007 -4.00365 163574 72.3413 72.3413 36.0921 120
54100 219.644 -312013 -297.561 163550 72.3377 72.3377 36.0903 120
54200 218.664 -312015 62.177 163517 72.3328 72.3328 36.0879 120
54300 219.86 -312016 794.603 163510 72.3317 72.3317 36.0873 120
54400 221.623 -312016 -378.035 163555 72.3384 72.3384 36.0906 120
54500 221.463 -312011 159.779 163591 72.3437 72.3437 36.0933 120
54600 223.179 -312009 -203.756 163613 72.347 72.347 36.0949 120
54700 223.264 -312006 778.111 163608 72.3462 72.3462 36.0945 120
54800 220.63 -312009 -810.488 163596 72.3445 72.3445 36.0937 120
54900 220.16 -312013 30.0478 163557 72.3388 72.3388 36.0908 120
55000 218.071 -312012 -243.13 163517 72.3329 72.3329 36.0879 120
55100 219.857 -312017 -142.29 163484 72.328 72.328 36.0855 120
55200 220.528 -312016 868.433 163479 72.3272 72.3272 36.0851 120
55300 222.684 -312014 -80.9649 163536 72.3356 72.3356 36.0892 120
55400 221.521 -312011 6.44778 163608 72.3463 72.3463 36.0946 120
55500 220.147 -312014 -683.15 163649 72.3523 72.3523 36.0976 120
55600 220.607 -312017 -1575.27 163643 72.3514 72.3514 36.0971 120
55700 220.161 -312015 216.627 163579 72.3419 72.3419 36.0924 120
55800 219.826 -312013 820.864 163507 72.3313 72.3313 36.0871 120
55900 219.606 -312010 310.49 163475 72.3266 72.3266 36.0847 120
56000 221.587 -312011 72.0836 163506 72.3312 72.3312 36.087 120
56100 219.942 -312008 -169.525 163561 72.3394 72.3394 36.0911 120
56200 220.36 -312015 -149.77 163620 72.348 72.348 36.0954 120
56300 220.786 -312018 -519.299 163664 72.3546 72.3546 36.0987 120
56400 218.118 -312012 -175.869 163646 72.3518 72.3518 36.0973 120
56500 221.678 -312016 -446.557 163580 72.3422 72.3422 36.0925 120
56600 221.14 -312009 679.299 163497 72.3299 72.3299 36.0864 120
56700 220.986 -312011 340.324 163457 72.324 72.324 36.0834 120
56800 219.739 -312018 417.451 163478 72.3271 72.3271 36.085 120
56900 219.225 -312018 -209.827 163547 72.3372 72.3372 36.09 120
57000 221.184 -312017 -513.603 163615 72.3474 72.3474 36.0951 120
57100 221.727 -312013 -900.052 163641 72.3511 72.3511 36.097 120
57200 218.878 -312007 -378.787 163597 72.3446 72.3446 36.0937 120
57300 219.736 -312014 599.481 163551 72.3379 72.3379 36.0904 120
57400 217.96 -312017 -247.166 163528 72.3344 72.3344 36.0886 120
57500 217.935 -312015 8.93013 163521 72.3334 72.3334 36.0882 120
57600 220.706 -312017 883.146 163531 72.3349 72.3349 36.0889 120
57700 223.499 -312019 -40.1333 163564 72.3398 72.3398 36.0913 120
57800 221.867 -312016 19.3047 163597 72.3446 72.3446 36.0937 120
57900 220.977 -312016 -688.703 163619 72.3479 72.3479 36.0954 120
58000 220.548 -312016 -478.066 163603 72.3456 72.3456 36.0942 120
58100 221.302 -312017 -530.445 163572 72.3409 72.3409 36.0919 120
58200 219.477 -312013 479.128 163534 72.3354 72.3354 36.0891 120
58300 221.014 -312017 -57.597 163521 72.3335 72.3335 36.0882 120
58400 220.453 -312019 300.941 163539 72.3361 72.3361 36.0895 120
58500 219.842 -312019 741.335 163561 72.3393 72.3393 36.0911 120
58600 217.967 -312014 -185.465 163598 72.3447 72.3447 36.0938 120
58700 221.586 -312015 -600.034 163628 72.3492 72.3492 36.096 120
58800 222.589 -312015 -332.46 163623 72.3485 72.3485 36.0957 120
58900 222.702 -312018 134.147 163589 72.3434 72.3434 36.0931 120
59000 218.788 -312015 842.299 163547 72.3373 72.3373 36.0901 120
59100 218.498 -312015 98.3774 163538 72.336 72.336 36.0894 120
59200 218.785 -312014 790.924 163537 72.3358 72.3358 36.0893 120
59300 218.983 -312013 748.157 163558 72.3389 72.3389 36.0909 120
59400 219.779 -312011 403.549 163587 72.3432 72.3432 36.093 120
59500 221.634 -312011 -300.968 163612 72.3469 72.3469 36.0949 120
59600 220.71 -312013 -366.218 163619 72.3478 72.3478 36.0953 120
59700 218.571 -312016 -442.23 163618 72.3477 72.3477 36.0953 120
59800 218.373 -312016 -395.051 163601 72.3453 72.3453 36.0941 120
59900 222.348 -312020 658.47 163561 72.3393 72.3393 36.0911 120
60000 221.892 -312014 1106.94 163525 72.334 72.334 36.0885 120
60100 222.227 -312015 223.914 163512 72.3322 72.3322 36.0875 120
60200 219.445 -312012 -84.2031 163537 72.3358 72.3358 36.0893 120
60300 220.692 -312015 -485.713 163583 72.3425 72.3425 36.0927 120
60400 221.207 -312019 -141.912 163610 72.3465 72.3465 36.0947 120
60500 219.01 -312016 -209.151 163620 72.348 72.348 36.0954 120
60600 219.074 -312018 -920.283 163602 72.3454 72.3454 36.0941 120
60700 219.901 -312015 753.885 163542 72.3365 72.3365 36.0897 120
60800 220.545 -312011 473.22 163515 72.3326 72.3326 36.0877 120
60900 221.798 -312014 -437.849 163534 72.3353 72.3353 36.0891 120
61000 218.87 -312014 -34.7902 163574 72.3412 72.3412 36.0921 120
61100 219.272 -312018 -942.406 163609 72.3464 72.3464 36.0946 120
61200 217.756 -312013 -382.765 163600 72.345 72.345 36.0939 120
61300 220.311 -312015 211.393 163585 72.3428 72.3428 36.0929 120
61400 220.624 -312013 391.555 163584 72.3426 72.3426 36.0928 120
61500 223.404 -312013 -266.907 163578 72.3418 72.3418 36.0923 120
61600 224.244 -312014 -79.3792 163557 72.3388 72.3388 36.0908 120
61700 221.582 -312017 185.159 163541 72.3364 72.3364 36.0897 120
61800 219.455 -312015 539.061 163535 72.3355 72.3355 36.0892 120
61900 219.145 -312016 792.199 163538 72.336 72.336 36.0894 120
62000 218.097 -312013 -453.152 163560 72.3392 72.3392 36.091 120
62100 221.151 -312014 -372.581 163585 72.3429 72.3429 36.0929 120
62200 221.93 -312012 -884.228 163606 72.3459 72.3459 36.0944 120
62300 223.057 -312017 51.6037 163601 72.3452 72.3452 36.094 120
62400 219.349 -312017 -766.649 163579 72.3419 72.3419 36.0924 120
62500 220.412 -312019 576.267 163553 72.3381 72.3381 36.0905 120
62600 219.398 -312015 770.329 163546 72.3371 72.3371 36.09 120
62700 218.63 -312010 720.256 163560 72.3392 72.3392 36.0911 120
62800 222.132 -312013 -558.545 163600 72.345 72.345 36.0939 120
62900 220.692 -312013 439.841 163619 72.3478 72.3478 36.0953 120
63000 218.46 -312015 -315.377 163616 72.3474 72.3474 36.0951 120
63100 220.389 -312020 -104.349 163576 72.3416 72.3416 36.0922 120
63200 219.346 -312016 265.717 163529 72.3346 72.3346 36.0887 120
63300 221.954 -312016 841.054 163513 72.3322 72.3322 36.0876 120
63400 222.04 -312014 177.214 163560 72.3391 72.3391 36.091 120
63500 222.924 -312018 -411.502 163622 72.3483 72.3483 36.0956 120
63600 219.061 -312013 -1153.22 163652 72.3528 72.3528 36.0978 120
63700 220.541 -312017 -316.227 163614 72.3472 72.3472 36.095 120
63800 219.38 -312016 380.879 163544 72.3369 72.3369 36.0899 120
63900 220.713 -312019 285.175 163503 72.3308 72.3308 36.0868 120
64000 220.709 -312019 765.139 163501 72.3305 72.3305 36.0867 120
64100 221.186 -312017 692.911 163551 72.3378 72.3378 36.0904 120
64200 221.535 -312014 178.001 163619 72.3478 72.3478 36.0953 120
64300 219.822 -312010 -1225.4 163671 72.3555 72.3555 36.0992 120
64400 218.559 -312014 -987.853 163656 72.3534 72.3534 36.0981 120
64500 218.666 -312018 -238.62 163590 72.3437 72.3437 36.0933 120
64600 219.725 -312019 79.8205 163531 72.3349 72.3349 36.0889 120
64700 220.501 -312015 763.985 163499 72.3302 72.3302 36.0866 120
64800 222.71 -312018 984.922 163519 72.3331 72.3332 36.088 120
64900 220.88 -312016 -21.4657 163577 72.3417 72.3417 36.0923 120
65000 222.883 -312021 -312.47 163630 72.3495 72.3495 36.0962 120
65100 217.544 -312014 -1143.52 163644 72.3516 72.3516 36.0972 120
65200 220.692 -312021 501.729 163603 72.3455 72.3455 36.0942 120
65300 220.619 -312018 737.428 163556 72.3386 72.3386 36.0907 120
65400 222.415 -312017 574.792 163531 72.3349 72.3349 36.0889 120
65500 222.084 -312015 -486.451 163539 72.3361 72.3361 36.0895 120
65600 219.577 -312016 271.628 163558 72.3388 72.3388 36.0909 120
65700 218.809 -312019 -455.737 163596 72.3446 72.3446 36.0937 120
65800 220.384 -312021 -717.611 163627 72.3491 72.3491 36.096 120
65900 219.204 -312015 202.571 163626 72.349 72.349 36.0959 120
66000 220.917 -312017 96.2135 163616 72.3474 72.3474 36.0951 120
66100 219.9 -312015 -499.417 163602 72.3454 72.3454 36.0941 120
66200 220.313 -312016 291.24 163574 72.3413 72.3413 36.0921 120
66300 220.639 -312018 -45.9775 163548 72.3374 72.3374 36.0901 120
66400 217.458 -312015 563.133 163534 72.3353 72.3353 36.0891 120
66500 218.332 -312020 816.639 163549 72.3375 72.3375 36.0902 120
66600 219.915 -312020 571.748 163587 72.3431 72.3431 36.093 120
66700 220.119 -312015 -221.608 163619 72.348 72.348 36.0954 120
66800 222.306 -312016 -908.944 163628 72.3492 72.3492 36.096 120
66900 221.398 -312017 -1192.44 163611 72.3468 72.3468 36.0948 120
67000 218.302 -312017 -276.937 163583 72.3425 72.3425 36.0927 120
67100 217.777 -312018 696.583 163559 72.3391 72.3391 36.091 120
67200 218.282 -312016 -258.893 163556 72.3385 72.3385 36.0907 120
67300 219.071 -312014 606.056 163548 72.3374 72.3374 36.0902 120
67400 221.114 -312017 -230.445 163555 72.3384 72.3384 36.0906 120
67500 220.739 -312016 244.512 163582 72.3424 72.3424 36.0926 120
67600 217.969 -312012 62.1981 163614 72.3471 72.3471 36.095 120
67700 219.899 -312016 -227.251 163626 72.349 72.349 36.0959 120
67800 222.885 -312022 -91.9554 163611 72.3466 72.3466 36.0948 120
67900 219.174 -312015 -444.166 163589 72.3434 72.3434 36.0931 120
68000 220.549 -312017 836.042 163552 72.3381 72.3381 36.0905 120
68100 220.477 -312016 -97.9023 163541 72.3363 72.3363 36.0896 120
68200 220.127 -312016 298.851 163560 72.3392 72.3392 36.091 120
68300 220.852 -312020 -253.095 163598 72.3448 72.3448 36.0938 120
68400 217.308 -312016 -357.036 163633 72.3499 72.3499 36.0964 120
68500 217.307 -312015 115.225 163639 72.3508 72.3508 36.0968 120
68600 218.194 -312010 -30.2004 163629 72.3494 72.3494 36.0961 120
68700 220.823 -312013 -301.052 163602 72.3453 72.3453 36.0941 120
68800 221.385 -312017 293.539 163569 72.3405 72.3405 36.0917 120
68900 220.887 -312021 48.5801 163558 72.3389 72.3389 36.0909 120
69000 218.622 -312017 459.346 163576 72.3415 72.3415 36.0922 120
69100 218.408 -312016 54.6878 163601 72.3452 72.3452 36.094 120
69200 222.204 -312022 -107.419 163618 72.3477 72.3477 36.0953 120
69300 220.207 -312014 74.1024 163624 72.3486 72.3486 36.0957 120
69400 220.21 -312012 228.7 163634 72.3501 72.3501 36.0965 120
69500 222.492 -312014 -757.955 163656 72.3533 72.3533 36.0981 120
69600 220.834 -312018 -570.885 163630 72.3495 72.3495 36.0962 120
69700 218.678 -312017 -125.105 163584 72.3427 72.3427 36.0928 120
69800 218.148 -312017 982.739 163547 72.3372 72.3372 36.09 120
69900 220.217 -312018 5.64763 163551 72.3379 72.3379 36.0904 120
70000 221.531 -312013 727.893 163584 72.3428 72.3428 36.0928 120
70100 223.162 -312014 341.268 163637 72.3506 72.3506 36.0967 120
70200 220.918 -312020 -152.532 163689 72.3582 72.3582 36.1005 120
70300 218.535 -312018 -741.091 163691 72.3585 72.3585 36.1007 120
70400 221.488 -312022 -752.315 163638 72.3506 72.3506 36.0967 120
70500 219.851 -312014 -103.41 163565 72.3399 72.3399 36.0914 120
70600 222.053 -312017 175.551 163521 72.3334 72.3334 36.0881 120
70700 217.582 -312013 275.66 163520 72.3332 72.3332 36.0881 120
70800 218.261 -312019 867.092 163575 72.3413 72.3413 36.0921 120
70900 218.35 -312019 -657.833 163651 72.3526 72.3526 36.0977 120
71000 219.629 -312017 -1440.82 163706 72.3606 72.3606 36.1017 120
71100 220.542 -312018 -167.643 163701 72.36 72.36 36.1014 120
71200 220.891 -312018 -335.04 163655 72.3532 72.3532 36.098 120
71300 220.279 -312018 403.381 163588 72.3433 72.3433 36.0931 120
71400 219.036 -312020 526.31 163523 72.3337 72.3337 36.0883 120
71500 216.949 -312020 1247.69 163497 72.3298 72.3298 36.0864 120
71600 219.342 -312021 200.464 163539 72.336 72.3361 36.0895 120
71700 221.468 -312020 -73.2349 163610 72.3466 72.3466 36.0947 120
71800 219.698 -312014 -1109.94 163692 72.3586 72.3586 36.1007 120
71900 221.285 -312018 -1066.46 163718 72.3625 72.3625 36.1027 120
72000 218.94 -312018 -982.185 163691 72.3585 72.3585 36.1007 120
72100 218.94 -312024 -397.538 163624 72.3486 72.3486 36.0957 120
72200 217.069 -312018 552.235 163538 72.336 72.336 36.0894 120
72300 221.039 -312021 1033.57 163499 72.3302 72.3302 36.0865 120
72400 220.129 -312018 487.389 163537 72.3357 72.3357 36.0893 120
72500 221.331 -312020 382.981 163601 72.3452 72.3452 36.094 120
72600 221.413 -312021 -403.405 163673 72.3559 72.3559 36.0994 120
72700 219.629 -312019 -884.731 163717 72.3623 72.3623 36.1026 120
72800 218.673 -312020 -305.885 163687 72.358 72.358 36.1004 120
72900 218.467 -312018 256.795 163620 72.3481 72.3481 36.0955 120
73000 221.517 -312019 -33.3227 163564 72.3398 72.3398 36.0913 120
73100 219.938 -312014 885.987 163511 72.332 72.332 36.0874 120
73200 220.394 -312018 1905.25 163505 72.3311 72.3311 36.087 120
73300 219.903 -312021 75.3601 163597 72.3446 72.3446 36.0937 120
73400 219.12 -312020 -806.677 163707 72.3608 72.3608 36.1018 120
73500 217.457 -312015 -1251.88 163762 72.3689 72.3689 36.1059 120
73600 219.781 -312016 -968.97 163735 72.365 72.365 36.1039 120
73700 220.013 -312015 -707.863 163662 72.3541 72.3541 36.0985 120
73800 221.544 -312017 -214.149 163573 72.3411 72.3411 36.092 120
73900 219.927 -312017 1047.46 163500 72.3303 72.3303 36.0866 120
74000 218.236 -312020 676.203 163488 72.3285 72.3285 36.0857 120
74100 220.265 -312024 952.4 163546 72.3372 72.3372 36.09 120
74200 220.742 -312020 270.571 163640 72.351 72.351 36.0969 120
74300 221.233 -312017 -1329.99 163730 72.3642 72.3642 36.1035 120
74400 220.163 -312015 26.8158 163745 72.3664 72.3664 36.1046 120
74500 222.599 -312021 -1077.85 163700 72.3598 72.3598 36.1013 120
74600 218.536 -312017 345.942 163598 72.3447 72.3447 36.0938 120
74700 218.846 -312021 1428.8 163509 72.3316 72.3316 36.0873 120
74800 217.136 -312024 2399.58 163492 72.3291 72.3291 36.086 120
74900 217.722 -312024 11.1366 163573 72.3412 72.3412 36.092 120
75000 219.703 -312019 -168.22 163678 72.3566 72.3566 36.0997 120
75100 218.478 -312014 -1565.49 163754 72.3678 72.3678 36.1053 120
75200 220.858 -312016 -880.123 163737 72.3652 72.3652 36.104 120
75300 222.931 -312020 -317.002 163654 72.353 72.353 36.0979 120
75400 220.306 -312021 617.975 163553 72.3382 72.3382 36.0905 120
75500 219.035 -312023 1044.33 163491 72.329 72.329 36.086 120
75600 219.468 -312022 594.814 163514 72.3324 72.3324 36.0876 120
75700 220.013 -312019 568.874 163590 72.3437 72.3437 36.0933 120
75800 222.231 -312022 -415.473 163685 72.3575 72.3575 36.1002 120
75900 219.449 -312017 -1821.94 163739 72.3656 72.3656 36.1042 120
76000 220.524 -312018 -262.826 163706 72.3607 72.3607 36.1018 120
76100 218.669 -312015 7.88284 163626 72.3488 72.3488 36.0959 120
76200 219.468 -312019 844.74 163543 72.3367 72.3367 36.0898 120
76300 221.365 -312024 793.154 163510 72.3318 72.3318 36.0873 120
76400 220.42 -312022 965.515 163538 72.3359 72.3359 36.0894 120
76500 220.978 -312017 66.8436 163629 72.3494 72.3494 36.0961 120
76600 222.622 -312017 -603.46 163719 72.3626 72.3626 36.1027 120
76700 222.609 -312018 -1555.37 163753 72.3677 72.3677 36.1053 120
76800 218.957 -312019 -299.081 163681 72.3571 72.3571 36.1 120
76900 219.291 -312021 309.584 163561 72.3394 72.3394 36.0911 120
77000 219.478 -312019 1743.99 163480 72.3274 72.3274 36.0851 120
77100 221.215 -312018 1647.07 163494 72.3294 72.3294 36.0862 120
77200 220.724 -312013 35.5364 163597 72.3446 72.3446 36.0937 120
77300 223.591 -312014 -995.34 163709 72.3612 72.3612 36.102 120
77400 221.914 -312015 -1501.14 163765 72.3694 72.3694 36.1061 120
77500 221.921 -312021 -912.465 163722 72.363 72.363 36.1029 120
77600 219.884 -312021 85.2121 163617 72.3476 72.3476 36.0952 120
77700 220.431 -312022 443.588 163526 72.3342 72.3342 36.0885 120
77800 220.516 -312019 1599.41 163489 72.3287 72.3287 36.0858 120
77900 222.716 -312018 536.114 163524 72.3339 72.3339 36.0884 120
78000 222.803 -312017 545.304 163615 72.3473 72.3473 36.0951 120
78100 219.857 -312019 -353.007 163724 72.3634 72.3634 36.1031 120
78200 219.662 -312020 -1209.53 163774 72.3707 72.3707 36.1068 120
78300 219.408 -312018 -1211.29 163737 72.3653 72.3653 36.1041 120
78400 221.747 -312020 -249.264 163641 72.3512 72.3512 36.097 120
78500 221.468 -312016 643.82 163536 72.3357 72.3357 36.0893 120
78600 222.132 -312017 1890.93 163470 72.3259 72.3259 36.0844 120
78700 219.943 -312019 -21.2738 163496 72.3298 72.3298 36.0863 120
78800 219.799 -312023 433.368 163582 72.3424 72.3424 36.0926 120
78900 219.978 -312022 -204.176 163675 72.3562 72.3562 36.0995 120
79000 220.273 -312016 -233.431 163723 72.3632 72.3632 36.103 120
79100 221.984 -312017 -1163.18 163714 72.3619 72.3619 36.1023 120
79200 221.168 -312017 139.858 163645 72.3517 72.3517 36.0973 120
79300 221.959 -312021 273.651 163575 72.3414 72.3414 36.0922 120
79400 218.879 -312017 244.688 163534 72.3353 72.3353 36.0891 120
79500 218.608 -312018 901.931 163538 72.336 72.336 36.0894 120
79600 219.268 -312019 -509.202 163600 72.3451 72.3451 36.094 120
79700 220.326 -312018 -485.687 163660 72.3539 72.3539 36.0983 120
79800 221.555 -312016 -1167.24 163688 72.3581 72.3581 36.1005 120
79900 221.807 -312018 -920.373 163666 72.3548 72.3548 36.0988 120
80000 220.267 -312020 592.595 163628 72.3492 72.3492 36.096 120
80100 218.883 -312021 275.281 163593 72.3441 72.3441 36.0935 120
80200 219.015 -312021 -119.97 163581 72.3423 72.3423 36.0926 120
80300 219.364 -312018 157.527 163578 72.3418 72.3418 36.0923 120
80400 221.718 -312018 -698.235 163603 72.3455 72.3455 36.0942 120
80500 222.595 -312016 185.173 163629 72.3494 72.3494 36.0961 120
80600 223.163 -312012 -78.8843 163639 72.3508 72.3508 36.0968 120
80700 220.709 -312013 232.251 163641 72.3511 72.3511 36.097 120
80800 219.343 -312017 -104.377 163644 72.3515 72.3515 36.0972 120
80900 220.323 -312023 -488.951 163628 72.3493 72.3493 36.0961 120
81000 219.462 -312022 253.44 163599 72.3449 72.3449 36.0939 120
81100 220.909 -312021 385.302 163579 72.342 72.342 36.0924 120
81200 221.408 -312017 457.378 163571 72.3408 72.3408 36.0919 120
81300 223.055 -312021 241.797 163592 72.344 72.344 36.0934 120
81400 219.977 -312018 -168.897 163631 72.3497 72.3497 36.0963 120
81500 219.988 -312019 347.787 163662 72.3543 72.3543 36.0986 120
81600 219.861 -312019 -1164.85 163673 72.3559 72.3559 36.0994 120
81700 220.592 -312019 -59.8973 163636 72.3504 72.3504 36.0967 120
81800 221.135 -312019 -370.189 163596 72.3445 72.3445 36.0937 120
81900 221.332 -312015 1251.69 163558 72.3388 72.3388 36.0909 120
82000 220.457 -312014 418.991 163568 72.3404 72.3404 36.0916 120
82100 219.915 -312019 -226.563 163603 72.3455 72.3455 36.0942 120
82200 219.935 -312022 -201.98 163639 72.3508 72.3508 36.0968 120
82300 218.899 -312018 -361.218 163655 72.3531 72.3531 36.098 120
82400 220.086 -312016 -165.824 163633 72.35 72.35 36.0964 120
82500 221.845 -312016 586.458 163599 72.345 72.345 36.0939 120
82600 219.482 -312016 119.924 163568 72.3404 72.3404 36.0916 120
82700 220.663 -312025 308.615 163544 72.3368 72.3368 36.0898 120
82800 219.944 -312024 1178.1 163543 72.3367 72.3367 36.0898 120
82900 219.977 -312019 -493.568 163593 72.3441 72.3441 36.0935 120
83000 221.352 -312017 -679.692 163651 72.3526 72.3526 36.0977 120
83100 219.708 -312014 -1233.37 163683 72.3573 72.3573 36.1001 120
83200 219.555 -312018 -158.512 163656 72.3533 72.3533 36.0981 120
83300 217.604 -312022 -41.2529 163593 72.3441 72.3441 36.0935 120
83400 218.365 -312027 1042.69 163542 72.3366 72.3366 36.0897 120
83500 218.543 -312023 1351.51 163530 72.3347 72.3347 36.0888 120
83600 218.864 -312018 724.024 163573 72.341 72.341 36.092 120
83700 220.917 -312018 0.367768 163644 72.3515 72.3515 36.0972 120
83800 220.264 -312015 -1064.38 163701 72.3599 72.3599 36.1014 120
83900 222.546 -312023 -391.789 163693 72.3588 72.3588 36.1008 120
84000 218.823 -312023 -68.0543 163653 72.3529 72.3529 36.0979 120
84100 217.997 -312021 -292.265 163609 72.3464 72.3464 36.0946 120
84200 218.832 -312018 553.879 163564 72.3397 72.3397 36.0913 120
84300 219.689 -312019 211.117 163551 72.3378 72.3378 36.0903 120
84400 219.8 -312018 245.366 163567 72.3403 72.3403 36.0916 120
84500 217.71 -312015 634.738 163605 72.3458 72.3458 36.0943 120
84600 220.315 -312023 221.572 163644 72.3516 72.3516 36.0972 120
84700 219.418 -312025 -539.93 163676 72.3563 72.3563 36.0996 120
84800 216.631 -312019 -970.254 163673 72.3559 72.3559 36.0994 120
84900 218.828 -312016 30.0699 163632 72.3498 72.3498 36.0963 120
85000 221.031 -312019 194.081 163577 72.3417 72.3417 36.0923 120
85100 221.004 -312020 1365.12 163535 72.3355 72.3355 36.0892 120
85200 219.955 -312023 1280.17 163535 72.3355 72.3355 36.0892 120
85300 219.542 -312027 629.093 163576 72.3416 72.3416 36.0922 120
85400 218.934 -312023 -512.553 163641 72.3511 72.3511 36.097 120
85500 221.392 -312019 69.8545 163665 72.3547 72.3547 36.0988 120
85600 222.594 -312020 -330.01 163661 72.3541 72.3541 36.0985 120
85700 219.585 -312018 -112.117 163636 72.3504 72.3504 36.0966 120
85800 219.196 -312021 424.521 163582 72.3424 72.3424 36.0926 120
85900 218.056 -312020 802.846 163540 72.3362 72.3362 36.0895 120
86000 220.146 -312019 479.906 163534 72.3353 72.3353 36.0891 120
86100 219.449 -312012 657.083 163571 72.3408 72.3408 36.0919 120
86200 220.298 -312016 -894.041 163645 72.3516 72.3516 36.0972 120
86300 221.572 -312023 -1380.44 163699 72.3596 72.3596 36.1012 120
86400 218.829 -312019 -819.658 163708 72.361 72.361 36.1019 120
86500 219.728 -312020 -642.566 163666 72.3547 72.3547 36.0988 120
86600 218.194 -312017 329.609 163580 72.3421 72.3421 36.0925 120
86700 219.808 -312019 607.724 163520 72.3333 72.3333 36.0881 120
86800 221.247 -312022 1126.15 163520 72.3333 72.3333 36.0881 120
86900 220.089 -312022 1006.95 163591 72.3438 72.3438 36.0933 120
87000 218.849 -312019 -587.344 163689 72.3582 72.3582 36.1005 120
87100 220.51 -312021 -1189.73 163737 72.3653 72.3653 36.1041 120
87200 220.997 -312022 -167.269 163706 72.3608 72.3608 36.1018 120
87300 220.063 -312020 -621.302 163620 72.3481 72.3481 36.0955 120
87400 221.365 -312023 723.009 163525 72.334 72.334 36.0885 120
87500 219.459 -312020 1279.78 163488 72.3286 72.3286 36.0858 120
87600 219.694 -312021 600.474 163531 72.335 72.335 36.0889 120
87700 219.501 -312023 352.615 163607 72.346 72.346 36.0945 120
87800 220.615 -312027 236.947 163668 72.355 72.355 36.0989 120
87900 218.889 -312018 -811.726 163693 72.3588 72.3588 36.1008 120
88000 219.942 -312015 -263.527 163677 72.3564 72.3564 36.0996 120
88100 222.484 -312021 -179.115 163650 72.3525 72.3525 36.0977 120
88200 218.889 -312019 25.3841 163585 72.3429 72.3429 36.0929 120
88300 219.834 -312024 718.262 163523 72.3337 72.3337 36.0883 120
88400 218.648 -312021 1046.93 163514 72.3324 72.3324 36.0877 120
88500 217.734 -312017 530.974 163573 72.3411 72.3411 36.092 120
88600 220.966 -312021 425.083 163642 72.3512 72.3512 36.097 120
88700 222.443 -312021 -336.632 163695 72.3591 72.3591 36.1009 120
88800 221.833 -312017 -1285.93 163703 72.3602 72.3602 36.1015 120
88900 220.81 -312018 -253.135 163647 72.352 72.352 36.0974 120
89000 218.934 -312021 362.349 163566 72.34 72.34 36.0914 120
89100 218.763 -312023 1128.87 163516 72.3327 72.3327 36.0878 120
89200 222.232 -312026 445.126 163527 72.3344 72.3344 36.0886 120
89300 221.572 -312019 853.23 163586 72.3429 72.3429 36.0929 120
89400 223.838 -312020 -78.0841 163657 72.3534 72.3534 36.0981 120
89500 220.852 -312023 -403.97 163699 72.3597 72.3597 36.1012 120
89600 218.267 -312022 -1366.17 163706 72.3607 72.3607 36.1018 120
89700 219.434 -312022 343.968 163647 72.352 72.352 36.0974 120
89800 220.118 -312018 142.073 163572 72.341 72.341 36.0919 120
89900 221.861 -312021 292.405 163525 72.334 72.334 36.0885 120
90000 219.092 -312017 754.656 163531 72.3349 72.3349 36.0889 120
90100 219.429 -312025 278.312 163585 72.3429 72.3429 36.0929 120
90200 219.398 -312025 -393.596 163665 72.3547 72.3547 36.0988 120
90300 218.923 -312020 -769.466 163708 72.361 72.361 36.1019 120
90400 221.273 -312021 -683.728 163685 72.3576 72.3576 36.1002 120
90500 218.409 -312014 -667.103 163622 72.3483 72.3483 36.0956 120
90600 221.209 -312022 764.07 163555 72.3384 72.3384 36.0906 120
90700 218.888 -312026 935.247 163538 72.3359 72.3359 36.0894 120
90800 218.553 -312027 977.314 163561 72.3394 72.3394 36.0911 120
90900 219.673 -312024 -288.549 163606 72.3459 72.3459 36.0944 120
91000 220.506 -312020 140.954 163657 72.3535 72.3535 36.0982 120
91100 217.975 -312013 -1231.32 163714 72.3618 72.3618 36.1023 120
91200 218.964 -312016 -953.478 163699 72.3596 72.3596 36.1012 120
91300 219.505 -312023 734.429 163627 72.349 72.349 36.0959 120
91400 218.112 -312025 288.845 163578 72.3419 72.3419 36.0924 120
91500 221.338 -312028 -31.3633 163566 72.3401 72.3401 36.0915 120
91600 219.216 -312020 505.279 163586 72.343 72.343 36.0929 120
91700 220.836 -312021 222.002 163625 72.3487 72.3487 36.0958 120
91800 218.564 -312016 -349.137 163666 72.3547 72.3547 36.0988 120
91900 220.379 -312020 -405.608 163679 72.3567 72.3567 36.0998 120
92000 218.382 -312019 -661.223 163639 72.3508 72.3508 36.0968 120
92100 219.673 -312025 -29.1081 163577 72.3418 72.3418 36.0923 120
92200 216.983 -312020 801.3 163541 72.3364 72.3364 36.0897 120
92300 221.808 -312022 -181.867 163566 72.34 72.34 36.0915 120
92400 220.995 -312018 117.307 163616 72.3474 72.3474 36.0951 120
92500 220.338 -312018 -1281.77 163668 72.3551 72.3551 36.099 120
92600 221.384 -312023 -322.477 163671 72.3555 72.3555 36.0992 120
92700 218.746 -312019 39.4513 163636 72.3504 72.3504 36.0966 120
92800 219.249 -312020 30.7086 163596 72.3444 72.3444 36.0936 120
92900 221.966 -312024 542.744 163571 72.3408 72.3408 36.0918 120
93000 220.514 -312019 -575.27 163577 72.3416 72.3416 36.0922 120
93100 222.278 -312019 402.243 163597 72.3447 72.3447 36.0938 120
93200 222.06 -312018 -372.537 163630 72.3496 72.3496 36.0962 120
93300 219.111 -312020 -1674.04 163648 72.3521 72.3521 36.0975 120
93400 219.062 -312022 752.584 163632 72.3499 72.3499 36.0964 120
93500 219.997 -312022 16.5636 163627 72.3491 72.3491 36.096 120
93600 219.965 -312018 -245.239 163605 72.3458 72.3458 36.0943 120
93700 221.84 -312017 1122.82 163577 72.3417 72.3417 36.0923 120
93800 221.868 -312020 219.937 163574 72.3412 72.3412 36.092 120
93900 219.617 -312024 212.109 163588 72.3434 72.3434 36.0931 120
94000 219.078 -312023 444.812 163631 72.3497 72.3497 36.0963 120
94100 218.731 -312019 -927.446 163675 72.3561 72.3561 36.0995 120
94200 221.085 -312018 -785.317 163669 72.3553 72.3553 36.0991 120
94300 221.829 -312019 -285.282 163630 72.3494 72.3494 36.0962 120
94400 218.666 -312020 840.129 163590 72.3436 72.3436 36.0932 120
94500 216.629 -312019 233.482 163574 72.3413 72.3413 36.0921 120
94600 219.652 -312024 749.711 163571 72.3408 72.3408 36.0918 120
94700 219.25 -312019 -145.746 163585 72.3429 72.3429 36.0929 120
94800 221.137 -312019 -313.212 163604 72.3457 72.3457 36.0943 120
94900 219.358 -312017 378.266 163631 72.3496 72.3496 36.0962 120
95000 218.336 -312021 -487.65 163660 72.3539 72.3539 36.0984 120
95100 217.948 -312023 -146.388 163671 72.3556 72.3556 36.0992 120
95200 218.667 -312020 -207.891 163658 72.3537 72.3537 36.0983 120
95300 221.36 -312022 -272.573 163644 72.3515 72.3515 36.0972 120
95400 221.277 -312022 -593.164 163630 72.3495 72.3495 36.0962 120
95500 220.148 -312020 499.692 163616 72.3474 72.3474 36.0951 120
95600 218.404 -312020 -176.015 163629 72.3494 72.3494 36.0961 120
95700 218.307 -312024 503.224 163641 72.3511 72.3511 36.097 120
95800 217.283 -312027 -418.947 163651 72.3525 72.3525 36.0977 120
95900 220.568 -312028 -1094.12 163645 72.3517 72.3517 36.0973 120
96000 218.847 -312020 824.455 163616 72.3474 72.3474 36.0951 120
96100 222.352 -312025 -496.357 163599 72.345 72.345 36.0939 120
96200 220.491 -312020 247.908 163579 72.342 72.342 36.0924 120
96300 220.609 -312022 1024.44 163588 72.3433 72.3433 36.0931 120
96400 216.737 -312020 -272.673 163640 72.3509 72.3509 36.0969 120
96500 217.171 -312022 -358.15 163684 72.3574 72.3574 36.1001 120
96600 219.82 -312022 -530.929 163702 72.3601 72.3601 36.1015 120
96700 220.15 -312019 -372.257 163693 72.3588 72.3588 36.1008 120
96800 220.978 -312022 -222.78 163647 72.352 72.352 36.0974 120
96900 219.495 -312022 321.377 163587 72.3432 72.3432 36.093 120
97000 218.499 -312023 1232.81 163555 72.3385 72.3385 36.0907 120
97100 218.535 -312026 207.477 163599 72.3449 72.3449 36.0939 120
97200 217.968 -312024 -365.428 163658 72.3537 72.3537 36.0983 120
97300 220.67 -312021 -132.267 163694 72.3589 72.3589 36.1009 120
97400 220.786 -312019 -1046.32 163724 72.3634 72.3634 36.1031 120
97500 222.391 -312024 -1074.31 163707 72.3608 72.3608 36.1018 120
97600 219.031 -312024 223.211 163647 72.352 72.352 36.0974 120
97700 218.474 -312025 450.104 163587 72.3432 72.3432 36.093 120
97800 220.044 -312024 940.647 163567 72.3402 72.3402 36.0915 120
97900 222.224 -312020 561.955 163592 72.3439 72.3439 36.0934 120
98000 220.877 -312018 204.34 163638 72.3507 72.3507 36.0968 120
98100 219.606 -312020 -85.3312 163694 72.3589 72.3589 36.1009 120
98200 220.287 -312026 -780.432 163737 72.3653 72.3653 36.104 120
98300 219.209 -312026 -957.46 163728 72.3639 72.3639 36.1034 120
98400 221.533 -312027 171.111 163663 72.3544 72.3544 36.0986 120
98500 221.034 -312020 341.376 163615 72.3473 72.3473 36.0951 120
98600 221.325 -312021 -665.992 163596 72.3446 72.3446 36.0937 120
98700 220.464 -312023 1030.31 163598 72.3448 72.3448 36.0938 120
98800 220.671 -312025 153.913 163650 72.3524 72.3524 36.0976 120
98900 220.247 -312026 -496.54 163708 72.361 72.361 36.1019 120
99000 218.927 -312024 -788.77 163728 72.3639 72.3639 36.1034 120
99100 219.237 -312026 20.2814 163704 72.3604 72.3604 36.1016 120
99200 220.082 -312028 -135.664 163669 72.3552 72.3552 36.099 120
99300 222.08 -312026 171.382 163617 72.3476 72.3476 36.0952 120
99400 219.596 -312019 532.065 163595 72.3444 72.3444 36.0936 120
99500 220.116 -312023 -464.109 163623 72.3485 72.3485 36.0957 120
99600 218.978 -312028 633.797 163666 72.3548 72.3548 36.0988 120
99700 218.332 -312026 208.193 163703 72.3602 72.3602 36.1015 120
99800 221.126 -312028 -106.883 163702 72.3601 72.3601 36.1015 120
99900 220.104 -312023 -923.671 163693 72.3589 72.3589 36.1008 120
100000 221.623 -312025 -502.575 163670 72.3554 72.3554 36.0991 120
