-473.892015
-473.892205
-473.892970
-473.894055
-473.895211
-473.895530
-473.896612
-473.896642
-473.896413
-473.897154
-473.896702
-473.886198
-473.897992
-473.898321
-473.898010
-473.898030
-473.897894
-473.898034
-473.898072
-473.899472
-473.899735
-473.899778
-473.884883
-473.900491
-473.899962
-473.900310
-473.900036
-473.900075
-473.900118
-473.899654
-473.900478
-473.899853
-473.900556
-473.884355
-473.900151
-473.899536
-473.897999
-473.898182
-473.897896
-473.898287
-473.897955
-473.898048
-473.897919
-473.898729
-473.882867
-473.896932
-473.897171
-473.897027
-473.896497
-473.895475
-473.896035
-473.895506
-473.894190
-473.893333
-473.892278
-473.881771
-473.891708
-473.891329
-473.890761
-473.891491
-473.891431
-473.889831
-473.889191
-473.889198
-473.888075
-473.886382
-473.881334
-473.885414
-473.884667
-473.882955
-473.882318
-473.882153
-473.881059
-473.880852
-473.879651
-473.879860
-473.881038
-473.880482
-473.879317
-473.879132
-473.879640
-473.877470
-473.878329
-473.879010
-473.877898
-473.878237
-473.875663
-473.876137
-473.879817
-473.875940
-473.874949
-473.873594
-473.874825
-473.873165
-473.874160
-473.873596
-473.874881
-473.874590
-473.874971
-473.879559
-473.875102
-473.875653
-473.875065
-473.874997
-473.874784
-473.874556
-473.874124
-473.873526
-473.873070
-473.873412
-473.880327
-473.891464
-473.872875
-473.873201
-473.873732
-473.874286
-473.875174
-473.875423
-473.875631
-473.875737
-473.875202
-473.875011
-473.879950
-473.874704
-473.874828
-473.873916
-473.874383
-473.873905
-473.873419
-473.874608
-473.874821
-473.875499
-473.876101
-473.879766
-473.876240
-473.877671
-473.877606
-473.876984
-473.878609
-473.877931
-473.879310
-473.879661
-473.880008
-473.879823
-473.879461
-473.880237
-473.879638
-473.879705
-473.880457
-473.881002
-473.880799
-473.882971
-473.883922
-473.886010
-473.885616
-473.879798
-473.886151
-473.886881
-473.888195
-473.888948
-473.889561
-473.889496
-473.890147
-473.891094
-473.891347
-473.891839
-473.878011
-473.892564
-473.893653
-473.894566
-473.895589
-473.896389
-473.895601
-473.896612
-473.897089
-473.897217
-473.897131
-473.878703
-473.899112
-473.897938
-473.898048
-473.897966
-473.898396
-473.898004
-473.898293
-473.898894
-473.899592
-473.900285
-473.878287
-473.878333
-473.877796
-473.875604
-473.890917
-473.876200
-473.875612
-473.874819
-473.873521
-473.873520
-473.872989
-473.873251
-473.873940
-473.874535
-473.874768
-473.891343
-473.875096
-473.874966
-473.875661
-473.875054
-473.874899
-473.874694
-473.874361
-473.873836
-473.873271
-473.872912
-473.890606
-473.873400
-473.873011
-473.873430
-473.874032
-473.875006
-473.875298
-473.875543
-473.875693
-473.875038
-473.875154
-473.889981
-473.874846
-473.874654
-473.874961
-473.873540
-473.874038
-473.873035
-473.874563
-473.873468
-473.874840
-473.875717
-473.889574
-473.876011
-473.875667
-473.878162
-473.876776
-473.877655
-473.877532
-473.877880
-473.879049
-473.879457
-473.879770
-473.888720
-473.880124
-473.879822
-473.879679
-473.880751
-473.881579
-473.881666
-473.881966
-473.883205
-473.884764
-473.885315
-473.887819
-473.886462
-473.887285
-473.887211
-473.888595
-473.889276
-473.889843
-473.890907
-473.891037
-473.891143
-473.891662
-473.887251
