# Time-averaged data for fix 2
# TimeStep c_thermo_temp c_thermo_pe c_thermo_press v_myVol v_myCella v_myCellb v_myCellc v_myCellgamma
0 1088.39 -309748 42283.5 165751 72.6607 72.6607 36.2514 120
500 1100.25 -309777 24393 165858 72.6764 72.6764 36.2593 120
1000 1120.83 -309831 -12369.6 165946 72.6892 72.6892 36.2657 120
1500 1088.4 -309779 -40787.4 166015 72.6993 72.6993 36.2707 120
2000 1091.18 -309799 -35204.5 166065 72.7065 72.7065 36.2743 120
2500 1107.2 -309846 -5987.78 166099 72.7116 72.7116 36.2768 120
3000 1103.79 -309848 24506.5 166121 72.7148 72.7148 36.2784 120
3500 1087.47 -309820 29156 166134 72.7167 72.7167 36.2794 120
4000 1099.14 -309846 6775.01 166139 72.7174 72.7174 36.2797 120
4500 1107.16 -309862 -19536.5 166131 72.7162 72.7162 36.2791 120
5000 1097.97 -309838 -30640.8 166114 72.7138 72.7138 36.2779 120
5500 1102.08 -309842 -17381.8 166093 72.7106 72.7106 36.2764 120
6000 1103.53 -309844 6934.33 166073 72.7078 72.7078 36.2749 120
6500 1112.42 -309862 24551.9 166053 72.7049 72.7049 36.2735 120
7000 1102.17 -309849 19872.1 166032 72.7018 72.7018 36.272 120
7500 1100.68 -309860 3307.95 166009 72.6984 72.6984 36.2702 120
8000 1094.58 -309864 -18468 165990 72.6957 72.6957 36.2689 120
8500 1105.65 -309896 -21753.4 165977 72.6937 72.6937 36.2679 120
9000 1096.31 -309884 -6320.38 165967 72.6922 72.6922 36.2672 120
9500 1099.55 -309894 16352.3 165961 72.6915 72.6915 36.2668 120
10000 1095.24 -309886 20031.8 165963 72.6917 72.6917 36.2669 120
10500 1104.93 -309905 11853.4 165966 72.6922 72.6922 36.2671 120
11000 1098.1 -309892 -5767.55 165974 72.6933 72.6933 36.2677 120
11500 1094.44 -309880 -18185.5 165989 72.6955 72.6955 36.2688 120
12000 1107.87 -309901 -11606.7 166009 72.6984 72.6984 36.2703 120
12500 1110.44 -309902 6456.6 166035 72.7022 72.7022 36.2721 120
13000 1093.15 -309869 18383.2 166066 72.7068 72.7068 36.2744 120
13500 1108 -309900 13152.4 166102 72.712 72.712 36.277 120
14000 1106 -309902 -1312.98 166139 72.7174 72.7174 36.2797 120
14500 1103.27 -309903 -12029.9 166175 72.7227 72.7227 36.2824 120
15000 1096.74 -309902 -12186 166213 72.7282 72.7282 36.2851 120
15500 1097.51 -309920 -3417.14 166250 72.7337 72.7337 36.2878 120
16000 1092.8 -309922 9292.75 166284 72.7386 72.7386 36.2903 120
16500 1089.64 -309918 11731.7 166315 72.7431 72.7432 36.2926 120
17000 1086.1 -309910 351.708 166345 72.7474 72.7474 36.2947 120
17500 1105.83 -309942 -7300.26 166370 72.7511 72.7511 36.2965 120
18000 1100.84 -309923 -10080.7 166391 72.7542 72.7542 36.2981 120
18500 1098.02 -309910 -3311.57 166410 72.7569 72.7569 36.2994 120
19000 1099.61 -309909 2813.56 166428 72.7596 72.7596 36.3008 120
19500 1094.3 -309898 5225.08 166442 72.7616 72.7616 36.3018 120
20000 1095.95 -309900 2542.28 166448 72.7625 72.7625 36.3022 120
20500 1098.86 -309906 -3685.39 166449 72.7627 72.7627 36.3023 120
21000 1114.26 -309940 -8236.94 166448 72.7625 72.7625 36.3022 120
21500 1100.19 -309917 -2880.43 166447 72.7623 72.7623 36.3021 120
22000 1094.38 -309916 2273.06 166445 72.7621 72.7621 36.302 120
22500 1096.85 -309935 2849.03 166442 72.7616 72.7616 36.3018 120
23000 1094.5 -309943 3557.86 166437 72.7608 72.7608 36.3014 120
23500 1093.53 -309948 347.545 166431 72.76 72.76 36.301 120
24000 1097.63 -309956 -482.831 166424 72.7589 72.7589 36.3004 120
24500 1093.68 -309935 -4770.45 166417 72.758 72.758 36.3 120
25000 1104.75 -309927 -4850.95 166410 72.7569 72.7569 36.2994 120
25500 1104.21 -309914 604.37 166402 72.7558 72.7558 36.2989 120
26000 1115.14 -309936 8110.56 166392 72.7542 72.7543 36.2981 120
26500 1104.54 -309921 7623.59 166380 72.7526 72.7526 36.2973 120
27000 1101.39 -309925 -2019.29 166368 72.7508 72.7508 36.2964 120
27500 1103.05 -309940 -8263.79 166354 72.7488 72.7488 36.2954 120
28000 1095.56 -309938 -9552.85 166342 72.747 72.747 36.2945 120
28500 1098.36 -309952 1945.59 166332 72.7455 72.7455 36.2938 120
29000 1092.19 -309944 9258.41 166327 72.7449 72.7449 36.2934 120
29500 1106.2 -309972 10960 166326 72.7447 72.7447 36.2933 120
30000 1094.85 -309946 4272.4 166330 72.7452 72.7452 36.2936 120
30500 1103.08 -309957 -5236.03 166339 72.7466 72.7466 36.2943 120
31000 1104.09 -309942 -8221.31 166353 72.7486 72.7486 36.2953 120
31500 1111.61 -309936 -3943 166371 72.7513 72.7513 36.2966 120
32000 1099.73 -309905 6393.47 166392 72.7543 72.7543 36.2982 120
32500 1107.39 -309926 8607.14 166416 72.7577 72.7577 36.2999 120
33000 1102.07 -309930 5497.38 166439 72.7611 72.7611 36.3015 120
33500 1100.62 -309944 -1270.35 166464 72.7648 72.7648 36.3034 120
34000 1104.16 -309961 -6215.08 166492 72.7689 72.7689 36.3054 120
34500 1092.66 -309943 -6150.35 166521 72.7731 72.7731 36.3075 120
35000 1102.28 -309963 -2497.25 166547 72.7769 72.7769 36.3094 120
35500 1110.98 -309982 5873.02 166569 72.7801 72.7801 36.311 120
36000 1098.92 -309960 6458.21 166594 72.7838 72.7838 36.3129 120
36500 1091.61 -309948 1907.75 166619 72.7874 72.7874 36.3147 120
37000 1095.88 -309961 -4579.48 166640 72.7904 72.7904 36.3161 120
37500 1080.57 -309933 -10068.5 166656 72.7928 72.7928 36.3173 120
38000 1101.1 -309976 -5095.25 166669 72.7946 72.7946 36.3182 120
38500 1105.34 -309981 1417.17 166679 72.7962 72.7962 36.319 120
39000 1106.23 -309975 6713.01 166686 72.7972 72.7972 36.3195 120
39500 1101.52 -309957 2395.31 166690 72.7977 72.7977 36.3198 120
40000 1105.43 -309956 -2427.89 166689 72.7976 72.7976 36.3197 120
40500 1113.71 -309962 -5827.33 166684 72.7969 72.7969 36.3194 120
41000 1108.25 -309945 -7451.72 166675 72.7956 72.7956 36.3187 120
41500 1096.6 -309926 -1144.9 166660 72.7934 72.7934 36.3176 120
42000 1099.98 -309946 2442.54 166643 72.7908 72.7908 36.3164 120
42500 1091.43 -309951 3249.34 166624 72.7881 72.7881 36.315 120
43000 1101.82 -309985 1898.93 166603 72.7851 72.7851 36.3135 120
43500 1095.8 -309974 -2346.43 166583 72.7822 72.7822 36.312 120
44000 1103.39 -309986 -2944.29 166562 72.7791 72.7791 36.3105 120
44500 1095.98 -309964 -1871.92 166542 72.7762 72.7762 36.3091 120
45000 1107.7 -309977 -458.295 166526 72.7738 72.7738 36.3078 120
45500 1099.22 -309951 3656.59 166510 72.7714 72.7714 36.3067 120
46000 1097.64 -309939 2220.18 166496 72.7695 72.7695 36.3057 120
46500 1112.11 -309965 3381.62 166485 72.7678 72.7678 36.3049 120
47000 1113.76 -309968 -1049.58 166477 72.7666 72.7666 36.3043 120
47500 1101.01 -309953 -3620.3 166472 72.766 72.766 36.304 120
48000 1103.48 -309988 -190.229 166470 72.7656 72.7656 36.3038 120
48500 1095.49 -309988 3392.24 166473 72.7661 72.7661 36.304 120
49000 1096.85 -309993 5226.06 166482 72.7674 72.7674 36.3046 120
49500 1091.09 -309977 -1379.9 166496 72.7695 72.7695 36.3057 120
50000 1096.2 -309971 321.35 166512 72.7718 72.7718 36.3069 120
50500 1092.73 -309947 452.903 166531 72.7746 72.7746 36.3082 120
51000 1107.22 -309965 706.07 166551 72.7775 72.7775 36.3097 120
51500 1099.71 -309945 -2033.13 166573 72.7807 72.7807 36.3113 120
52000 1099.23 -309945 -4020.46 166596 72.7841 72.7841 36.313 120
52500 1102.66 -309959 -1713.44 166621 72.7876 72.7876 36.3148 120
53000 1103.93 -309973 6165.7 166641 72.7906 72.7906 36.3162 120
53500 1096.31 -309972 4625.86 166659 72.7932 72.7932 36.3175 120
54000 1096.01 -309984 -1916.45 166674 72.7953 72.7953 36.3186 120
54500 1086.26 -309976 -4635.95 166683 72.7967 72.7967 36.3193 120
55000 1099.62 -310010 -4537.12 166692 72.798 72.798 36.3199 120
55500 1079.77 -309973 -1620 166699 72.7991 72.7991 36.3205 120
56000 1098.03 -309996 2048.43 166701 72.7993 72.7993 36.3206 120
56500 1088.58 -309955 2887.74 166698 72.7988 72.7988 36.3204 120
57000 1095.67 -309953 -763.973 166693 72.7982 72.7982 36.32 120
57500 1102.65 -309959 -1725.09 166687 72.7973 72.7974 36.3196 120
58000 1108.76 -309965 -1247.9 166679 72.7962 72.7962 36.319 120
58500 1098.95 -309942 1953.44 166670 72.7949 72.7949 36.3184 120
59000 1099.69 -309942 1176.71 166666 72.7943 72.7943 36.3181 120
59500 1107.07 -309963 2033.49 166663 72.7938 72.7938 36.3179 120
60000 1092.56 -309949 2475.65 166663 72.7939 72.7939 36.3179 120
60500 1098.53 -309978 -732.62 166666 72.7942 72.7942 36.3181 120
61000 1097.19 -309985 -967.451 166670 72.7948 72.7948 36.3183 120
61500 1083.66 -309959 -245.901 166674 72.7955 72.7955 36.3187 120
62000 1090.34 -309967 -1023.35 166679 72.7962 72.7962 36.319 120
62500 1104.77 -309986 428.571 166682 72.7965 72.7965 36.3192 120
63000 1106.57 -309981 3062.74 166681 72.7964 72.7964 36.3191 120
63500 1096.25 -309956 -3626.05 166677 72.7958 72.7958 36.3188 120
64000 1102.86 -309967 -4302.85 166666 72.7942 72.7942 36.318 120
64500 1097.28 -309956 -2852.69 166656 72.7927 72.7927 36.3173 120
65000 1104.15 -309972 1382.64 166647 72.7915 72.7915 36.3167 120
65500 1096.41 -309962 5690.29 166641 72.7905 72.7905 36.3162 120
66000 1092.34 -309962 5367.9 166635 72.7898 72.7898 36.3158 120
66500 1093.62 -309979 1978.57 166630 72.7889 72.7889 36.3154 120
67000 1090.65 -309985 -5543.17 166627 72.7885 72.7885 36.3152 120
67500 1087.14 -309989 -5020.94 166625 72.7882 72.7882 36.3151 120
68000 1086.71 -309996 1155.31 166626 72.7883 72.7883 36.3151 120
68500 1095.16 -310011 7325.12 166629 72.7888 72.7888 36.3154 120
69000 1089.46 -309984 5489.47 166634 72.7896 72.7896 36.3158 120
69500 1092.22 -309967 135.864 166640 72.7904 72.7904 36.3162 120
70000 1096.51 -309959 -5003.95 166647 72.7914 72.7914 36.3166 120
70500 1106.81 -309973 -5992.06 166655 72.7927 72.7927 36.3173 120
71000 1095.68 -309950 894.128 166662 72.7937 72.7937 36.3178 120
71500 1099.74 -309961 4620.67 166667 72.7944 72.7944 36.3181 120
72000 1109.97 -309986 4071.11 166673 72.7952 72.7952 36.3186 120
72500 1106.97 -309990 -1273.66 166682 72.7965 72.7965 36.3192 120
73000 1092.45 -309974 -240.108 166689 72.7976 72.7976 36.3197 120
73500 1088.92 -309979 -2109.63 166698 72.7989 72.7989 36.3204 120
74000 1084.17 -309976 -447.151 166706 72.8001 72.8001 36.321 120
74500 1091.89 -309988 -26.379 166713 72.801 72.801 36.3215 120
75000 1105.11 -309996 106.289 166719 72.802 72.802 36.3219 120
75500 1099.75 -309961 1652.37 166725 72.8028 72.8028 36.3223 120
76000 1103.97 -309962 1672.94 166731 72.8037 72.8037 36.3228 120
76500 1108.29 -309971 -405.236 166739 72.8049 72.8049 36.3234 120
77000 1106.21 -309971 243.373 166745 72.8057 72.8057 36.3238 120
77500 1094.74 -309957 -1958.28 166747 72.8061 72.8061 36.324 120
78000 1096.01 -309970 -3429.86 166744 72.8056 72.8056 36.3237 120
78500 1099.67 -309987 -447.44 166738 72.8047 72.8047 36.3233 120
79000 1101.55 -309998 1254.93 166732 72.8039 72.8039 36.3229 120
79500 1096.5 -309994 4391.74 166724 72.8027 72.8027 36.3223 120
80000 1100.21 -310005 517.938 166715 72.8014 72.8014 36.3216 120
80500 1089.42 -309981 -4266.5 166708 72.8004 72.8004 36.3211 120
81000 1089.22 -309971 -3099.28 166702 72.7995 72.7995 36.3207 120
81500 1101.88 -309981 830.52 166699 72.799 72.799 36.3204 120
82000 1104.06 -309973 3707.43 166696 72.7986 72.7986 36.3202 120
82500 1102.34 -309959 2458.55 166696 72.7985 72.7985 36.3202 120
83000 1108.67 -309970 -3158.45 166697 72.7988 72.7988 36.3203 120
83500 1099.65 -309956 -1781.97 166696 72.7986 72.7986 36.3203 120
84000 1103.81 -309974 -354.003 166693 72.7981 72.7981 36.32 120
84500 1101.24 -309986 2456.9 166687 72.7973 72.7973 36.3196 120
85000 1097.81 -309993 308.058 166683 72.7967 72.7967 36.3193 120
85500 1094.4 -309993 -447.494 166677 72.7958 72.7958 36.3189 120
86000 1089.44 -309984 -1039.37 166671 72.7949 72.7949 36.3184 120
86500 1097.32 -309997 -58.8525 166666 72.7943 72.7943 36.3181 120
87000 1091.65 -309980 -337.176 166665 72.7941 72.7941 36.318 120
87500 1098.46 -309988 -1437.13 166666 72.7942 72.7942 36.318 120
88000 1108.85 -310004 3178.61 166665 72.7941 72.7941 36.318 120
88500 1089.94 -309964 2973.61 166670 72.7949 72.7949 36.3184 120
89000 1099.75 -309983 1607.52 166680 72.7962 72.7962 36.319 120
89500 1103.61 -309989 -1518.21 166690 72.7977 72.7977 36.3198 120
90000 1101.97 -309985 -1375.88 166702 72.7994 72.7994 36.3206 120
90500 1101.91 -309987 -1396.85 166716 72.8015 72.8015 36.3217 120
91000 1094.43 -309980 2760.79 166728 72.8033 72.8033 36.3226 120
91500 1083.6 -309974 1987.66 166739 72.8049 72.8049 36.3234 120
92000 1110.01 -310041 1822.21 166749 72.8063 72.8063 36.3241 120
92500 1085.25 -309996 -2052.61 166761 72.808 72.808 36.3249 120
93000 1094.03 -310008 -3569.75 166772 72.8097 72.8097 36.3258 120
93500 1090.01 -309983 -3286.49 166783 72.8113 72.8113 36.3266 120
94000 1099.72 -309987 1055.26 166792 72.8126 72.8126 36.3272 120
94500 1097.55 -309974 4090.61 166799 72.8136 72.8136 36.3277 120
95000 1092.26 -309961 2045.43 166803 72.8142 72.8142 36.328 120
95500 1098.54 -309974 -1049.35 166806 72.8146 72.8146 36.3282 120
96000 1107.68 -309994 -2776.59 166805 72.8145 72.8145 36.3282 120
96500 1105.79 -309993 -4228.48 166801 72.8139 72.8139 36.3279 120
97000 1096.6 -309986 -4822.7 166796 72.8131 72.8131 36.3275 120
97500 1096.34 -310008 704.169 166786 72.8118 72.8118 36.3268 120
98000 1084.06 -310000 8003.5 166774 72.8099 72.8099 36.3259 120
98500 1080.31 -309995 3971.09 166761 72.808 72.808 36.3249 120
99000 1088.85 -310006 -5096.01 166746 72.8059 72.8059 36.3239 120
99500 1107.08 -310030 -8927.9 166732 72.8038 72.8038 36.3228 120
100000 1098.63 -310001 -4062.22 166720 72.802 72.802 36.3219 120
