# Time-averaged data for fix 2
# TimeStep c_thermo_temp c_thermo_pe c_thermo_press v_myVol v_myCella v_myCellb v_myCellc v_myCellgamma
0 1284.79 -309339 46402.5 166100 72.7118 72.7118 36.2769 120
500 1284.6 -309319 45585 166252 72.7339 72.7339 36.2879 120
1000 1323.89 -309389 7994.73 166390 72.7541 72.7541 36.298 120
1500 1313.05 -309361 -34666.1 166513 72.772 72.772 36.307 120
2000 1296.89 -309327 -49244.8 166620 72.7875 72.7875 36.3147 120
2500 1293.53 -309334 -25901.7 166713 72.8011 72.8011 36.3215 120
3000 1322.63 -309415 12155.6 166793 72.8128 72.8128 36.3273 120
3500 1297.46 -309386 37730.6 166858 72.8222 72.8222 36.332 120
4000 1285.18 -309381 26196.4 166908 72.8294 72.8294 36.3356 120
4500 1300.17 -309428 -6924.95 166942 72.8344 72.8344 36.3381 120
5000 1287.13 -309407 -37958.3 166963 72.8375 72.8375 36.3396 120
5500 1285.29 -309397 -36545.9 166972 72.8387 72.8387 36.3402 120
6000 1294.06 -309403 -9823.58 166969 72.8383 72.8383 36.3401 120
6500 1313.05 -309426 17622.7 166959 72.8368 72.8368 36.3393 120
7000 1298.49 -309381 25630.1 166940 72.8341 72.8341 36.3379 120
7500 1310.62 -309397 13278 166910 72.8297 72.8297 36.3358 120
8000 1313.6 -309404 -8488.9 166873 72.8243 72.8243 36.3331 120
8500 1300.65 -309386 -23876.7 166832 72.8183 72.8183 36.3301 120
9000 1298.02 -309399 -24734.6 166790 72.8123 72.8123 36.3271 120
9500 1297.92 -309420 -3088.27 166745 72.8057 72.8057 36.3238 120
10000 1298.1 -309439 18752.1 166701 72.7993 72.7993 36.3206 120
10500 1296.92 -309450 22763.2 166662 72.7937 72.7937 36.3178 120
11000 1294.21 -309454 7611.04 166627 72.7885 72.7885 36.3152 120
11500 1303.46 -309476 -10625.5 166592 72.7835 72.7835 36.3127 120
12000 1287.67 -309439 -19991.8 166561 72.7789 72.7789 36.3104 120
12500 1289.33 -309432 -11481.1 166533 72.7749 72.7749 36.3084 120
13000 1299.71 -309441 3626.97 166513 72.7719 72.7719 36.3069 120
13500 1316.94 -309463 17864.7 166494 72.7691 72.7691 36.3055 120
14000 1308.8 -309440 18136.5 166479 72.7669 72.7669 36.3044 120
14500 1307.97 -309442 4979.61 166471 72.7658 72.7658 36.3039 120
15000 1311.89 -309461 -10766.5 166471 72.7658 72.7658 36.3039 120
15500 1287.73 -309425 -13430 166475 72.7664 72.7664 36.3042 120
16000 1299.26 -309464 -3971.46 166485 72.7679 72.7679 36.3049 120
16500 1298.88 -309481 10418.8 166502 72.7703 72.7703 36.3061 120
17000 1291.81 -309475 19342.8 166524 72.7735 72.7735 36.3077 120
17500 1293.93 -309481 13269.4 166552 72.7776 72.7776 36.3098 120
18000 1296.91 -309486 -1627.47 166586 72.7825 72.7825 36.3122 120
18500 1293.58 -309471 -12765.5 166624 72.7881 72.7881 36.315 120
19000 1301.62 -309471 -9817.95 166665 72.7941 72.7941 36.318 120
19500 1300.42 -309454 2238.85 166706 72.8001 72.8001 36.321 120
20000 1302.91 -309450 8810.28 166749 72.8062 72.8062 36.3241 120
20500 1310.74 -309459 10263.7 166789 72.8121 72.8121 36.327 120
21000 1297.25 -309427 2822.44 166829 72.8179 72.8179 36.3299 120
21500 1311.36 -309460 -3584.8 166868 72.8236 72.8236 36.3327 120
22000 1313.11 -309484 -8401.24 166905 72.829 72.829 36.3354 120
22500 1289.46 -309460 -7324.18 166940 72.8341 72.8341 36.3379 120
23000 1283.01 -309459 -4481.75 166973 72.8389 72.8389 36.3403 120
23500 1302.07 -309502 4916.08 167002 72.8431 72.8431 36.3424 120
24000 1294.33 -309485 8319.91 167030 72.8472 72.8472 36.3445 120
24500 1281.47 -309447 6185.67 167055 72.8508 72.8508 36.3463 120
25000 1304.29 -309477 -1776.92 167076 72.8539 72.8539 36.3478 120
25500 1310.38 -309475 -8819.42 167095 72.8566 72.8566 36.3492 120
26000 1301.43 -309448 -9712.68 167112 72.8591 72.8591 36.3504 120
26500 1309.74 -309461 -3080.33 167127 72.8613 72.8613 36.3515 120
27000 1306.08 -309464 7947.84 167137 72.8627 72.8627 36.3522 120
27500 1295.82 -309470 8320.16 167144 72.8637 72.8637 36.3527 120
28000 1292.73 -309495 876.778 167149 72.8645 72.8645 36.3531 120
28500 1286.93 -309489 -4242.88 167153 72.865 72.865 36.3534 120
29000 1285.24 -309479 -7469.48 167156 72.8655 72.8655 36.3536 120
29500 1298.21 -309493 -4755.24 167159 72.8659 72.8659 36.3538 120
30000 1296.34 -309472 1581.43 167162 72.8663 72.8663 36.354 120
30500 1301.52 -309467 4929.25 167162 72.8663 72.8663 36.354 120
31000 1296.48 -309446 3657.41 167158 72.8658 72.8658 36.3538 120
31500 1308.94 -309466 954.391 167152 72.8649 72.8649 36.3533 120
32000 1290.46 -309430 -5776.26 167146 72.864 72.864 36.3529 120
32500 1301.96 -309460 -6792.97 167141 72.8633 72.8633 36.3525 120
33000 1305.85 -309483 -3241.11 167137 72.8627 72.8627 36.3522 120
33500 1293.26 -309485 2934.05 167132 72.862 72.862 36.3519 120
34000 1292.91 -309500 5623.91 167127 72.8613 72.8613 36.3515 120
34500 1294.07 -309503 4903.7 167121 72.8604 72.8604 36.3511 120
35000 1283.08 -309476 -614.754 167114 72.8594 72.8594 36.3506 120
35500 1299.11 -309497 -5240.16 167105 72.8581 72.8581 36.3499 120
36000 1303.2 -309494 -5441.92 167097 72.8569 72.8569 36.3493 120
36500 1290.2 -309460 -1837.11 167090 72.8559 72.8559 36.3488 120
37000 1306.61 -309485 3010.51 167085 72.8551 72.8551 36.3484 120
37500 1309.43 -309488 4883.97 167080 72.8544 72.8544 36.3481 120
38000 1306.78 -309489 4634.12 167075 72.8537 72.8537 36.3477 120
38500 1308.94 -309507 1087.44 167072 72.8533 72.8533 36.3475 120
39000 1299.12 -309503 -4609.63 167072 72.8533 72.8533 36.3475 120
39500 1290.11 -309502 -5227.38 167076 72.8538 72.8538 36.3478 120
40000 1286.08 -309511 -2904.92 167081 72.8546 72.8546 36.3482 120
40500 1280.57 -309526 609.877 167085 72.8552 72.8552 36.3485 120
41000 1270.92 -309532 6015.06 167086 72.8554 72.8554 36.3486 120
41500 1279.61 -309549 4090.96 167085 72.8552 72.8552 36.3485 120
42000 1278.92 -309527 -2647.33 167082 72.8547 72.8547 36.3483 120
42500 1289.9 -309529 -5026.22 167076 72.8539 72.8539 36.3478 120
43000 1294.5 -309520 -5701.6 167072 72.8533 72.8533 36.3475 120
43500 1279.82 -309474 649.676 167069 72.8528 72.8528 36.3473 120
44000 1302.14 -309504 6766.51 167067 72.8525 72.8525 36.3471 120
44500 1304.87 -309495 8180.91 167066 72.8525 72.8525 36.3471 120
45000 1301.17 -309480 2085.9 167069 72.8528 72.8528 36.3473 120
45500 1296.94 -309470 -3640.76 167073 72.8535 72.8535 36.3476 120
46000 1313.47 -309505 -4834.24 167081 72.8545 72.8545 36.3481 120
46500 1304.75 -309494 -444.152 167091 72.856 72.856 36.3489 120
47000 1286.43 -309474 -58.8596 167105 72.858 72.858 36.3499 120
47500 1289.84 -309502 2592.15 167120 72.8603 72.8603 36.351 120
48000 1287.76 -309511 4333.7 167136 72.8626 72.8626 36.3522 120
48500 1291.54 -309522 2123.89 167153 72.865 72.865 36.3534 120
49000 1299.11 -309530 587.929 167169 72.8673 72.8673 36.3545 120
49500 1302.31 -309525 -4367.29 167186 72.8698 72.8698 36.3558 120
50000 1297.04 -309505 -4506.31 167205 72.8726 72.8726 36.3572 120
50500 1296.26 -309498 1665.9 167224 72.8753 72.8753 36.3585 120
51000 1290.89 -309484 7416.22 167240 72.8778 72.8778 36.3597 120
51500 1288.41 -309478 1474.45 167257 72.8801 72.8801 36.3609 120
52000 1295.47 -309488 -3508.72 167271 72.8821 72.8821 36.3619 120
52500 1298.95 -309492 -6649.45 167282 72.8838 72.8838 36.3628 120
53000 1306.99 -309504 -3388.74 167292 72.8853 72.8853 36.3635 120
53500 1300.95 -309488 334.863 167302 72.8866 72.8866 36.3642 120
54000 1306.24 -309488 2935.05 167310 72.8878 72.8878 36.3647 120
54500 1293.54 -309455 3084.08 167317 72.8889 72.8889 36.3653 120
55000 1312.71 -309486 2136.29 167323 72.8898 72.8898 36.3657 120
55500 1288.01 -309439 -1658.4 167329 72.8907 72.8907 36.3662 120
56000 1314.84 -309508 -3276.34 167333 72.8913 72.8913 36.3665 120
56500 1288.27 -309475 -5315.23 167336 72.8916 72.8916 36.3666 120
57000 1294.44 -309503 -1339.59 167335 72.8915 72.8915 36.3666 120
57500 1308.06 -309537 1168.61 167332 72.891 72.891 36.3664 120
58000 1300.4 -309525 2315.75 167326 72.8902 72.8902 36.3659 120
58500 1296.54 -309517 2753.74 167316 72.8887 72.8887 36.3652 120
59000 1297.2 -309514 -1133.8 167302 72.8868 72.8868 36.3642 120
59500 1298.96 -309506 -4438.41 167288 72.8847 72.8847 36.3632 120
60000 1297.65 -309476 -4151.05 167273 72.8825 72.8825 36.3621 120
60500 1317.72 -309493 1520.44 167258 72.8802 72.8802 36.361 120
61000 1311.37 -309476 3357.93 167246 72.8786 72.8786 36.3601 120
61500 1312.42 -309487 2647.73 167237 72.8773 72.8773 36.3595 120
62000 1307.63 -309492 4296.93 167233 72.8767 72.8767 36.3592 120
62500 1301 -309495 -505.994 167236 72.8771 72.8771 36.3594 120
63000 1281.68 -309468 -364.015 167239 72.8775 72.8775 36.3596 120
63500 1294.08 -309501 774.272 167243 72.8782 72.8782 36.3599 120
64000 1295.86 -309510 -1249.74 167251 72.8793 72.8793 36.3605 120
64500 1299.82 -309521 370.994 167261 72.8807 72.8807 36.3612 120
65000 1299.17 -309518 870.648 167275 72.8827 72.8827 36.3622 120
65500 1304.43 -309522 2230.71 167289 72.8849 72.8849 36.3633 120
66000 1300.7 -309499 2419.52 167305 72.8872 72.8872 36.3644 120
66500 1318.46 -309512 777.077 167323 72.8897 72.8897 36.3657 120
67000 1305.33 -309471 -2428.43 167342 72.8925 72.8925 36.3671 120
67500 1310.35 -309484 -2735.6 167363 72.8956 72.8956 36.3686 120
68000 1302.54 -309486 55.6475 167384 72.8986 72.8986 36.3702 120
68500 1309.54 -309518 3559.62 167404 72.9016 72.9016 36.3716 120
69000 1303.67 -309521 168.247 167426 72.9048 72.9048 36.3732 120
69500 1309.91 -309539 353.596 167447 72.9078 72.9078 36.3747 120
70000 1307.34 -309535 -921.144 167468 72.9108 72.9108 36.3762 120
70500 1301.9 -309527 -1805.73 167484 72.9132 72.9132 36.3774 120
71000 1292.53 -309508 -987.921 167497 72.915 72.915 36.3783 120
71500 1292.82 -309508 -1336.16 167507 72.9165 72.9165 36.3791 120
72000 1303.74 -309523 392.849 167514 72.9175 72.9175 36.3795 120
72500 1305.41 -309512 -288.971 167516 72.9177 72.9177 36.3797 120
73000 1313.36 -309509 -1086.26 167513 72.9173 72.9173 36.3795 120
73500 1310.3 -309490 -4749.39 167510 72.9169 72.9169 36.3793 120
74000 1316.95 -309502 -971.979 167505 72.9162 72.9162 36.3789 120
74500 1313.57 -309506 1669.97 167499 72.9154 72.9154 36.3785 120
75000 1299.35 -309501 3606.08 167491 72.9141 72.9141 36.3779 120
75500 1291.85 -309504 311.795 167481 72.9127 72.9127 36.3771 120
76000 1290.5 -309509 -3365.68 167472 72.9114 72.9114 36.3765 120
76500 1293.36 -309516 -1699.61 167464 72.9102 72.9102 36.3759 120
77000 1290.69 -309507 1.51994 167459 72.9094 72.9094 36.3755 120
77500 1303.2 -309525 1077.27 167454 72.9088 72.9088 36.3752 120
78000 1317.9 -309546 1507.79 167449 72.908 72.908 36.3748 120
78500 1302.05 -309506 1230.37 167440 72.9067 72.9067 36.3742 120
79000 1312.54 -309518 -4156.36 167428 72.905 72.905 36.3733 120
79500 1302.84 -309486 -5878.89 167413 72.9027 72.9027 36.3722 120
80000 1311.24 -309484 -3673.24 167393 72.8999 72.8999 36.3708 120
80500 1306.79 -309464 -220.635 167373 72.897 72.897 36.3693 120
81000 1313.88 -309481 5296.77 167354 72.8942 72.8942 36.368 120
81500 1312.56 -309500 7424.45 167337 72.8917 72.8917 36.3667 120
82000 1299.16 -309502 2199.65 167323 72.8897 72.8897 36.3657 120
82500 1300.68 -309515 -2609.24 167314 72.8884 72.8884 36.365 120
83000 1299.69 -309522 -5088.41 167310 72.8879 72.8879 36.3648 120
83500 1293.39 -309518 795.235 167310 72.8878 72.8878 36.3647 120
84000 1286.51 -309509 4336.72 167313 72.8883 72.8883 36.365 120
84500 1301.8 -309540 6548.44 167319 72.8891 72.8891 36.3654 120
85000 1304.86 -309545 4680.06 167327 72.8904 72.8904 36.366 120
85500 1292.75 -309511 -1086.6 167340 72.8922 72.8922 36.3669 120
86000 1304 -309513 -4457.97 167351 72.8938 72.8938 36.3677 120
86500 1306 -309500 -4653.78 167362 72.8955 72.8955 36.3686 120
87000 1305.62 -309492 55.6942 167375 72.8973 72.8973 36.3695 120
87500 1314.69 -309513 6833.4 167389 72.8993 72.8993 36.3705 120
88000 1303.09 -309505 4747.88 167405 72.9016 72.9016 36.3716 120
88500 1298.37 -309515 -33.701 167419 72.9037 72.9037 36.3727 120
89000 1296.5 -309523 -4172.62 167432 72.9056 72.9056 36.3736 120
89500 1284.17 -309501 -3700.91 167447 72.9078 72.9078 36.3747 120
90000 1299.5 -309531 86.0889 167466 72.9105 72.9105 36.3761 120
90500 1299.56 -309529 3801.41 167487 72.9136 72.9136 36.3776 120
91000 1309.93 -309546 3215.53 167508 72.9166 72.9166 36.3791 120
91500 1300.47 -309520 3070.97 167529 72.9197 72.9197 36.3806 120
92000 1290.93 -309495 -2686.38 167551 72.9229 72.9229 36.3822 120
92500 1307.17 -309516 -1925.5 167570 72.9257 72.9257 36.3836 120
93000 1311.43 -309508 -2637.14 167588 72.9282 72.9282 36.3849 120
93500 1304.38 -309483 -1011.12 167603 72.9304 72.9304 36.386 120
94000 1320.58 -309515 442.052 167618 72.9326 72.9326 36.3871 120
94500 1304.46 -309494 1620.78 167630 72.9344 72.9344 36.388 120
95000 1297.65 -309510 746.563 167641 72.9358 72.9358 36.3887 120
95500 1302.36 -309539 -2702.11 167648 72.9369 72.9369 36.3892 120
96000 1306.06 -309554 -3317.86 167651 72.9373 72.9373 36.3894 120
96500 1286.29 -309515 -4420.14 167650 72.9372 72.9372 36.3894 120
97000 1302 -309541 -1749.83 167642 72.9361 72.9361 36.3888 120
97500 1300.37 -309527 2655.17 167631 72.9344 72.9344 36.388 120
98000 1298.59 -309510 1539.2 167619 72.9328 72.9328 36.3872 120
98500 1301.67 -309502 -1170.83 167607 72.931 72.931 36.3863 120
99000 1308.51 -309505 -2023.79 167593 72.9289 72.9289 36.3853 120
99500 1313.48 -309507 -3027.79 167578 72.9268 72.9268 36.3842 120
100000 1300.42 -309480 -836.649 167565 72.9248 72.9248 36.3832 120
