# Time-averaged data for fix 2
# TimeStep c_thermo_temp c_thermo_pe c_thermo_press v_myVol v_myCella v_myCellb v_myCellc v_myCellgamma
0 1187.66 -309523 42865.8 165973 72.6933 72.6933 36.2677 120
500 1189.15 -309515 40623.7 166102 72.712 72.712 36.277 120
1000 1233.53 -309605 1939.61 166210 72.7278 72.7278 36.2849 120
1500 1201.2 -309546 -38165.8 166300 72.7409 72.7409 36.2915 120
2000 1186.17 -309530 -48212.8 166374 72.7517 72.7517 36.2968 120
2500 1213.08 -309607 -21548 166434 72.7604 72.7604 36.3012 120
3000 1211.22 -309623 19118.8 166480 72.7672 72.7672 36.3046 120
3500 1183.83 -309581 37667.7 166515 72.7722 72.7722 36.3071 120
4000 1197.52 -309620 23145.5 166536 72.7754 72.7754 36.3086 120
4500 1189.38 -309612 -7498.34 166544 72.7764 72.7764 36.3092 120
5000 1187.74 -309606 -35629.7 166542 72.7762 72.7762 36.3091 120
5500 1193.06 -309611 -36947.3 166533 72.7749 72.7749 36.3084 120
6000 1206.57 -309632 -8219.86 166515 72.7722 72.7722 36.3071 120
6500 1195.34 -309598 22212.5 166492 72.7689 72.7689 36.3054 120
7000 1204.46 -309607 31856.2 166466 72.765 72.765 36.3035 120
7500 1205.44 -309609 15634.5 166436 72.7607 72.7607 36.3013 120
8000 1202.36 -309610 -14899.9 166405 72.7562 72.7562 36.2991 120
8500 1195.17 -309608 -30104.7 166373 72.7515 72.7515 36.2968 120
9000 1211.18 -309655 -25478.6 166343 72.7471 72.7472 36.2946 120
9500 1206.92 -309662 4238.88 166309 72.7422 72.7422 36.2921 120
10000 1195.3 -309648 25750.6 166276 72.7374 72.7374 36.2897 120
10500 1185.92 -309635 26625 166245 72.7329 72.7329 36.2874 120
11000 1197.04 -309659 7200.32 166218 72.7289 72.7289 36.2855 120
11500 1205.57 -309670 -16906.6 166196 72.7257 72.7257 36.2838 120
12000 1200.55 -309650 -23019.3 166179 72.7233 72.7233 36.2827 120
12500 1217.16 -309671 -9620.44 166170 72.7219 72.7219 36.282 120
13000 1200.03 -309629 12169.6 166169 72.7218 72.7218 36.2819 120
13500 1215.75 -309656 25883.1 166179 72.7232 72.7232 36.2826 120
14000 1210.37 -309655 20209.8 166199 72.7262 72.7262 36.2841 120
14500 1208.16 -309671 2433.62 166230 72.7306 72.7306 36.2863 120
15000 1196.48 -309668 -13760.6 166268 72.7362 72.7362 36.2891 120
15500 1203.46 -309691 -15085.2 166312 72.7427 72.7427 36.2923 120
16000 1193.38 -309673 -3031.14 166365 72.7504 72.7504 36.2962 120
16500 1201.2 -309685 15095.9 166426 72.7592 72.7592 36.3006 120
17000 1201.95 -309682 21826.1 166490 72.7686 72.7686 36.3052 120
17500 1204.19 -309682 11498 166555 72.778 72.778 36.31 120
18000 1191.9 -309653 -5701.05 166618 72.7872 72.7872 36.3146 120
18500 1209.83 -309677 -15951.9 166680 72.7962 72.7962 36.319 120
19000 1214.3 -309671 -15583.5 166743 72.8054 72.8054 36.3236 120
19500 1210.41 -309652 -1067.05 166803 72.8141 72.8141 36.328 120
20000 1202.81 -309633 12745.7 166857 72.822 72.822 36.3319 120
20500 1215.1 -309665 13250.2 166904 72.8289 72.8289 36.3353 120
21000 1207.74 -309673 4739.67 166942 72.8344 72.8344 36.3381 120
21500 1198.34 -309674 -10574.6 166974 72.839 72.839 36.3404 120
22000 1197.08 -309679 -16000.1 166997 72.8423 72.8423 36.3421 120
22500 1194.57 -309678 -7033.17 167013 72.8448 72.8448 36.3433 120
23000 1209.07 -309710 2091.79 167026 72.8466 72.8466 36.3442 120
23500 1196.79 -309687 9060.78 167034 72.8478 72.8478 36.3448 120
24000 1199.3 -309695 5684.77 167039 72.8484 72.8484 36.3451 120
24500 1203.84 -309705 -2150.75 167038 72.8484 72.8484 36.3451 120
25000 1200.78 -309691 -10164.6 167031 72.8473 72.8473 36.3446 120
25500 1195.21 -309665 -10284.3 167015 72.8449 72.8449 36.3434 120
26000 1218.79 -309695 -6419.4 166991 72.8414 72.8414 36.3416 120
26500 1207.91 -309662 2545.86 166962 72.8372 72.8372 36.3395 120
27000 1209.4 -309664 9380.65 166931 72.8327 72.8327 36.3373 120
27500 1200.12 -309656 5525.69 166900 72.8282 72.8282 36.335 120
28000 1198.39 -309670 -3467.84 166866 72.8233 72.8233 36.3326 120
28500 1200.26 -309688 -8958.54 166828 72.8177 72.8177 36.3298 120
29000 1200.81 -309697 -7707.2 166788 72.812 72.812 36.3269 120
29500 1196.44 -309689 -183.317 166751 72.8066 72.8066 36.3242 120
30000 1202.5 -309700 8104.88 166717 72.8016 72.8016 36.3217 120
30500 1196.48 -309687 7323.62 166688 72.7975 72.7975 36.3197 120
31000 1200.93 -309692 3164.81 166664 72.794 72.794 36.3179 120
31500 1199.3 -309688 -2554.62 166647 72.7915 72.7915 36.3167 120
32000 1202.25 -309697 -4388.67 166637 72.79 72.79 36.316 120
32500 1194.32 -309692 2157.68 166632 72.7892 72.7892 36.3156 120
33000 1188.6 -309697 3458.4 166633 72.7894 72.7894 36.3156 120
33500 1197.41 -309729 4278.64 166639 72.7903 72.7903 36.3161 120
34000 1192.18 -309726 1324.33 166651 72.7921 72.7921 36.317 120
34500 1190.94 -309726 166.44 166665 72.7941 72.7941 36.318 120
35000 1200.42 -309734 1587.1 166678 72.796 72.796 36.319 120
35500 1203.97 -309719 -48.4516 166694 72.7983 72.7983 36.3201 120
36000 1200.87 -309694 -3003.74 166715 72.8013 72.8013 36.3216 120
36500 1220.01 -309725 -2485.76 166736 72.8044 72.8044 36.3231 120
37000 1207.93 -309703 5085.6 166758 72.8075 72.8075 36.3247 120
37500 1204.28 -309700 6457.54 166781 72.811 72.811 36.3264 120
38000 1197.91 -309694 3001.5 166806 72.8146 72.8146 36.3282 120
38500 1195.5 -309697 -3061.47 166833 72.8185 72.8185 36.3302 120
39000 1193.01 -309702 -3688.72 166860 72.8225 72.8225 36.3321 120
39500 1198.72 -309728 311.932 166888 72.8265 72.8265 36.3342 120
40000 1198.13 -309742 91.0383 166917 72.8308 72.8308 36.3363 120
40500 1183.42 -309728 1559.5 166946 72.835 72.835 36.3384 120
41000 1182.73 -309734 2523.71 166974 72.839 72.839 36.3404 120
41500 1186.51 -309737 989.054 167000 72.8428 72.8428 36.3423 120
42000 1187.04 -309709 -2387.49 167023 72.8462 72.8462 36.344 120
42500 1206.16 -309725 -4664.32 167043 72.849 72.849 36.3454 120
43000 1203.51 -309709 -2719.22 167057 72.8512 72.8512 36.3465 120
43500 1210.19 -309715 753.685 167068 72.8527 72.8527 36.3472 120
44000 1208.83 -309707 786.071 167077 72.8539 72.8539 36.3478 120
44500 1208.38 -309705 1803.36 167080 72.8544 72.8544 36.3481 120
45000 1196.59 -309684 -1089.6 167079 72.8543 72.8543 36.3481 120
45500 1209.02 -309717 -2844.94 167074 72.8536 72.8536 36.3477 120
46000 1197.53 -309710 -3240.65 167068 72.8527 72.8527 36.3472 120
46500 1192.09 -309715 -1850.58 167058 72.8513 72.8513 36.3465 120
47000 1203.84 -309746 -1553.3 167044 72.8492 72.8492 36.3455 120
47500 1196.5 -309733 -1117.77 167027 72.8468 72.8468 36.3443 120
48000 1194.4 -309725 2698.98 167010 72.8443 72.8443 36.343 120
48500 1200.78 -309728 2144.69 166997 72.8424 72.8424 36.3421 120
49000 1207.32 -309714 1254.34 166986 72.8407 72.8407 36.3413 120
49500 1208.15 -309694 -1201.46 166978 72.8397 72.8397 36.3407 120
50000 1214.54 -309703 186.947 166976 72.8393 72.8393 36.3405 120
50500 1209.49 -309701 696.094 166980 72.8398 72.8398 36.3408 120
51000 1206.6 -309712 1801.13 166988 72.8411 72.8411 36.3415 120
51500 1209.41 -309733 2853.36 167000 72.8428 72.8428 36.3423 120
52000 1204.23 -309735 926.618 167016 72.8451 72.8451 36.3434 120
52500 1207.3 -309747 2387.24 167034 72.8477 72.8477 36.3447 120
53000 1191.38 -309716 833.409 167052 72.8504 72.8504 36.3461 120
53500 1200.74 -309732 -69.6814 167070 72.853 72.853 36.3474 120
54000 1202.95 -309731 -4237.82 167092 72.8562 72.8562 36.349 120
54500 1197.31 -309709 -2643.4 167115 72.8596 72.8596 36.3507 120
55000 1203.22 -309700 4606.49 167137 72.8627 72.8627 36.3522 120
55500 1214.35 -309701 4104.05 167160 72.866 72.866 36.3539 120
56000 1219.23 -309708 -1120.46 167181 72.8691 72.8691 36.3554 120
56500 1220.57 -309717 -3814.32 167200 72.8718 72.8718 36.3568 120
57000 1206.8 -309702 -3226.24 167216 72.8742 72.8742 36.3579 120
57500 1205.55 -309713 363.586 167231 72.8764 72.8764 36.3591 120
58000 1199.49 -309709 1826.77 167248 72.8788 72.8788 36.3603 120
58500 1195.86 -309708 2396.35 167262 72.8809 72.8809 36.3613 120
59000 1203.11 -309729 1602.81 167274 72.8826 72.8826 36.3621 120
59500 1199.74 -309727 -325.476 167282 72.8838 72.8838 36.3628 120
60000 1190.31 -309713 -3860.78 167288 72.8847 72.8847 36.3632 120
60500 1199.98 -309732 -4836.6 167293 72.8854 72.8854 36.3636 120
61000 1202.55 -309739 -3090.25 167297 72.886 72.886 36.3638 120
61500 1198.45 -309729 2441.16 167299 72.8862 72.8862 36.364 120
62000 1198.12 -309721 4527.25 167299 72.8863 72.8863 36.364 120
62500 1205.69 -309730 2010.92 167298 72.8861 72.8861 36.3639 120
63000 1206.85 -309725 -2339.95 167293 72.8854 72.8854 36.3635 120
63500 1209.73 -309723 -7624.77 167285 72.8842 72.8842 36.363 120
64000 1202 -309702 -2440.66 167271 72.8822 72.8822 36.362 120
64500 1206.52 -309712 2745.77 167256 72.88 72.88 36.3608 120
65000 1200.04 -309703 3457.89 167242 72.878 72.878 36.3599 120
65500 1191.46 -309703 -694.041 167231 72.8764 72.8764 36.3591 120
66000 1204.47 -309749 -790.848 167222 72.875 72.875 36.3584 120
66500 1199.72 -309750 24.6764 167213 72.8737 72.8737 36.3577 120
67000 1197.78 -309750 1336.22 167203 72.8723 72.8723 36.357 120
67500 1200.41 -309754 -2501.56 167192 72.8708 72.8708 36.3562 120
68000 1194.9 -309735 -3678.03 167178 72.8687 72.8687 36.3552 120
68500 1196.49 -309722 -265.38 167164 72.8667 72.8667 36.3542 120
69000 1202.86 -309718 3595.23 167151 72.8648 72.8648 36.3533 120
69500 1202.86 -309708 1307.82 167142 72.8634 72.8634 36.3526 120
70000 1205.08 -309712 1277.69 167133 72.8622 72.8622 36.352 120
70500 1196.21 -309696 -779.58 167129 72.8615 72.8615 36.3516 120
71000 1196.73 -309703 1447.85 167128 72.8615 72.8615 36.3516 120
71500 1211.09 -309739 -326.898 167137 72.8627 72.8627 36.3522 120
72000 1197.2 -309721 2279.79 167151 72.8648 72.8648 36.3533 120
72500 1191.48 -309724 1496.63 167172 72.8678 72.8678 36.3548 120
73000 1196.49 -309744 2447.84 167194 72.871 72.871 36.3564 120
73500 1193.07 -309742 1430.4 167216 72.8743 72.8743 36.358 120
74000 1204.6 -309766 -3071.76 167238 72.8774 72.8774 36.3595 120
74500 1202.85 -309750 -3774.54 167256 72.8801 72.8801 36.3609 120
75000 1195.61 -309709 -1729.23 167275 72.8827 72.8827 36.3622 120
75500 1202.3 -309705 1097.26 167291 72.8851 72.8851 36.3634 120
76000 1197.95 -309695 1788.99 167305 72.8872 72.8872 36.3644 120
76500 1211.24 -309726 239.487 167315 72.8886 72.8886 36.3652 120
77000 1202.26 -309717 -3192.17 167322 72.8896 72.8896 36.3656 120
77500 1201.57 -309725 -3874.22 167324 72.8899 72.8899 36.3658 120
78000 1211.82 -309756 -4617.24 167321 72.8895 72.8895 36.3656 120
78500 1198.32 -309741 -2263.23 167314 72.8885 72.8885 36.3651 120
79000 1185.63 -309724 1207.29 167302 72.8867 72.8867 36.3642 120
79500 1194.86 -309747 2812.33 167287 72.8845 72.8845 36.3631 120
80000 1191.86 -309739 1241.28 167271 72.8821 72.8821 36.3619 120
80500 1197.1 -309736 -2113.52 167253 72.8795 72.8795 36.3606 120
81000 1203.93 -309717 -2116.24 167232 72.8765 72.8765 36.3591 120
81500 1204.54 -309705 -1965.8 167212 72.8737 72.8737 36.3577 120
82000 1221.04 -309735 -2837.37 167195 72.8712 72.8712 36.3565 120
82500 1213.35 -309727 981.396 167179 72.8689 72.8689 36.3553 120
83000 1214.56 -309741 2811.97 167165 72.8668 72.8668 36.3543 120
83500 1201.32 -309731 4886.03 167151 72.8647 72.8647 36.3532 120
84000 1193.29 -309728 4383.21 167136 72.8626 72.8626 36.3522 120
84500 1188.54 -309727 -4354.09 167125 72.8609 72.8609 36.3513 120
85000 1191.33 -309733 -6738.58 167113 72.8592 72.8592 36.3505 120
85500 1193.46 -309732 -5411.28 167101 72.8575 72.8575 36.3496 120
86000 1204.5 -309746 1943.5 167088 72.8556 72.8556 36.3487 120
86500 1204.26 -309727 10491.5 167076 72.8539 72.8539 36.3478 120
87000 1206 -309709 6749.74 167071 72.8532 72.8532 36.3475 120
87500 1212.56 -309711 565.128 167071 72.8531 72.8531 36.3474 120
88000 1212.59 -309711 -3335.37 167075 72.8538 72.8538 36.3478 120
88500 1191.97 -309681 -5260.49 167087 72.8554 72.8554 36.3486 120
89000 1204.45 -309724 -298.887 167103 72.8577 72.8577 36.3497 120
89500 1203.15 -309733 7581.25 167122 72.8605 72.8605 36.3511 120
90000 1203.38 -309738 7093.75 167146 72.864 72.864 36.3529 120
90500 1206.28 -309748 2440.24 167172 72.8679 72.8679 36.3548 120
91000 1195.7 -309731 -3109.48 167201 72.872 72.872 36.3569 120
91500 1193.2 -309731 -5375.72 167227 72.8759 72.8759 36.3588 120
92000 1201.08 -309750 -4963.96 167252 72.8794 72.8794 36.3605 120
92500 1203.42 -309756 -1438.74 167270 72.8821 72.8821 36.3619 120
93000 1195.33 -309736 1533.87 167285 72.8843 72.8843 36.363 120
93500 1201.58 -309740 1868.26 167298 72.8862 72.8862 36.3639 120
94000 1203.1 -309729 1214.35 167307 72.8875 72.8875 36.3646 120
94500 1201.98 -309714 -1671.5 167313 72.8883 72.8883 36.365 120
95000 1215.32 -309730 -6959.59 167317 72.8889 72.8889 36.3653 120
95500 1214.06 -309723 -2957.95 167317 72.8888 72.8888 36.3653 120
96000 1209.67 -309723 -697.714 167315 72.8886 72.8886 36.3651 120
96500 1201.11 -309731 2355.88 167311 72.888 72.888 36.3649 120
97000 1192.16 -309734 5508.7 167305 72.8872 72.8872 36.3644 120
97500 1198.68 -309753 2242.86 167301 72.8865 72.8865 36.3641 120
98000 1197.44 -309747 -3377.77 167295 72.8856 72.8856 36.3637 120
98500 1192.34 -309726 -6636.32 167284 72.884 72.884 36.3629 120
99000 1195.86 -309723 -4948.27 167271 72.8822 72.8822 36.362 120
99500 1198.88 -309718 870.742 167262 72.8809 72.8809 36.3613 120
100000 1207.22 -309728 6269.38 167256 72.88 72.88 36.3608 120
