# Time-averaged data for fix 2
# TimeStep c_thermo_temp c_thermo_pe c_thermo_press v_myVol v_myCella v_myCellb v_myCellc v_myCellgamma
0 337.551 -311708 1602.79 163251 72.2936 72.2936 36.0683 120
100 336.688 -311724 -156.313 163410 72.317 72.317 36.08 120
200 345.097 -311715 -831.996 163513 72.3323 72.3323 36.0876 120
300 355.174 -311693 -1549.59 163567 72.3402 72.3402 36.0915 120
400 363.55 -311692 227.164 163575 72.3414 72.3414 36.0921 120
500 358.153 -311700 317.706 163570 72.3406 72.3406 36.0918 120
600 349.176 -311720 -60.5679 163566 72.3401 72.3401 36.0915 120
700 340.806 -311727 -484.814 163554 72.3382 72.3382 36.0906 120
800 344.414 -311731 910.021 163538 72.3359 72.3359 36.0894 120
900 352.452 -311722 887.562 163535 72.3355 72.3355 36.0892 120
1000 357.265 -311713 1066.54 163544 72.3368 72.3368 36.0898 120
1100 356.494 -311717 1356.39 163579 72.342 72.342 36.0924 120
1200 354.253 -311738 1092.92 163641 72.3511 72.3511 36.097 120
1300 345.05 -311742 794.402 163716 72.3621 72.3621 36.1025 120
1400 345.762 -311745 -848.665 163780 72.3716 72.3716 36.1072 120
1500 349.639 -311733 -713.94 163793 72.3736 72.3736 36.1082 120
1600 354.487 -311719 -285.476 163775 72.3709 72.3709 36.1069 120
1700 356.593 -311719 334.599 163769 72.37 72.37 36.1064 120
1800 354.059 -311736 -14.6476 163785 72.3723 72.3723 36.1075 120
1900 344.097 -311741 288.041 163790 72.3731 72.3731 36.1079 120
2000 344.62 -311750 129.743 163778 72.3713 72.3713 36.107 120
2100 348.4 -311745 317.577 163760 72.3687 72.3687 36.1058 120
2200 355.751 -311737 471.786 163751 72.3673 72.3673 36.1051 120
2300 358.86 -311731 66.5763 163764 72.3693 72.3693 36.106 120
2400 351.676 -311727 837.122 163790 72.3731 72.3731 36.108 120
2500 348.634 -311744 -4.28117 163834 72.3796 72.3796 36.1112 120
2600 344.379 -311751 -66.4748 163871 72.385 72.385 36.1139 120
2700 346.281 -311750 -102.515 163889 72.3876 72.3876 36.1152 120
2800 350.358 -311739 70.3563 163899 72.3892 72.3892 36.116 120
2900 353.598 -311730 346.819 163901 72.3894 72.3894 36.1161 120
3000 355.571 -311737 -981.923 163894 72.3884 72.3884 36.1156 120
3100 352.111 -311749 737.768 163874 72.3854 72.3854 36.1141 120
3200 342.623 -311749 250.467 163875 72.3856 72.3856 36.1142 120
3300 344.725 -311752 -253.055 163880 72.3863 72.3863 36.1146 120
3400 351.742 -311752 496.559 163873 72.3852 72.3852 36.114 120
3500 353.025 -311739 -240.942 163883 72.3868 72.3868 36.1148 120
3600 351.654 -311736 19.5758 163898 72.389 72.389 36.1159 120
3700 348.775 -311743 -181.5 163906 72.3902 72.3902 36.1165 120
3800 345.657 -311752 -1028.45 163910 72.3908 72.3908 36.1168 120
3900 346.945 -311760 -98.0455 163906 72.3902 72.3902 36.1165 120
4000 349.395 -311756 71.6128 163904 72.3899 72.3899 36.1163 120
4100 351.73 -311745 465.471 163904 72.3899 72.3899 36.1163 120
4200 352.226 -311741 826.598 163910 72.3907 72.3907 36.1167 120
4300 351.353 -311748 -30.7011 163916 72.3916 72.3916 36.1172 120
4400 348.577 -311758 -43.8318 163919 72.392 72.392 36.1174 120
4500 346.523 -311763 -849.222 163927 72.3932 72.3932 36.118 120
4600 346.503 -311762 -116.769 163910 72.3908 72.3908 36.1168 120
4700 350.694 -311758 -18.2187 163900 72.3893 72.3893 36.116 120
4800 353.6 -311756 316.176 163905 72.39 72.39 36.1164 120
4900 351.135 -311754 942.877 163918 72.3919 72.3919 36.1173 120
5000 349.207 -311761 -404.057 163936 72.3946 72.3946 36.1187 120
5100 346.934 -311765 619.883 163945 72.396 72.396 36.1194 120
5200 346.31 -311763 654.995 163957 72.3976 72.3976 36.1202 120
5300 349.308 -311761 -1426.69 163973 72.4 72.4 36.1214 120
5400 357.175 -311765 45.4931 163963 72.3985 72.3985 36.1206 120
5500 354.327 -311758 -406.771 163951 72.3968 72.3968 36.1198 120
5600 351.769 -311762 333.36 163934 72.3942 72.3943 36.1185 120
5700 346.544 -311763 -460.288 163919 72.3921 72.3921 36.1174 120
5800 347.862 -311770 563.255 163912 72.391 72.391 36.1169 120
5900 344.7 -311758 530.672 163930 72.3937 72.3937 36.1182 120
6000 354.207 -311765 415.109 163950 72.3967 72.3967 36.1197 120
6100 351.636 -311754 -57.9331 163979 72.4009 72.4009 36.1218 120
6200 348.196 -311752 -936.793 164004 72.4046 72.4046 36.1237 120
6300 350.489 -311768 42.3877 164009 72.4053 72.4053 36.124 120
6400 349.667 -311775 -45.7524 163999 72.4038 72.4038 36.1233 120
6500 351.326 -311776 -433.303 163979 72.4009 72.4009 36.1218 120
6600 348.626 -311762 708.82 163973 72.4 72.4 36.1214 120
6700 351.24 -311759 -470.466 163978 72.4008 72.4008 36.1218 120
6800 348.777 -311754 729.757 163975 72.4003 72.4003 36.1215 120
6900 350.639 -311766 250.514 163984 72.4017 72.4017 36.1222 120
7000 348.957 -311774 -193.56 164007 72.405 72.405 36.1239 120
7100 345.199 -311769 -581.594 164025 72.4077 72.4077 36.1252 120
7200 350.989 -311772 686.537 164024 72.4075 72.4075 36.1251 120
7300 351.039 -311761 -52.716 164020 72.407 72.407 36.1249 120
7400 354.07 -311764 -335.61 164017 72.4065 72.4065 36.1246 120
7500 349.105 -311759 631.882 164016 72.4063 72.4063 36.1245 120
7600 349.08 -311770 -853.55 164027 72.408 72.408 36.1253 120
7700 349.408 -311776 -495.559 164025 72.4077 72.4077 36.1252 120
7800 349.766 -311774 -331.743 164010 72.4055 72.4055 36.1241 120
7900 353.282 -311771 898.764 163990 72.4026 72.4026 36.1226 120
8000 351.003 -311760 681.777 163984 72.4016 72.4016 36.1222 120
8100 352.073 -311766 -143.849 164005 72.4047 72.4047 36.1237 120
8200 350.724 -311772 367.366 164029 72.4082 72.4082 36.1255 120
8300 348.613 -311774 79.5834 164050 72.4113 72.4113 36.127 120
8400 349.281 -311773 -259.576 164073 72.4147 72.4147 36.1287 120
8500 350.46 -311767 -655.494 164082 72.4161 72.4161 36.1294 120
8600 351.226 -311762 423.085 164067 72.4138 72.4138 36.1283 120
8700 353.028 -311767 -649.152 164045 72.4106 72.4106 36.1267 120
8800 347.846 -311764 809.645 164014 72.4061 72.4061 36.1244 120
8900 349.502 -311775 139.808 163999 72.4038 72.4038 36.1233 120
9000 345.228 -311768 86.2218 163993 72.403 72.403 36.1229 120
9100 349.579 -311771 667.542 163996 72.4034 72.4034 36.1231 120
9200 352.336 -311769 1069.83 164014 72.406 72.406 36.1244 120
9300 352.102 -311767 -379.332 164048 72.411 72.411 36.1269 120
9400 350.675 -311768 -459.758 164074 72.4149 72.4149 36.1288 120
9500 349.274 -311771 348.168 164076 72.4151 72.4151 36.1289 120
9600 348.116 -311771 -553.906 164066 72.4137 72.4137 36.1282 120
9700 350.562 -311772 380.626 164055 72.4121 72.4121 36.1274 120
9800 351.116 -311769 672.746 164046 72.4108 72.4108 36.1267 120
9900 348.073 -311762 -249.848 164054 72.412 72.412 36.1274 120
10000 350.38 -311769 132.232 164056 72.4122 72.4122 36.1275 120
10100 351.676 -311776 1133.4 164048 72.411 72.411 36.1269 120
10200 350.026 -311776 -896.636 164056 72.4122 72.4122 36.1274 120
10300 348.501 -311770 -345.018 164060 72.4128 72.4128 36.1278 120
10400 348.657 -311766 881.248 164067 72.4138 72.4138 36.1283 120
10500 348.168 -311762 -698.242 164085 72.4164 72.4164 36.1296 120
10600 350.68 -311767 -169.032 164092 72.4176 72.4176 36.1301 120
10700 346.66 -311765 -1027.06 164099 72.4186 72.4186 36.1306 120
10800 348.806 -311773 -1006.71 164087 72.4167 72.4167 36.1297 120
10900 350.617 -311777 121.657 164065 72.4136 72.4136 36.1282 120
11000 351.358 -311775 761.21 164043 72.4103 72.4103 36.1265 120
11100 350.307 -311767 812.996 164027 72.408 72.408 36.1254 120
11200 352.897 -311771 1023.58 164020 72.4069 72.4069 36.1248 120
11300 349.785 -311769 742.433 164040 72.4098 72.4098 36.1263 120
11400 344.507 -311766 -1217.35 164091 72.4174 72.4174 36.1301 120
11500 348.609 -311776 -210.813 164112 72.4204 72.4204 36.1316 120
11600 347.628 -311770 224.105 164106 72.4196 72.4196 36.1312 120
11700 350.217 -311767 -392.712 164096 72.418 72.418 36.1304 120
11800 352.542 -311771 597.514 164084 72.4163 72.4163 36.1295 120
11900 350.559 -311771 -1211.73 164078 72.4155 72.4155 36.1291 120
12000 346.41 -311770 388.727 164064 72.4133 72.4133 36.128 120
12100 346.237 -311773 525.694 164054 72.4119 72.4119 36.1273 120
12200 349.537 -311776 -122.244 164061 72.4129 72.4129 36.1278 120
12300 349.76 -311770 253.109 164070 72.4143 72.4143 36.1285 120
12400 350.348 -311767 -965.001 164082 72.416 72.416 36.1294 120
12500 349.945 -311768 67.3563 164073 72.4147 72.4147 36.1287 120
12600 349.709 -311774 165.318 164061 72.413 72.413 36.1279 120
12700 348.672 -311778 310.623 164059 72.4127 72.4127 36.1277 120
12800 350.668 -311782 11.128 164065 72.4135 72.4135 36.1281 120
12900 351.07 -311776 513.233 164077 72.4154 72.4154 36.129 120
13000 349.893 -311768 -859.344 164110 72.4202 72.4202 36.1314 120
13100 350.814 -311768 231.659 164131 72.4232 72.4232 36.133 120
13200 351.412 -311774 -1267.31 164147 72.4256 72.4256 36.1341 120
13300 347.711 -311774 -311.313 164134 72.4237 72.4237 36.1332 120
13400 346.885 -311775 296.958 164108 72.4199 72.4199 36.1313 120
13500 347.997 -311774 229.01 164085 72.4165 72.4165 36.1296 120
13600 350.29 -311773 188.164 164059 72.4127 72.4127 36.1277 120
13700 353.287 -311775 518.206 164045 72.4106 72.4106 36.1267 120
13800 349.988 -311773 158.837 164050 72.4113 72.4113 36.127 120
13900 348.51 -311775 647.058 164067 72.4138 72.4138 36.1283 120
14000 349.36 -311778 639.482 164091 72.4174 72.4174 36.13 120
14100 351.245 -311779 -562.51 164110 72.4202 72.4202 36.1314 120
14200 348.452 -311769 -756.847 164128 72.4228 72.4228 36.1327 120
14300 346.645 -311763 -850.27 164123 72.4221 72.4221 36.1324 120
14400 350.561 -311773 98.8829 164097 72.4182 72.4182 36.1305 120
14500 349.707 -311776 173.331 164087 72.4167 72.4167 36.1297 120
14600 347.689 -311776 -542.093 164089 72.4171 72.4171 36.1299 120
14700 349.777 -311780 424.921 164083 72.4161 72.4161 36.1294 120
14800 350.794 -311778 894.211 164074 72.4148 72.4148 36.1288 120
14900 348.631 -311771 -210.416 164091 72.4174 72.4174 36.13 120
15000 350.851 -311775 -36.857 164120 72.4216 72.4216 36.1321 120
15100 351.012 -311777 327.163 164141 72.4247 72.4247 36.1337 120
15200 346.106 -311771 -543.404 164149 72.4259 72.4259 36.1343 120
15300 351.576 -311782 511.741 164134 72.4237 72.4237 36.1332 120
15400 349.763 -311777 -746.386 164114 72.4208 72.4208 36.1317 120
15500 347.607 -311772 -186.874 164092 72.4175 72.4175 36.1301 120
15600 351.105 -311778 237.423 164079 72.4157 72.4157 36.1292 120
15700 349.946 -311776 671.076 164084 72.4163 72.4163 36.1295 120
15800 349.24 -311778 -506.631 164111 72.4203 72.4203 36.1315 120
15900 351.069 -311781 392.129 164120 72.4217 72.4217 36.1322 120
16000 349.961 -311780 456.696 164140 72.4246 72.4246 36.1336 120
16100 348.101 -311776 -480.33 164172 72.4294 72.4294 36.136 120
16200 350.899 -311781 -975.435 164194 72.4325 72.4325 36.1376 120
16300 350.192 -311777 -227.741 164174 72.4296 72.4296 36.1362 120
16400 349.789 -311776 159.269 164134 72.4237 72.4237 36.1332 120
16500 350.778 -311780 1065.13 164105 72.4194 72.4194 36.1311 120
16600 350.591 -311781 -282.86 164105 72.4194 72.4194 36.1311 120
16700 350.5 -311782 -528.708 164104 72.4194 72.4194 36.131 120
16800 349.457 -311779 -89.0019 164096 72.4182 72.4182 36.1304 120
16900 350.316 -311779 720.579 164108 72.4199 72.4199 36.1313 120
17000 348.791 -311776 -15.3293 164140 72.4246 72.4246 36.1336 120
17100 348.826 -311777 -1583.1 164169 72.4289 72.4289 36.1358 120
17200 349.16 -311780 401.455 164170 72.429 72.429 36.1359 120
17300 349.617 -311780 405.32 164151 72.4262 72.4262 36.1345 120
17400 349.553 -311779 594.252 164125 72.4224 72.4224 36.1325 120
17500 351.703 -311782 295.703 164111 72.4203 72.4203 36.1315 120
17600 354.168 -311786 403.396 164105 72.4194 72.4194 36.1311 120
17700 348.464 -311776 216.248 164113 72.4207 72.4207 36.1317 120
17800 350.449 -311783 751.119 164125 72.4223 72.4223 36.1325 120
17900 351.062 -311786 -234.357 164138 72.4243 72.4243 36.1335 120
18000 346.055 -311775 -316.722 164141 72.4248 72.4248 36.1337 120
18100 349.473 -311779 -447.357 164133 72.4235 72.4235 36.1331 120
18200 354.115 -311785 871.121 164117 72.4212 72.4212 36.132 120
18300 350.56 -311781 613.844 164121 72.4217 72.4217 36.1322 120
18400 349.907 -311783 -620.315 164144 72.4252 72.4252 36.1339 120
18500 347.951 -311782 190.52 164163 72.4279 72.4279 36.1353 120
18600 348.538 -311782 107.641 164178 72.4302 72.4302 36.1364 120
18700 350.886 -311784 -739.198 164185 72.4312 72.4312 36.137 120
18800 349.683 -311778 -716.994 164184 72.4311 72.4311 36.1369 120
18900 353.524 -311786 -178.07 164178 72.4302 72.4302 36.1365 120
19000 348.127 -311777 780.664 164165 72.4282 72.4282 36.1354 120
19100 351.554 -311786 322.746 164158 72.4273 72.4273 36.135 120
19200 349.261 -311783 26.0937 164152 72.4264 72.4264 36.1345 120
19300 350.653 -311783 254.577 164145 72.4254 72.4254 36.134 120
19400 350.749 -311781 705.546 164140 72.4246 72.4246 36.1336 120
19500 352.457 -311784 493.562 164148 72.4258 72.4258 36.1342 120
19600 350.112 -311782 525.789 164169 72.4288 72.4288 36.1357 120
19700 349.744 -311783 -714.627 164192 72.4322 72.4322 36.1374 120
19800 347.337 -311778 -141.165 164186 72.4314 72.4314 36.137 120
19900 349.978 -311781 -33.7304 164184 72.4311 72.4311 36.1369 120
20000 351.525 -311782 -58.3546 164176 72.4299 72.4299 36.1363 120
20100 349.621 -311779 77.2477 164152 72.4264 72.4264 36.1346 120
20200 350.484 -311783 -395.255 164140 72.4246 72.4246 36.1336 120
20300 348.629 -311782 768.042 164126 72.4225 72.4225 36.1326 120
20400 351.923 -311789 -521.7 164119 72.4215 72.4215 36.1321 120
20500 351.985 -311787 408.212 164121 72.4218 72.4218 36.1323 120
20600 352.064 -311785 1317.73 164134 72.4237 72.4237 36.1332 120
20700 349.912 -311780 628.991 164176 72.4298 72.4298 36.1363 120
20800 351.031 -311782 -1120.69 164233 72.4382 72.4382 36.1404 120
20900 348.339 -311780 -924.949 164253 72.4412 72.4412 36.1419 120
21000 346.898 -311778 -485.698 164229 72.4376 72.4376 36.1402 120
21100 348.164 -311781 -73.7815 164181 72.4306 72.4306 36.1366 120
21200 351.745 -311785 233.339 164126 72.4225 72.4225 36.1326 120
21300 349.473 -311779 -533.048 164093 72.4176 72.4176 36.1302 120
21400 350.355 -311780 571.128 164072 72.4146 72.4146 36.1286 120
21500 348.176 -311779 1642.97 164075 72.415 72.415 36.1288 120
21600 351.987 -311790 -566.299 164122 72.422 72.422 36.1324 120
21700 349.489 -311785 1010.6 164177 72.43 72.43 36.1364 120
21800 352.745 -311788 -960.362 164227 72.4373 72.4373 36.14 120
21900 352.906 -311784 -484.93 164257 72.4417 72.4417 36.1422 120
22000 351.494 -311779 -707.613 164266 72.4431 72.4431 36.1429 120
22100 351.638 -311782 -1278.58 164253 72.4412 72.4412 36.1419 120
22200 351.105 -311787 255.55 164203 72.4338 72.4338 36.1382 120
22300 349.451 -311788 211.859 164158 72.4272 72.4272 36.1349 120
22400 349.407 -311786 1357.43 164125 72.4224 72.4224 36.1325 120
22500 352.082 -311782 459.374 164112 72.4205 72.4205 36.1316 120
22600 352.544 -311779 854.061 164136 72.424 72.424 36.1334 120
22700 349.684 -311779 -424.057 164190 72.432 72.432 36.1373 120
22800 348.431 -311784 -973.336 164242 72.4396 72.4396 36.1411 120
22900 347.934 -311782 -1205.64 164269 72.4435 72.4435 36.1431 120
23000 349.038 -311781 -1092.78 164256 72.4417 72.4417 36.1422 120
23100 351.127 -311781 -346.14 164223 72.4368 72.4368 36.1397 120
23200 348.653 -311775 291.527 164176 72.4299 72.4299 36.1363 120
23300 349.948 -311788 2258.32 164138 72.4243 72.4243 36.1335 120
23400 348.873 -311792 1139.94 164133 72.4235 72.4235 36.1331 120
23500 347.468 -311785 -81.8257 164171 72.4291 72.4291 36.1359 120
23600 349.149 -311780 -814.186 164225 72.437 72.437 36.1398 120
23700 352.694 -311783 -1217.98 164266 72.4431 72.4431 36.1429 120
23800 349.732 -311779 -776.063 164273 72.4441 72.4441 36.1434 120
23900 351.205 -311786 183.872 164253 72.4412 72.4412 36.1419 120
24000 349.14 -311787 211.554 164230 72.4378 72.4378 36.1402 120
24100 349.723 -311793 359.687 164198 72.433 72.433 36.1379 120
24200 345.831 -311787 468.829 164181 72.4306 72.4306 36.1367 120
24300 349.319 -311787 -64.3823 164187 72.4316 72.4316 36.1371 120
24400 347.615 -311776 -63.1118 164199 72.4333 72.4333 36.138 120
24500 351.971 -311784 293.05 164209 72.4347 72.4347 36.1387 120
24600 349.628 -311788 -700.71 164224 72.437 72.437 36.1398 120
24700 346.033 -311787 422.545 164237 72.4389 72.4389 36.1408 120
24800 347.972 -311787 694.831 164255 72.4415 72.4415 36.1421 120
24900 350.725 -311790 -714.142 164277 72.4447 72.4447 36.1437 120
25000 352.685 -311789 -293.972 164285 72.4459 72.4459 36.1443 120
25100 350.291 -311782 111.406 164280 72.4451 72.4451 36.1439 120
25200 353.743 -311784 -48.508 164270 72.4437 72.4437 36.1432 120
25300 352.439 -311789 52.9637 164264 72.4428 72.4428 36.1427 120
25400 351.736 -311796 -104.803 164251 72.441 72.441 36.1418 120
25500 349.163 -311793 -252.58 164223 72.4368 72.4368 36.1397 120
25600 350.77 -311791 1164.6 164199 72.4332 72.4332 36.138 120
25700 353.331 -311785 -165.417 164204 72.434 72.434 36.1383 120
25800 351.593 -311780 607.724 164211 72.435 72.435 36.1388 120
25900 351.017 -311784 656.101 164229 72.4376 72.4376 36.1401 120
26000 350.889 -311789 -60.2304 164250 72.4407 72.4407 36.1417 120
26100 349.587 -311791 36.1882 164268 72.4434 72.4434 36.143 120
26200 347.853 -311789 476.475 164269 72.4436 72.4436 36.1431 120
26300 349.234 -311788 -356.155 164262 72.4425 72.4425 36.1426 120
26400 350.719 -311781 -1280.35 164247 72.4404 72.4404 36.1415 120
26500 349.848 -311780 121.5 164215 72.4356 72.4356 36.1391 120
26600 353.03 -311795 -502.993 164204 72.434 72.434 36.1383 120
26700 348.729 -311792 144.873 164201 72.4336 72.4336 36.1381 120
26800 350.252 -311794 679.985 164214 72.4355 72.4355 36.1391 120
26900 350.063 -311790 -550.243 164254 72.4414 72.4414 36.142 120
27000 353.078 -311794 -471.09 164294 72.4473 72.4473 36.145 120
27100 350.724 -311787 -521.408 164322 72.4513 72.4513 36.147 120
27200 351.636 -311786 -636.471 164321 72.4512 72.4512 36.1469 120
27300 351.983 -311787 -894.796 164294 72.4472 72.4472 36.1449 120
27400 350.586 -311790 425.533 164242 72.4396 72.4396 36.1412 120
27500 348.49 -311793 268.058 164199 72.4333 72.4333 36.138 120
27600 346.359 -311790 783.086 164173 72.4294 72.4294 36.1361 120
27700 351.441 -311793 1216.12 164175 72.4297 72.4297 36.1362 120
27800 351.307 -311784 843.44 164203 72.4338 72.4338 36.1383 120
27900 351.051 -311785 479.139 164255 72.4414 72.4415 36.1421 120
28000 349.134 -311787 -492.937 164314 72.4502 72.4502 36.1464 120
28100 348.02 -311789 -82.8749 164363 72.4574 72.4574 36.15 120
28200 350.238 -311792 -1030.29 164369 72.4583 72.4583 36.1504 120
28300 349.287 -311789 -183.313 164321 72.4512 72.4512 36.1469 120
28400 351.988 -311792 -606.609 164256 72.4416 72.4416 36.1421 120
28500 350.85 -311789 1616.19 164199 72.4332 72.4332 36.138 120
28600 350.686 -311791 176.992 164189 72.4318 72.4318 36.1372 120
28700 350.622 -311798 7.64298 164185 72.4312 72.4312 36.1369 120
28800 347.918 -311795 777.983 164197 72.4329 72.4329 36.1378 120
28900 349.591 -311793 541.907 164226 72.4373 72.4373 36.14 120
29000 349.649 -311783 -186.966 164265 72.443 72.443 36.1428 120
29100 355.971 -311795 -572.067 164294 72.4473 72.4473 36.145 120
29200 349.933 -311788 -147.685 164294 72.4473 72.4473 36.145 120
29300 350.705 -311795 -544.437 164277 72.4448 72.4448 36.1437 120
29400 347.854 -311790 1046.31 164256 72.4417 72.4417 36.1422 120
29500 346.639 -311786 306.853 164253 72.4412 72.4412 36.1419 120
29600 353.146 -311797 466.666 164251 72.441 72.441 36.1418 120
29700 349.838 -311789 598.446 164245 72.44 72.44 36.1413 120
29800 353.601 -311793 666.97 164245 72.4401 72.4401 36.1414 120
29900 352.004 -311787 25.8437 164254 72.4414 72.4414 36.142 120
30000 351.037 -311787 553.999 164258 72.442 72.442 36.1423 120
30100 347.499 -311789 -235.509 164264 72.4429 72.4429 36.1428 120
30200 348.846 -311795 650.39 164277 72.4447 72.4447 36.1437 120
30300 351.686 -311798 -1013.03 164279 72.4451 72.4451 36.1439 120
30400 349.621 -311782 -704.25 164267 72.4433 72.4433 36.143 120
30500 353.824 -311790 -800.298 164253 72.4412 72.4412 36.1419 120
30600 350.564 -311790 1167.99 164230 72.4378 72.4378 36.1403 120
30700 346.263 -311789 -582.065 164226 72.4372 72.4372 36.1399 120
30800 346.354 -311789 -135.011 164214 72.4355 72.4355 36.1391 120
30900 349.849 -311789 436.901 164211 72.4351 72.4351 36.1389 120
31000 354.245 -311787 610.068 164228 72.4376 72.4376 36.1401 120
31100 352.898 -311788 -132.292 164264 72.4428 72.4428 36.1427 120
31200 354.236 -311798 210.823 164285 72.4459 72.4459 36.1443 120
31300 349.153 -311791 180.924 164286 72.446 72.446 36.1443 120
31400 350.97 -311795 128.527 164269 72.4436 72.4436 36.1431 120
31500 346.77 -311784 779.537 164247 72.4403 72.4403 36.1415 120
31600 353.369 -311788 251.672 164235 72.4386 72.4386 36.1406 120
31700 353.7 -311785 361.467 164226 72.4373 72.4373 36.14 120
31800 349.013 -311785 108.859 164222 72.4367 72.4367 36.1397 120
31900 350.873 -311795 -23.5956 164227 72.4374 72.4374 36.14 120
32000 351.543 -311796 420.93 164237 72.4389 72.4389 36.1408 120
32100 351.089 -311796 519.227 164254 72.4413 72.4413 36.142 120
32200 352.168 -311794 -548.484 164280 72.4452 72.4452 36.1439 120
32300 352.131 -311787 -145.876 164284 72.4458 72.4458 36.1442 120
32400 353.812 -311790 -953.381 164274 72.4443 72.4443 36.1435 120
32500 350.828 -311795 -548.838 164244 72.44 72.44 36.1413 120
32600 349.315 -311797 23.6503 164222 72.4367 72.4367 36.1397 120
32700 349.217 -311795 682.477 164223 72.4367 72.4367 36.1397 120
32800 351.292 -311793 -513.344 164236 72.4388 72.4388 36.1407 120
32900 351.589 -311787 348.018 164246 72.4402 72.4402 36.1414 120
33000 354.082 -311787 986.303 164261 72.4424 72.4424 36.1425 120
33100 352.476 -311789 183.747 164292 72.4469 72.4469 36.1448 120
33200 350.728 -311796 -1091.96 164327 72.4521 72.4521 36.1474 120
33300 349.764 -311798 -945.702 164333 72.4529 72.4529 36.1478 120
33400 348.384 -311793 -71.0661 164304 72.4487 72.4487 36.1457 120
33500 350.214 -311789 -822.298 164269 72.4435 72.4435 36.1431 120
33600 352.645 -311789 -406.814 164229 72.4377 72.4377 36.1402 120
33700 350.736 -311790 411.33 164204 72.4341 72.4341 36.1384 120
33800 349.278 -311793 1358.5 164206 72.4342 72.4342 36.1384 120
33900 351.085 -311797 775.803 164229 72.4376 72.4376 36.1401 120
34000 350.408 -311797 908.171 164267 72.4433 72.4433 36.143 120
34100 349 -311796 -1177.51 164314 72.4502 72.4502 36.1464 120
34200 348.089 -311794 -188.439 164313 72.45 72.45 36.1463 120
34300 349.618 -311789 -168.966 164301 72.4483 72.4483 36.1455 120
34400 350.483 -311786 159.238 164288 72.4464 72.4464 36.1445 120
34500 353.461 -311798 -72.6096 164276 72.4446 72.4446 36.1436 120
34600 354.001 -311810 -1264.37 164272 72.444 72.4441 36.1433 120
34700 347.696 -311798 239.21 164251 72.4409 72.4409 36.1418 120
34800 349.759 -311797 678.597 164237 72.4388 72.4388 36.1407 120
34900 352.428 -311796 913.031 164248 72.4404 72.4404 36.1415 120
35000 355.011 -311796 82.4291 164275 72.4444 72.4444 36.1435 120
35100 356.909 -311792 260.195 164300 72.4481 72.4481 36.1454 120
35200 350.444 -311788 -980.518 164328 72.4522 72.4522 36.1474 120
35300 348.804 -311794 -347.079 164328 72.4522 72.4522 36.1474 120
35400 346.28 -311793 -467.25 164318 72.4507 72.4507 36.1467 120
35500 346.963 -311796 -657.519 164300 72.4482 72.4482 36.1454 120
35600 348.4 -311795 -128.243 164279 72.4451 72.4451 36.1439 120
35700 350.798 -311790 742.552 164258 72.442 72.442 36.1423 120
35800 354.412 -311796 816.739 164250 72.4408 72.4408 36.1417 120
35900 349.268 -311796 244.017 164264 72.4428 72.4428 36.1427 120
36000 348.629 -311798 -847.323 164293 72.447 72.447 36.1448 120
36100 350.82 -311802 785.842 164317 72.4506 72.4506 36.1466 120
36200 348.71 -311795 131.581 164343 72.4544 72.4544 36.1485 120
36300 349.941 -311791 -1142.19 164347 72.455 72.455 36.1488 120
36400 353.316 -311790 -1244.34 164322 72.4514 72.4514 36.147 120
36500 354.544 -311795 763.21 164269 72.4435 72.4435 36.1431 120
36600 350.534 -311801 694.277 164230 72.4379 72.4379 36.1403 120
36700 349.666 -311803 142.297 164214 72.4355 72.4355 36.1391 120
36800 350.017 -311801 617.818 164221 72.4365 72.4365 36.1396 120
36900 347.509 -311790 60.2765 164269 72.4436 72.4436 36.1431 120
37000 354.269 -311796 482.531 164327 72.4521 72.4521 36.1474 120
37100 354.396 -311797 -1744.52 164374 72.459 72.459 36.1508 120
37200 348.012 -311799 -129.31 164382 72.4602 72.4602 36.1514 120
37300 347.34 -311800 -809.918 164367 72.4579 72.4579 36.1503 120
37400 349.815 -311801 -941.233 164327 72.4521 72.4521 36.1474 120
37500 349.805 -311793 180.406 164274 72.4444 72.4444 36.1435 120
37600 353.487 -311799 817.085 164228 72.4375 72.4375 36.1401 120
37700 347.372 -311793 401.621 164215 72.4356 72.4356 36.1391 120
37800 346.653 -311797 516.147 164230 72.4378 72.4378 36.1402 120
37900 350.341 -311803 893.099 164259 72.4421 72.4421 36.1424 120
38000 350.119 -311801 147.974 164301 72.4483 72.4483 36.1455 120
38100 351.363 -311798 -31.7288 164342 72.4543 72.4543 36.1485 120
38200 354.128 -311800 -1418.37 164373 72.4589 72.4589 36.1508 120
38300 352.292 -311796 -1215.74 164351 72.4556 72.4556 36.1491 120
38400 349.667 -311802 277.419 164300 72.4481 72.4481 36.1454 120
38500 345.356 -311800 768.184 164262 72.4426 72.4426 36.1426 120
38600 348.979 -311804 230.789 164238 72.4389 72.4389 36.1408 120
38700 350.23 -311798 -459.243 164216 72.4357 72.4357 36.1392 120
38800 352.92 -311800 525.529 164215 72.4356 72.4356 36.1391 120
38900 352.89 -311801 -68.8174 164248 72.4405 72.4405 36.1416 120
39000 349.47 -311798 -720.967 164310 72.4496 72.4496 36.1461 120
39100 351.753 -311808 722.449 164347 72.455 72.455 36.1488 120
39200 347.807 -311803 -979.278 164362 72.4573 72.4573 36.1499 120
39300 350.11 -311799 -466.397 164325 72.4518 72.4518 36.1472 120
39400 353.151 -311798 602.055 164262 72.4426 72.4426 36.1426 120
39500 353.73 -311802 1375.74 164208 72.4346 72.4346 36.1386 120
39600 351.018 -311806 1040.26 164192 72.4322 72.4322 36.1374 120
39700 347.277 -311801 640.546 164210 72.4349 72.4349 36.1388 120
39800 350.733 -311805 821.796 164257 72.4417 72.4417 36.1422 120
39900 349.014 -311800 -1535.72 164327 72.452 72.452 36.1473 120
40000 348.348 -311797 -1139.07 164377 72.4594 72.4594 36.151 120
40100 350.611 -311800 -106.068 164388 72.4611 72.4611 36.1518 120
40200 348.346 -311797 -793.133 164362 72.4573 72.4573 36.15 120
40300 348.453 -311798 116.123 164314 72.4501 72.4501 36.1464 120
40400 347.132 -311798 -365.455 164257 72.4418 72.4418 36.1422 120
40500 349.38 -311806 1311.44 164206 72.4342 72.4342 36.1385 120
40600 350.279 -311808 639.172 164206 72.4343 72.4343 36.1385 120
40700 351.018 -311803 1364.85 164244 72.4399 72.4399 36.1413 120
40800 351.969 -311798 -893.35 164304 72.4486 72.4486 36.1456 120
40900 351.567 -311797 714.073 164340 72.454 72.454 36.1483 120
41000 348.474 -311803 -305.159 164365 72.4577 72.4577 36.1502 120
41100 350.296 -311810 -1213.42 164370 72.4583 72.4583 36.1505 120
41200 351.543 -311808 -1517.63 164346 72.4549 72.4549 36.1488 120
41300 351.338 -311802 463.038 164302 72.4484 72.4484 36.1455 120
41400 351.879 -311799 -340.765 164267 72.4432 72.4432 36.1429 120
41500 350.906 -311801 1481.9 164256 72.4416 72.4416 36.1421 120
41600 346.497 -311806 89.1372 164271 72.4439 72.4439 36.1433 120
41700 345.352 -311802 422.145 164298 72.4478 72.4478 36.1452 120
41800 351.378 -311805 -200.811 164334 72.4532 72.4532 36.1479 120
41900 348.648 -311795 202.666 164371 72.4585 72.4585 36.1506 120
42000 352.292 -311802 -729.24 164383 72.4603 72.4603 36.1515 120
42100 351.416 -311803 -309.562 164363 72.4573 72.4573 36.15 120
42200 347.739 -311808 -1004.83 164324 72.4517 72.4517 36.1472 120
42300 349.018 -311812 533.999 164283 72.4456 72.4456 36.1441 120
42400 348.253 -311802 1005.56 164269 72.4435 72.4435 36.1431 120
42500 349.947 -311802 1069.26 164270 72.4437 72.4437 36.1432 120
42600 350.571 -311801 -793.654 164288 72.4463 72.4463 36.1445 120
42700 349.154 -311797 -771.092 164307 72.4491 72.4491 36.1459 120
42800 349.465 -311797 317.138 164312 72.4499 72.4499 36.1463 120
42900 350.877 -311803 -663.522 164314 72.4502 72.4502 36.1464 120
43000 349.1 -311804 -144.444 164309 72.4494 72.4494 36.146 120
43100 350.064 -311809 -301.594 164298 72.4478 72.4478 36.1452 120
43200 348.56 -311801 1314.72 164283 72.4457 72.4457 36.1442 120
43300 355.543 -311804 -100.685 164301 72.4483 72.4483 36.1455 120
43400 351.785 -311798 -1235.91 164326 72.4519 72.4519 36.1473 120
43500 349.385 -311799 -889.471 164329 72.4524 72.4524 36.1475 120
43600 347.188 -311799 31.1208 164295 72.4475 72.4475 36.145 120
43700 344.088 -311794 -31.688 164247 72.4403 72.4403 36.1415 120
43800 348.934 -311802 1830.25 164223 72.4368 72.4368 36.1398 120
43900 350.673 -311801 93.9737 164252 72.4411 72.4411 36.1419 120
44000 351.49 -311800 197.279 164313 72.45 72.45 36.1463 120
44100 350.092 -311794 -794.622 164382 72.4601 72.4601 36.1514 120
44200 350.783 -311799 -1122.91 164406 72.4637 72.4637 36.1532 120
44300 347.737 -311802 -1088.08 164383 72.4603 72.4603 36.1515 120
44400 345.355 -311800 138.405 164329 72.4524 72.4524 36.1475 120
44500 346.731 -311799 387.154 164276 72.4446 72.4446 36.1436 120
44600 351.205 -311795 181.311 164243 72.4397 72.4397 36.1412 120
44700 354.192 -311803 739.366 164229 72.4377 72.4377 36.1402 120
44800 351.207 -311801 1575.23 164247 72.4404 72.4404 36.1415 120
44900 350.103 -311805 -315.237 164312 72.4499 72.4499 36.1463 120
45000 347.078 -311800 -643.58 164376 72.4593 72.4593 36.1509 120
45100 348.943 -311801 -1647.19 164407 72.4638 72.4638 36.1532 120
45200 352.955 -311806 -1169.9 164387 72.4608 72.4608 36.1517 120
45300 348.642 -311794 243.436 164330 72.4525 72.4525 36.1476 120
45400 356.387 -311799 43.5605 164264 72.4428 72.4428 36.1427 120
45500 351.675 -311796 1260.55 164220 72.4363 72.4363 36.1395 120
45600 348.931 -311801 228.318 164225 72.4371 72.4371 36.1399 120
45700 348.158 -311804 763.905 164277 72.4447 72.4447 36.1437 120
45800 348.46 -311806 -94.1179 164361 72.457 72.457 36.1498 120
45900 352.53 -311809 -1223.32 164417 72.4654 72.4654 36.154 120
46000 354.105 -311801 -428.375 164424 72.4663 72.4663 36.1544 120
46100 353.815 -311802 -1530.24 164399 72.4627 72.4627 36.1527 120
46200 349.196 -311799 60.5364 164335 72.4533 72.4533 36.148 120
46300 348.197 -311802 1400.66 164270 72.4436 72.4436 36.1431 120
46400 352.065 -311810 283.62 164237 72.4389 72.4389 36.1408 120
46500 350.946 -311807 1329.37 164230 72.4379 72.4379 36.1403 120
46600 350.101 -311802 897.406 164246 72.4402 72.4402 36.1414 120
46700 350.994 -311793 1018.97 164290 72.4466 72.4466 36.1446 120
46800 355.578 -311800 -183.143 164352 72.4557 72.4557 36.1492 120
46900 354.44 -311808 -801.567 164392 72.4617 72.4617 36.1521 120
47000 347.511 -311799 -1064.12 164398 72.4626 72.4626 36.1526 120
47100 348.031 -311801 42.6481 164371 72.4586 72.4586 36.1506 120
47200 350.731 -311805 -59.5385 164330 72.4525 72.4525 36.1475 120
47300 350.438 -311801 880.763 164276 72.4445 72.4445 36.1436 120
47400 352.485 -311799 1290.97 164240 72.4394 72.4394 36.141 120
47500 351.838 -311799 811.328 164235 72.4386 72.4386 36.1406 120
47600 351.257 -311810 797.941 164258 72.4419 72.4419 36.1423 120
47700 351.151 -311812 -780.841 164294 72.4472 72.4472 36.1449 120
47800 347.965 -311802 -388.721 164323 72.4515 72.4515 36.1471 120
47900 352.474 -311802 229.635 164351 72.4556 72.4556 36.1491 120
48000 352.099 -311795 -776.101 164378 72.4596 72.4596 36.1511 120
48100 356.12 -311797 -576.075 164388 72.461 72.461 36.1518 120
48200 353.627 -311799 -948.518 164383 72.4603 72.4603 36.1514 120
48300 354.306 -311812 34.6307 164356 72.4564 72.4564 36.1495 120
48400 345.861 -311799 95.1505 164329 72.4523 72.4523 36.1475 120
48500 349.223 -311806 -736.604 164306 72.4491 72.4491 36.1459 120
48600 348.606 -311798 104.563 164283 72.4457 72.4457 36.1442 120
48700 352.499 -311798 177.185 164298 72.4478 72.4478 36.1452 120
48800 348.708 -311793 675.942 164336 72.4534 72.4534 36.148 120
48900 347.906 -311806 -894.068 164378 72.4596 72.4596 36.1511 120
49000 347.764 -311805 -859.319 164395 72.4621 72.4621 36.1524 120
49100 350.304 -311804 -317.451 164380 72.4599 72.4599 36.1513 120
49200 354.989 -311807 599.787 164343 72.4544 72.4544 36.1485 120
49300 350.257 -311798 265.31 164304 72.4486 72.4486 36.1456 120
49400 347.921 -311806 562.584 164271 72.4439 72.4439 36.1433 120
49500 347.107 -311810 435.396 164262 72.4425 72.4425 36.1426 120
49600 347.312 -311804 1053.77 164279 72.445 72.445 36.1438 120
49700 351.304 -311805 671.878 164335 72.4532 72.4532 36.1479 120
49800 351.702 -311803 -260.958 164391 72.4614 72.4614 36.152 120
49900 348.612 -311798 -673.024 164423 72.4662 72.4662 36.1544 120
50000 352.042 -311808 -863.468 164422 72.466 72.466 36.1543 120
50100 345.5 -311810 -1083.67 164387 72.4608 72.4608 36.1517 120
50200 348.324 -311814 240.946 164321 72.4512 72.4512 36.1469 120
50300 349.397 -311806 496.35 164270 72.4438 72.4438 36.1432 120
50400 351.124 -311807 -386.695 164256 72.4416 72.4416 36.1421 120
50500 351.459 -311804 810.638 164256 72.4416 72.4416 36.1421 120
50600 351.264 -311805 -614.939 164285 72.4459 72.4459 36.1443 120
50700 347.347 -311801 -609.036 164320 72.451 72.451 36.1468 120
50800 348.299 -311810 -827.971 164353 72.456 72.456 36.1493 120
50900 345.25 -311802 -663.823 164372 72.4587 72.4587 36.1507 120
51000 353.25 -311806 -1361.4 164362 72.4572 72.4572 36.1499 120
51100 350.497 -311799 132.072 164327 72.452 72.452 36.1473 120
51200 351.86 -311805 815.266 164296 72.4476 72.4476 36.1451 120
51300 346.684 -311800 273.192 164283 72.4456 72.4456 36.1441 120
51400 347.184 -311808 873.029 164282 72.4455 72.4455 36.1441 120
51500 346.084 -311819 -271.163 164317 72.4506 72.4506 36.1466 120
51600 345.555 -311812 813.629 164349 72.4554 72.4554 36.149 120
51700 348.549 -311809 -67.305 164368 72.4581 72.4581 36.1504 120
51800 351.979 -311808 -363.002 164366 72.4577 72.4577 36.1502 120
51900 351.254 -311801 -214.524 164336 72.4534 72.4534 36.148 120
52000 352.2 -311803 -448.575 164309 72.4494 72.4494 36.146 120
52100 350.25 -311807 -686.929 164284 72.4458 72.4458 36.1442 120
52200 346.475 -311807 1192.27 164267 72.4432 72.4432 36.1429 120
52300 344.3 -311801 -81.7811 164277 72.4448 72.4448 36.1437 120
52400 351.03 -311808 705.02 164300 72.4481 72.4481 36.1454 120
52500 348.269 -311801 236.649 164331 72.4527 72.4527 36.1477 120
52600 348.592 -311800 -984.11 164356 72.4564 72.4564 36.1495 120
52700 350.49 -311802 -23.1195 164368 72.4581 72.4581 36.1504 120
52800 349.859 -311799 -607.396 164365 72.4577 72.4577 36.1502 120
52900 348.883 -311797 89.7338 164341 72.4541 72.4541 36.1484 120
53000 349.373 -311802 238.305 164325 72.4517 72.4517 36.1472 120
53100 348.643 -311808 -176.285 164322 72.4513 72.4513 36.147 120
53200 347.476 -311809 8.18255 164308 72.4493 72.4493 36.1459 120
53300 349.364 -311802 514.042 164292 72.447 72.447 36.1448 120
53400 351.437 -311799 167.848 164292 72.4469 72.4469 36.1448 120
53500 350.397 -311801 470.661 164289 72.4465 72.4465 36.1446 120
53600 350.258 -311807 26.3956 164288 72.4464 72.4464 36.1445 120
53700 349.241 -311808 950.852 164294 72.4473 72.4473 36.145 120
53800 347.521 -311802 584.2 164320 72.4511 72.4511 36.1468 120
53900 351.772 -311795 218.874 164345 72.4548 72.4548 36.1487 120
54000 353.239 -311801 -824.228 164363 72.4574 72.4574 36.15 120
54100 352.928 -311809 231.791 164363 72.4574 72.4574 36.15 120
54200 348.841 -311806 -848.636 164363 72.4573 72.4573 36.15 120
54300 352.078 -311811 121.431 164347 72.455 72.455 36.1488 120
54400 353.166 -311806 421.25 164330 72.4525 72.4525 36.1476 120
54500 353.017 -311795 -109.948 164331 72.4527 72.4527 36.1477 120
54600 350.804 -311794 624.66 164334 72.4531 72.4532 36.1479 120
54700 350.736 -311801 184.488 164349 72.4553 72.4553 36.1489 120
54800 348.525 -311801 -103.17 164368 72.4581 72.4581 36.1503 120
54900 348.338 -311804 -303.876 164373 72.4589 72.4589 36.1507 120
55000 350.597 -311811 -517.066 164359 72.4567 72.4567 36.1497 120
55100 348.76 -311805 -428.094 164336 72.4534 72.4534 36.148 120
55200 350.768 -311800 986.477 164292 72.4469 72.4469 36.1448 120
55300 350.723 -311798 81.6502 164273 72.4441 72.4441 36.1434 120
55400 350.601 -311803 135.72 164288 72.4463 72.4463 36.1445 120
55500 348.544 -311809 701.242 164326 72.4519 72.4519 36.1473 120
55600 350.03 -311811 -319.506 164379 72.4597 72.4597 36.1512 120
55700 350.759 -311807 -29.9946 164419 72.4657 72.4657 36.1541 120
55800 354.416 -311809 -1057.78 164440 72.4686 72.4686 36.1556 120
55900 351.732 -311803 -922.774 164423 72.4661 72.4661 36.1544 120
56000 348.4 -311800 -267.412 164369 72.4582 72.4582 36.1504 120
56100 351.182 -311821 -91.039 164299 72.448 72.448 36.1453 120
56200 348.01 -311815 1686.63 164248 72.4405 72.4405 36.1416 120
56300 347.491 -311805 1003.09 164240 72.4393 72.4393 36.141 120
56400 351.121 -311804 404.958 164276 72.4446 72.4446 36.1436 120
56500 351.539 -311804 -19.0493 164325 72.4518 72.4518 36.1472 120
56600 348.35 -311801 -527.991 164371 72.4586 72.4586 36.1506 120
56700 347.915 -311810 -148.914 164392 72.4616 72.4616 36.1521 120
56800 348.48 -311813 -953.73 164395 72.4621 72.4621 36.1524 120
56900 348.562 -311803 -892.502 164383 72.4603 72.4603 36.1514 120
57000 354.249 -311810 390.171 164343 72.4545 72.4545 36.1486 120
57100 349.756 -311802 90.6129 164313 72.45 72.45 36.1463 120
57200 351.04 -311809 822.497 164298 72.4478 72.4478 36.1452 120
57300 349.042 -311811 -881.178 164309 72.4494 72.4494 36.146 120
57400 347.675 -311808 564.009 164312 72.4499 72.4499 36.1462 120
57500 347.035 -311795 -1189.38 164318 72.4507 72.4507 36.1467 120
57600 354.817 -311806 -22.9091 164315 72.4503 72.4503 36.1465 120
57700 348.826 -311799 637.9 164327 72.452 72.452 36.1473 120
57800 349.813 -311808 -57.5054 164368 72.4581 72.4581 36.1504 120
57900 350.738 -311811 -105.002 164403 72.4633 72.4633 36.1529 120
58000 348.726 -311805 -1292.87 164411 72.4645 72.4645 36.1536 120
58100 346.872 -311799 -816.477 164371 72.4585 72.4585 36.1506 120
58200 349.063 -311800 533.93 164304 72.4487 72.4487 36.1457 120
58300 352.351 -311801 882.927 164246 72.4401 72.4401 36.1414 120
58400 350.189 -311792 779.092 164225 72.4371 72.4371 36.1399 120
58500 350.101 -311801 -133.421 164260 72.4422 72.4422 36.1424 120
58600 351.769 -311812 -277.127 164332 72.4528 72.4528 36.1477 120
58700 349.449 -311807 -302.299 164407 72.4638 72.4638 36.1532 120
58800 351.799 -311807 -655.049 164458 72.4714 72.4714 36.157 120
58900 352.497 -311798 -1482.8 164466 72.4724 72.4724 36.1575 120
59000 354.777 -311800 -115.635 164417 72.4653 72.4653 36.1539 120
59100 350.69 -311804 514.837 164341 72.4541 72.4541 36.1484 120
59200 351.456 -311808 1736.75 164270 72.4438 72.4438 36.1432 120
59300 349.405 -311805 1000.29 164231 72.438 72.438 36.1403 120
59400 351.448 -311808 479.587 164232 72.4381 72.4381 36.1404 120
59500 351.634 -311805 111.219 164271 72.4438 72.4438 36.1432 120
59600 347.954 -311796 473.119 164339 72.4538 72.4538 36.1482 120
59700 353.177 -311808 -900.658 164417 72.4654 72.4654 36.154 120
59800 347.992 -311807 -2238.09 164471 72.4732 72.4732 36.1579 120
59900 348.633 -311810 -1823.89 164468 72.4728 72.4728 36.1577 120
60000 347.803 -311800 -469.668 164414 72.4649 72.4649 36.1537 120
60100 350.421 -311799 417.676 164343 72.4544 72.4544 36.1485 120
60200 349.623 -311800 38.8358 164276 72.4446 72.4446 36.1436 120
60300 348.864 -311806 978.446 164213 72.4354 72.4354 36.139 120
60400 349.404 -311810 1348.47 164191 72.4321 72.4321 36.1374 120
60500 350.791 -311811 1213.94 164233 72.4382 72.4382 36.1404 120
60600 352.371 -311800 364.32 164327 72.452 72.452 36.1473 120
60700 349.468 -311793 -1048.61 164432 72.4675 72.4675 36.155 120
60800 349.128 -311799 -1085.55 164497 72.477 72.477 36.1598 120
60900 346.35 -311800 -1754.92 164502 72.4777 72.4777 36.1602 120
61000 347.294 -311802 -639.715 164434 72.4679 72.4679 36.1552 120
61100 351.41 -311808 734.177 164336 72.4534 72.4534 36.148 120
61200 350.67 -311802 720.599 164242 72.4396 72.4396 36.1411 120
61300 353.764 -311798 1725.19 164175 72.4297 72.4297 36.1362 120
61400 351.573 -311800 1390.46 164163 72.428 72.428 36.1353 120
61500 351.75 -311808 1540.26 164220 72.4364 72.4364 36.1395 120
61600 349.334 -311806 -83.3408 164317 72.4506 72.4506 36.1466 120
61700 349.717 -311807 14.9806 164428 72.467 72.467 36.1548 120
61800 346.951 -311798 -1000.73 164514 72.4796 72.4796 36.1611 120
61900 352.916 -311802 -1700.36 164542 72.4837 72.4837 36.1631 120
62000 354.944 -311801 -881.577 164486 72.4755 72.4755 36.159 120
62100 350.786 -311803 586.612 164372 72.4586 72.4586 36.1506 120
62200 351.471 -311813 235.508 164268 72.4434 72.4434 36.143 120
62300 351.403 -311812 1774.36 164177 72.4301 72.4301 36.1364 120
62400 349.54 -311807 2022.78 164148 72.4258 72.4258 36.1343 120
62500 351.704 -311805 383.116 164196 72.4328 72.4328 36.1377 120
62600 353.197 -311800 1315.53 164291 72.4469 72.4469 36.1447 120
62700 351.412 -311800 -211.661 164413 72.4647 72.4647 36.1537 120
62800 346.495 -311802 -1667.43 164519 72.4802 72.4802 36.1614 120
62900 348.924 -311807 -3314.51 164561 72.4865 72.4865 36.1645 120
63000 353.423 -311812 -1347.57 164511 72.4791 72.4791 36.1609 120
63100 354.243 -311806 155.508 164403 72.4633 72.4633 36.153 120
63200 356.227 -311808 249.635 164274 72.4443 72.4443 36.1435 120
63300 351.062 -311809 2125.79 164171 72.4292 72.4292 36.1359 120
63400 348.369 -311812 1505.2 164139 72.4245 72.4245 36.1336 120
63500 348.312 -311811 2061.58 164179 72.4304 72.4304 36.1365 120
63600 350.814 -311807 124.145 164286 72.446 72.446 36.1443 120
63700 352.323 -311804 -669.831 164414 72.4649 72.4649 36.1538 120
63800 352.559 -311805 -2020.15 164530 72.4819 72.4819 36.1622 120
63900 348.346 -311809 -1509.06 164578 72.489 72.489 36.1658 120
64000 345.506 -311809 -2060.73 164545 72.4841 72.4841 36.1633 120
64100 349.071 -311810 -593.788 164422 72.4661 72.4661 36.1543 120
64200 349.557 -311804 -3.93527 164268 72.4434 72.4434 36.143 120
64300 350.295 -311803 1317.85 164137 72.4242 72.4242 36.1334 120
64400 350.067 -311809 2548.58 164079 72.4156 72.4156 36.1292 120
64500 352.47 -311824 2138.69 164121 72.4217 72.4217 36.1322 120
64600 346.35 -311811 620.317 164244 72.4399 72.4399 36.1413 120
64700 348.441 -311810 -715.576 164381 72.46 72.46 36.1513 120
64800 350.788 -311809 -1042.98 164477 72.4741 72.4741 36.1583 120
64900 349.558 -311803 -810.456 164509 72.4788 72.4788 36.1607 120
65000 352.024 -311806 -530.097 164488 72.4757 72.4757 36.1591 120
65100 351.696 -311812 -893.994 164412 72.4645 72.4645 36.1536 120
65200 346.058 -311809 -345.981 164308 72.4493 72.4493 36.146 120
65300 344.832 -311807 1363.34 164209 72.4347 72.4347 36.1387 120
65400 350.717 -311809 1721.5 164173 72.4294 72.4294 36.136 120
65500 351.996 -311808 1005.84 164200 72.4335 72.4335 36.1381 120
65600 351.043 -311808 -301.046 164270 72.4438 72.4438 36.1432 120
65700 349.876 -311809 611.995 164344 72.4545 72.4545 36.1486 120
65800 347.955 -311808 -885.689 164415 72.465 72.465 36.1538 120
65900 347.389 -311811 -1835.11 164457 72.4711 72.4711 36.1569 120
66000 345.938 -311810 -799.721 164436 72.4681 72.4681 36.1554 120
66100 350.533 -311811 -377.274 164383 72.4603 72.4603 36.1514 120
66200 350.503 -311804 791.33 164315 72.4503 72.4503 36.1465 120
66300 352.475 -311809 385.338 164263 72.4427 72.4427 36.1427 120
66400 349.186 -311810 797.589 164227 72.4374 72.4374 36.14 120
66500 349.134 -311818 380.126 164231 72.4379 72.4379 36.1403 120
66600 348.225 -311812 1001.28 164275 72.4444 72.4444 36.1435 120
66700 347.24 -311806 -197.066 164352 72.4558 72.4558 36.1492 120
66800 350.766 -311809 -1033.53 164417 72.4653 72.4653 36.1539 120
66900 352.724 -311810 -774.794 164441 72.4688 72.4688 36.1557 120
67000 347.913 -311803 -82.2975 164416 72.4652 72.4652 36.1539 120
67100 347.33 -311814 775.083 164359 72.4567 72.4567 36.1497 120
67200 345.697 -311812 741.495 164297 72.4477 72.4477 36.1452 120
67300 349.104 -311810 993.16 164258 72.442 72.442 36.1423 120
67400 352.155 -311811 304.17 164266 72.4431 72.4431 36.1429 120
67500 351.04 -311809 -600.133 164299 72.448 72.448 36.1453 120
67600 348.35 -311806 -295.323 164330 72.4526 72.4526 36.1476 120
67700 348.283 -311811 -286.948 164356 72.4564 72.4564 36.1495 120
67800 342.943 -311813 -1026 164365 72.4577 72.4577 36.1502 120
67900 347.738 -311816 321.128 164357 72.4565 72.4565 36.1496 120
68000 349.996 -311812 -158.343 164350 72.4555 72.4555 36.1491 120
68100 348.285 -311805 -1471.19 164347 72.455 72.455 36.1488 120
68200 352.192 -311810 703.915 164319 72.4508 72.4508 36.1467 120
68300 350.005 -311806 199.253 164307 72.4491 72.4491 36.1459 120
68400 346.895 -311807 1144.91 164312 72.4499 72.4499 36.1463 120
68500 347.346 -311815 -244.003 164335 72.4532 72.4532 36.1479 120
68600 352.127 -311821 254.209 164355 72.4561 72.4561 36.1494 120
68700 351.629 -311807 -751.741 164377 72.4595 72.4595 36.1511 120
68800 349.046 -311801 -762.02 164389 72.4612 72.4612 36.1519 120
68900 350.078 -311808 -58.5228 164376 72.4593 72.4593 36.151 120
69000 348.46 -311811 218.276 164356 72.4563 72.4563 36.1495 120
69100 348.63 -311814 -180.527 164338 72.4537 72.4537 36.1482 120
69200 350.735 -311811 707.974 164321 72.4512 72.4512 36.1469 120
69300 352.35 -311806 -283.382 164312 72.4499 72.4499 36.1463 120
69400 352.317 -311806 133.433 164305 72.4489 72.4489 36.1458 120
69500 353.787 -311817 -514.224 164303 72.4486 72.4486 36.1456 120
69600 347.316 -311810 148.064 164314 72.4501 72.4501 36.1464 120
69700 350.15 -311814 126.071 164348 72.4552 72.4552 36.1489 120
69800 348.243 -311806 -689.889 164384 72.4605 72.4605 36.1515 120
69900 348.468 -311802 -773.354 164408 72.464 72.464 36.1533 120
70000 352.374 -311801 -197.811 164412 72.4645 72.4645 36.1536 120
70100 353.923 -311798 -585.734 164400 72.4628 72.4628 36.1527 120
70200 354.572 -311808 -165.228 164374 72.459 72.459 36.1508 120
70300 350.389 -311809 -906.772 164349 72.4553 72.4553 36.149 120
70400 350.038 -311812 -158.666 164322 72.4513 72.4513 36.147 120
70500 348.68 -311811 -360.788 164298 72.4479 72.4479 36.1452 120
70600 353.513 -311816 455.908 164279 72.445 72.445 36.1438 120
70700 352.402 -311806 456.935 164297 72.4477 72.4477 36.1452 120
70800 352.786 -311804 66.8597 164328 72.4522 72.4522 36.1474 120
70900 350.95 -311811 -652.54 164355 72.4562 72.4562 36.1494 120
71000 346.959 -311809 -770.524 164364 72.4575 72.4575 36.1501 120
71100 348.203 -311809 461.586 164355 72.4562 72.4562 36.1494 120
71200 351.041 -311808 -348.693 164346 72.4549 72.4549 36.1488 120
71300 351.914 -311806 -855.643 164342 72.4543 72.4543 36.1485 120
71400 352.044 -311809 226.349 164336 72.4534 72.4534 36.148 120
71500 349.962 -311817 -246.775 164341 72.4542 72.4542 36.1484 120
71600 345.131 -311808 -51.174 164351 72.4556 72.4556 36.1491 120
71700 347.057 -311805 -394.754 164371 72.4586 72.4586 36.1506 120
71800 351.268 -311806 -349.71 164369 72.4583 72.4583 36.1505 120
71900 351.219 -311805 521.088 164347 72.4551 72.4551 36.1489 120
72000 351.193 -311809 629.53 164321 72.4512 72.4512 36.1469 120
72100 350.482 -311809 240.004 164312 72.4499 72.4499 36.1463 120
72200 349.368 -311810 716.942 164321 72.4511 72.4511 36.1469 120
72300 349.881 -311811 281.699 164344 72.4546 72.4546 36.1486 120
72400 346.571 -311804 110.381 164367 72.4579 72.4579 36.1503 120
72500 351.059 -311809 -369.488 164365 72.4577 72.4577 36.1502 120
72600 352.587 -311809 551.998 164349 72.4553 72.4553 36.149 120
72700 352.412 -311809 201.891 164335 72.4533 72.4533 36.1479 120
72800 347.785 -311809 -418.426 164321 72.4511 72.4511 36.1469 120
72900 350.387 -311820 137.152 164314 72.4502 72.4502 36.1464 120
73000 348.965 -311813 13.9591 164324 72.4516 72.4516 36.1471 120
73100 350.3 -311805 879.946 164326 72.4519 72.4519 36.1472 120
73200 352.872 -311809 260.297 164334 72.4531 72.4531 36.1479 120
73300 348.41 -311803 -414.15 164348 72.4552 72.4552 36.1489 120
73400 352.127 -311816 1167.83 164353 72.4559 72.4559 36.1493 120
73500 348.528 -311813 -589.777 164354 72.456 72.456 36.1493 120
73600 349.858 -311814 386.865 164333 72.453 72.453 36.1478 120
73700 350.859 -311805 -418.797 164324 72.4517 72.4517 36.1472 120
73800 353.835 -311807 182.759 164323 72.4515 72.4515 36.1471 120
73900 351.972 -311808 -151.566 164333 72.453 72.453 36.1478 120
74000 352.13 -311818 508.485 164347 72.455 72.455 36.1488 120
74100 348.497 -311811 -444.185 164362 72.4572 72.4572 36.1499 120
74200 349.104 -311808 -708.313 164355 72.4562 72.4562 36.1494 120
74300 352.254 -311810 -927.889 164330 72.4526 72.4526 36.1476 120
74400 354.443 -311810 800.363 164298 72.4479 72.4479 36.1453 120
74500 353.102 -311804 1354.73 164298 72.4477 72.4477 36.1452 120
74600 351.383 -311809 484.416 164333 72.4529 72.4529 36.1478 120
74700 350.448 -311815 1278.25 164374 72.4591 72.4591 36.1508 120
74800 350.982 -311817 -1407.17 164406 72.4637 72.4637 36.1531 120
74900 351.164 -311813 -287.602 164392 72.4616 72.4616 36.1521 120
75000 351.39 -311803 -117.473 164353 72.456 72.456 36.1493 120
75100 352.082 -311805 53.9669 164323 72.4515 72.4515 36.1471 120
75200 350.773 -311806 -249.969 164306 72.449 72.449 36.1458 120
75300 349.523 -311808 1596.29 164287 72.4462 72.4462 36.1444 120
75400 347.299 -311808 -334.545 164309 72.4494 72.4494 36.146 120
75500 349.265 -311813 160.656 164348 72.4551 72.4552 36.1489 120
75600 347.242 -311807 55.6627 164382 72.4601 72.4601 36.1514 120
75700 348.973 -311802 -777.349 164391 72.4616 72.4616 36.1521 120
75800 349.213 -311801 -546.986 164378 72.4595 72.4595 36.1511 120
75900 352.685 -311811 572.413 164357 72.4565 72.4565 36.1496 120
76000 347.655 -311812 400.151 164335 72.4533 72.4533 36.148 120
76100 347.42 -311812 -51.0053 164317 72.4506 72.4506 36.1466 120
76200 351.312 -311815 370.262 164298 72.4478 72.4478 36.1452 120
76300 347.871 -311805 67.4248 164298 72.4479 72.4479 36.1453 120
76400 349.304 -311807 829.81 164309 72.4494 72.4494 36.146 120
76500 351.287 -311811 -767.531 164329 72.4523 72.4523 36.1475 120
76600 349.597 -311809 -276.847 164334 72.4531 72.4531 36.1478 120
76700 348.579 -311806 271.242 164330 72.4525 72.4525 36.1475 120
76800 351.36 -311813 62.9047 164329 72.4524 72.4524 36.1475 120
76900 347.704 -311811 169.417 164334 72.4531 72.4531 36.1479 120
77000 349.279 -311818 -481.091 164353 72.4558 72.4558 36.1492 120
77100 347.674 -311809 399.777 164358 72.4567 72.4567 36.1497 120
77200 352.765 -311811 -297.068 164356 72.4563 72.4563 36.1495 120
77300 352.026 -311808 780.679 164342 72.4543 72.4543 36.1485 120
77400 347.472 -311803 784.341 164322 72.4513 72.4513 36.147 120
77500 346.09 -311811 407.981 164320 72.4511 72.4511 36.1469 120
77600 349.717 -311822 -2.82869 164331 72.4526 72.4526 36.1476 120
77700 347.7 -311813 1104.21 164339 72.4538 72.4538 36.1482 120
77800 349.909 -311810 -247.118 164359 72.4568 72.4568 36.1497 120
77900 350.081 -311805 1048.78 164367 72.4579 72.4579 36.1503 120
78000 351.976 -311808 -707.622 164376 72.4594 72.4594 36.151 120
78100 346.918 -311807 -832.304 164362 72.4572 72.4572 36.1499 120
78200 346.271 -311814 757.935 164328 72.4522 72.4522 36.1474 120
78300 348.127 -311813 391.825 164302 72.4484 72.4484 36.1455 120
78400 347.777 -311806 709.194 164278 72.4448 72.4448 36.1437 120
78500 347.806 -311803 110.646 164287 72.4462 72.4462 36.1444 120
78600 350.515 -311809 -268.052 164322 72.4513 72.4513 36.147 120
78700 350.688 -311810 -290.545 164355 72.4562 72.4562 36.1494 120
78800 349.476 -311810 -1140.86 164369 72.4583 72.4583 36.1504 120
78900 347.882 -311809 -11.5575 164352 72.4557 72.4557 36.1492 120
79000 349.001 -311813 -486.161 164328 72.4522 72.4522 36.1474 120
79100 351.685 -311815 205.918 164307 72.4491 72.4491 36.1459 120
79200 348.581 -311804 621.379 164301 72.4483 72.4483 36.1455 120
79300 351.873 -311807 413.439 164314 72.4502 72.4502 36.1464 120
79400 350.122 -311805 475.338 164333 72.453 72.453 36.1478 120
79500 346.001 -311808 -241.61 164347 72.455 72.455 36.1488 120
79600 351.149 -311820 -285.09 164361 72.4571 72.4571 36.1499 120
79700 351.069 -311815 -190.218 164374 72.459 72.459 36.1508 120
79800 351.154 -311809 -81.6991 164383 72.4604 72.4604 36.1515 120
79900 350.178 -311806 -193.093 164374 72.459 72.459 36.1508 120
80000 349.279 -311807 235.533 164350 72.4554 72.4554 36.149 120
80100 350.4 -311813 529.155 164335 72.4533 72.4533 36.148 120
80200 345.889 -311811 -431.205 164344 72.4546 72.4546 36.1486 120
80300 350.319 -311824 -238.906 164337 72.4535 72.4535 36.1481 120
80400 346.721 -311811 339.562 164326 72.4519 72.4519 36.1473 120
80500 350.957 -311810 434.163 164314 72.4502 72.4502 36.1464 120
80600 350.271 -311806 301.45 164313 72.4501 72.4501 36.1464 120
80700 350.296 -311808 671.229 164319 72.4508 72.4508 36.1467 120
80800 346.452 -311811 604.575 164324 72.4517 72.4517 36.1472 120
80900 345.627 -311813 -659.821 164349 72.4553 72.4553 36.149 120
81000 346.483 -311808 -224.834 164367 72.4579 72.4579 36.1503 120
81100 350.256 -311811 -271.531 164372 72.4587 72.4587 36.1506 120
81200 350.619 -311811 -689.715 164370 72.4584 72.4584 36.1505 120
81300 351.195 -311812 868.934 164363 72.4574 72.4574 36.15 120
81400 347.89 -311806 -116.736 164352 72.4558 72.4558 36.1492 120
81500 349.206 -311810 14.3481 164324 72.4517 72.4517 36.1471 120
81600 348.847 -311811 382.596 164288 72.4464 72.4464 36.1445 120
81700 350.997 -311816 304.508 164266 72.4431 72.4431 36.1429 120
81800 350.255 -311811 899.581 164279 72.445 72.445 36.1438 120
81900 352.426 -311809 482.071 164335 72.4533 72.4533 36.1479 120
82000 352.811 -311805 -972.414 164401 72.463 72.463 36.1528 120
82100 352.692 -311811 -609.045 164436 72.4682 72.4682 36.1554 120
82200 350.463 -311817 -964.564 164433 72.4677 72.4677 36.1551 120
82300 348.598 -311814 -750.253 164387 72.4609 72.4609 36.1517 120
82400 349.208 -311809 848.802 164319 72.4508 72.4508 36.1467 120
82500 353.159 -311810 125.672 164264 72.4429 72.4429 36.1428 120
82600 347.447 -311800 1328.78 164233 72.4383 72.4383 36.1405 120
82700 346.071 -311812 307.01 164258 72.442 72.442 36.1423 120
82800 347.023 -311816 1033.88 164308 72.4493 72.4493 36.146 120
82900 352.55 -311819 -1100.1 164380 72.4598 72.4598 36.1512 120
83000 351.892 -311810 -556.869 164430 72.4672 72.4672 36.1549 120
83100 349.859 -311804 -1413.68 164448 72.4698 72.4698 36.1562 120
83200 348.057 -311806 -869.82 164415 72.4651 72.4651 36.1538 120
83300 347.036 -311815 255.431 164355 72.4562 72.4562 36.1494 120
83400 345.721 -311813 785.307 164304 72.4487 72.4487 36.1456 120
83500 352.08 -311820 1545.94 164276 72.4446 72.4446 36.1436 120
83600 349.232 -311810 328.465 164277 72.4448 72.4448 36.1437 120
83700 350.743 -311810 347.43 164308 72.4493 72.4493 36.146 120
83800 350.763 -311810 -1036.57 164350 72.4555 72.4555 36.149 120
83900 352.526 -311811 -739.045 164385 72.4606 72.4606 36.1516 120
84000 353.137 -311814 -120.512 164410 72.4642 72.4642 36.1534 120
84100 345.72 -311806 257.473 164430 72.4671 72.4671 36.1549 120
84200 348.983 -311815 -393.691 164425 72.4665 72.4665 36.1546 120
84300 349.954 -311813 -180.303 164384 72.4604 72.4604 36.1515 120
84400 352.099 -311807 245.962 164340 72.4539 72.4539 36.1483 120
84500 352.167 -311808 372.974 164299 72.448 72.448 36.1453 120
84600 352.011 -311814 962.143 164266 72.4431 72.4431 36.1429 120
84700 348.546 -311812 762.222 164262 72.4425 72.4425 36.1426 120
84800 348.863 -311812 1109.62 164300 72.4481 72.4481 36.1454 120
84900 349.913 -311812 -591.516 164372 72.4586 72.4586 36.1506 120
85000 350.427 -311808 -517.345 164435 72.4679 72.4679 36.1552 120
85100 351.757 -311805 -1731.53 164475 72.4738 72.4738 36.1582 120
85200 354.114 -311804 -109.076 164458 72.4714 72.4714 36.157 120
85300 355.235 -311808 738.587 164414 72.4649 72.4649 36.1538 120
85400 349.033 -311809 8.92999 164358 72.4567 72.4567 36.1496 120
85500 347.522 -311810 454.184 164284 72.4458 72.4458 36.1442 120
85600 348.083 -311810 1143.56 164220 72.4364 72.4364 36.1395 120
85700 347.538 -311803 1307.34 164195 72.4327 72.4327 36.1377 120
85800 352.077 -311803 2424.22 164237 72.4388 72.4388 36.1407 120
85900 350.407 -311802 -965.926 164342 72.4542 72.4542 36.1484 120
86000 347.434 -311809 -1146.6 164433 72.4676 72.4676 36.1551 120
86100 348.358 -311811 -1087.11 164504 72.4781 72.4781 36.1603 120
86200 352.713 -311814 -2044.88 164522 72.4807 72.4807 36.1616 120
86300 351.299 -311806 -1330.6 164481 72.4747 72.4747 36.1587 120
86400 355.529 -311813 187.72 164384 72.4605 72.4605 36.1515 120
86500 351.238 -311815 -345.072 164277 72.4448 72.4448 36.1437 120
86600 349.007 -311818 2092.72 164192 72.4323 72.4323 36.1375 120
86700 349.293 -311816 933.507 164182 72.4308 72.4308 36.1367 120
86800 346.991 -311803 1135.1 164231 72.4379 72.4379 36.1403 120
86900 349.635 -311804 142.852 164325 72.4518 72.4518 36.1472 120
87000 352.035 -311811 -1025.48 164427 72.4668 72.4668 36.1547 120
87100 350.077 -311808 -1015.36 164488 72.4758 72.4758 36.1592 120
87200 347.167 -311803 -1235.11 164488 72.4757 72.4757 36.1591 120
87300 349.404 -311808 -187.665 164429 72.467 72.467 36.1548 120
87400 348.274 -311809 -175.149 164341 72.4542 72.4542 36.1484 120
87500 348.729 -311820 892.837 164246 72.4401 72.4401 36.1414 120
87600 347.002 -311819 896.788 164191 72.4321 72.4321 36.1374 120
87700 350.618 -311817 303.414 164196 72.4328 72.4328 36.1377 120
87800 353.587 -311816 1416.96 164246 72.4401 72.4401 36.1414 120
87900 347.577 -311802 -64.8855 164340 72.4539 72.4539 36.1483 120
88000 349.399 -311808 -493.049 164423 72.4662 72.4662 36.1544 120
88100 348.052 -311813 -1044.89 164477 72.4741 72.4741 36.1584 120
88200 347.194 -311817 -1492.14 164482 72.4749 72.4749 36.1587 120
88300 348.118 -311811 -1278.35 164435 72.468 72.468 36.1553 120
88400 349.042 -311805 -403.736 164362 72.4573 72.4573 36.1499 120
88500 351.71 -311810 901.006 164276 72.4447 72.4447 36.1437 120
88600 350.595 -311813 947.091 164225 72.437 72.437 36.1399 120
88700 349.2 -311816 1519.27 164214 72.4355 72.4355 36.1391 120
88800 348.548 -311820 733.478 164250 72.4408 72.4408 36.1417 120
88900 350.335 -311814 -343.887 164317 72.4506 72.4506 36.1466 120
89000 351.335 -311806 -344.13 164393 72.4618 72.4618 36.1522 120
89100 349.348 -311802 -1663.67 164458 72.4714 72.4714 36.157 120
89200 346.345 -311803 -1473.99 164483 72.475 72.4751 36.1588 120
89300 350.432 -311817 46.7007 164452 72.4704 72.4704 36.1565 120
89400 347.752 -311812 -1343.8 164403 72.4633 72.4633 36.153 120
89500 347.161 -311796 312.161 164332 72.4528 72.4528 36.1477 120
89600 353.128 -311807 -677.044 164282 72.4455 72.4455 36.1441 120
89700 350.96 -311811 1619.16 164250 72.4408 72.4408 36.1417 120
89800 346.889 -311808 1161.36 164268 72.4434 72.4434 36.143 120
89900 348.189 -311811 520.816 164320 72.451 72.451 36.1468 120
90000 348.423 -311806 265.342 164383 72.4603 72.4603 36.1514 120
90100 354.233 -311804 -666.601 164438 72.4683 72.4683 36.1555 120
90200 351.601 -311800 -380.613 164455 72.4709 72.4709 36.1568 120
90300 352.264 -311809 -712.648 164433 72.4676 72.4676 36.1551 120
90400 348.158 -311807 325.356 164374 72.459 72.459 36.1508 120
90500 347.914 -311810 344.375 164311 72.4497 72.4497 36.1461 120
90600 347.047 -311809 -695.468 164262 72.4425 72.4425 36.1426 120
90700 353.554 -311814 926.048 164240 72.4393 72.4393 36.141 120
90800 350.517 -311801 816.103 164257 72.4417 72.4417 36.1422 120
90900 351.245 -311806 1405.02 164312 72.4499 72.4499 36.1463 120
91000 347.899 -311809 -443.482 164392 72.4616 72.4616 36.1521 120
91100 351.617 -311817 -1780.2 164450 72.4702 72.4702 36.1564 120
91200 350.931 -311813 -888.176 164465 72.4724 72.4724 36.1575 120
91300 347.271 -311801 -976.632 164437 72.4682 72.4683 36.1554 120
91400 352.605 -311801 -527.875 164384 72.4605 72.4605 36.1516 120
91500 354.88 -311803 500.745 164322 72.4513 72.4513 36.147 120
91600 351.378 -311807 841.845 164266 72.443 72.443 36.1428 120
91700 350.574 -311809 1776.87 164245 72.44 72.44 36.1413 120
91800 348.541 -311811 851.836 164264 72.4428 72.4428 36.1427 120
91900 349.788 -311817 471.652 164306 72.449 72.4491 36.1458 120
92000 351.46 -311816 686.737 164365 72.4576 72.4576 36.1501 120
92100 350.582 -311804 -550.112 164414 72.4649 72.4649 36.1538 120
92200 351.208 -311803 -49.0605 164432 72.4675 72.4675 36.155 120
92300 348.982 -311805 -811.599 164425 72.4664 72.4664 36.1545 120
92400 345.879 -311806 -187.708 164395 72.462 72.462 36.1523 120
92500 348.639 -311811 123.014 164347 72.455 72.455 36.1488 120
92600 349.339 -311809 873.597 164293 72.447 72.447 36.1448 120
92700 349.572 -311807 -86.7827 164272 72.4441 72.4441 36.1434 120
92800 349.992 -311803 770.196 164278 72.4449 72.4449 36.1438 120
92900 351.738 -311805 -520.216 164318 72.4508 72.4508 36.1467 120
93000 350.705 -311811 536.327 164367 72.4579 72.4579 36.1503 120
93100 349.731 -311815 -1363.17 164416 72.4652 72.4652 36.1539 120
93200 350.449 -311816 -423.966 164438 72.4684 72.4684 36.1555 120
93300 352.181 -311811 -369.269 164438 72.4684 72.4684 36.1555 120
93400 353.121 -311805 -266.06 164413 72.4647 72.4647 36.1537 120
93500 352.54 -311807 -318.46 164365 72.4576 72.4576 36.1501 120
93600 350.068 -311808 300.61 164313 72.45 72.45 36.1463 120
93700 348.776 -311811 1120.04 164281 72.4453 72.4453 36.144 120
93800 350.146 -311817 385.051 164285 72.4459 72.4459 36.1443 120
93900 347.849 -311808 1156 164313 72.45 72.45 36.1463 120
94000 353.191 -311806 -438.317 164372 72.4587 72.4587 36.1507 120
94100 353.811 -311808 -223.613 164431 72.4674 72.4674 36.155 120
94200 348.834 -311807 -1740.9 164470 72.4731 72.4731 36.1578 120
94300 347.954 -311810 -836.601 164443 72.4691 72.4691 36.1559 120
94400 350.484 -311814 123.12 164379 72.4597 72.4597 36.1512 120
94500 351.57 -311814 71.6467 164316 72.4504 72.4504 36.1465 120
94600 351.8 -311809 1092.78 164266 72.443 72.443 36.1429 120
94700 355.674 -311808 996.485 164254 72.4414 72.4414 36.142 120
94800 351.771 -311805 1501.06 164287 72.4463 72.4463 36.1445 120
94900 347.266 -311805 -662.392 164380 72.4599 72.4599 36.1513 120
95000 351.735 -311815 -400.642 164480 72.4745 72.4745 36.1585 120
95100 350.91 -311814 -1708.56 164537 72.4829 72.4829 36.1627 120
95200 350.912 -311811 -976.745 164513 72.4793 72.4793 36.161 120
95300 351.856 -311804 -153.367 164429 72.4671 72.4671 36.1548 120
95400 350.67 -311801 954.399 164331 72.4526 72.4526 36.1476 120
95500 350.186 -311813 1345.24 164254 72.4413 72.4413 36.142 120
95600 349.712 -311817 1957.6 164216 72.4358 72.4358 36.1392 120
95700 348.808 -311814 525.137 164228 72.4375 72.4375 36.1401 120
95800 348.205 -311806 27.1365 164282 72.4455 72.4455 36.1441 120
95900 353.666 -311808 -52.6464 164370 72.4584 72.4584 36.1505 120
96000 354.052 -311809 -918.319 164461 72.4718 72.4718 36.1572 120
96100 349.847 -311813 -1473.13 164508 72.4787 72.4787 36.1606 120
96200 346.321 -311811 -1149.68 164477 72.4741 72.4741 36.1583 120
96300 348.842 -311812 493.055 164398 72.4625 72.4625 36.1525 120
96400 348.691 -311804 -320.862 164311 72.4497 72.4497 36.1462 120
96500 352.708 -311810 2240.97 164232 72.4381 72.4381 36.1404 120
96600 348.613 -311812 945.147 164203 72.4339 72.4339 36.1383 120
96700 347.944 -311821 960.41 164244 72.4398 72.4398 36.1412 120
96800 349.68 -311820 586.528 164319 72.4509 72.4509 36.1468 120
96900 347.457 -311807 -1098.03 164397 72.4623 72.4623 36.1525 120
97000 351.854 -311811 -1730.61 164463 72.4721 72.4721 36.1573 120
97100 348.637 -311805 -1547.92 164495 72.4767 72.4767 36.1597 120
97200 349.249 -311813 -1722.86 164478 72.4743 72.4743 36.1585 120
97300 347.244 -311819 -66.7591 164421 72.4659 72.4659 36.1543 120
97400 348.932 -311819 -169.577 164354 72.456 72.456 36.1493 120
97500 347.305 -311808 1639.22 164284 72.4458 72.4458 36.1442 120
97600 350.986 -311813 645.105 164255 72.4415 72.4415 36.1421 120
97700 349.403 -311811 1109.8 164259 72.4422 72.4422 36.1424 120
97800 350.909 -311819 256.829 164307 72.4492 72.4492 36.1459 120
97900 346.123 -311818 35.3514 164375 72.4591 72.4591 36.1509 120
98000 348.569 -311824 -721.8 164423 72.4661 72.4661 36.1544 120
98100 349.772 -311813 250.749 164441 72.4688 72.4688 36.1557 120
98200 352.666 -311814 313.923 164432 72.4675 72.4675 36.155 120
98300 352.535 -311814 -984.063 164411 72.4645 72.4645 36.1535 120
98400 351.006 -311815 -277.788 164377 72.4594 72.4594 36.151 120
98500 348.008 -311816 125.022 164336 72.4535 72.4535 36.148 120
98600 349.09 -311821 678.474 164289 72.4466 72.4466 36.1446 120
98700 348.876 -311813 418.783 164270 72.4437 72.4437 36.1432 120
98800 349.168 -311805 1474.91 164280 72.4452 72.4452 36.1439 120
98900 353.162 -311813 443.989 164331 72.4526 72.4526 36.1476 120
99000 352.891 -311821 -442.492 164412 72.4645 72.4646 36.1536 120
99100 349.733 -311820 -663.684 164483 72.475 72.475 36.1588 120
99200 347.122 -311813 -868.372 164509 72.4788 72.4788 36.1607 120
99300 346.185 -311808 -981.14 164483 72.4751 72.4751 36.1588 120
99400 352.221 -311817 54.0814 164410 72.4643 72.4643 36.1535 120
99500 351.986 -311814 832.041 164327 72.452 72.452 36.1473 120
99600 350.368 -311810 1649.48 164253 72.4412 72.4412 36.1419 120
99700 351.242 -311820 1656.65 164228 72.4376 72.4376 36.1401 120
99800 346.713 -311818 624.604 164266 72.4432 72.4432 36.1429 120
99900 348.113 -311819 -608.574 164343 72.4544 72.4544 36.1485 120
100000 350.349 -311812 -331.178 164415 72.4651 72.4651 36.1538 120
