# Time-averaged data for fix 2
# TimeStep c_thermo_temp c_thermo_pe c_thermo_press v_myVol v_myCella v_myCellb v_myCellc v_myCellgamma
0 147.062 -312072 -667.6 162800 72.2269 72.2269 36.035 120
100 142.592 -312087 -257.761 162751 72.2198 72.2198 36.0315 120
200 144.448 -312087 738.035 162719 72.215 72.215 36.0291 120
300 150.877 -312079 529.798 162751 72.2198 72.2198 36.0315 120
400 155.244 -312072 -0.608603 162827 72.2309 72.2309 36.037 120
500 155.646 -312076 965.735 162874 72.2379 72.2379 36.0405 120
600 149.108 -312084 -344.717 162900 72.2418 72.2418 36.0424 120
700 145.559 -312095 -856.359 162868 72.2371 72.2371 36.0401 120
800 147.119 -312101 859.845 162816 72.2293 72.2293 36.0362 120
900 149.836 -312094 729.713 162820 72.23 72.23 36.0365 120
1000 153.426 -312087 -311.611 162882 72.239 72.239 36.0411 120
1100 154.361 -312087 -31.3567 162939 72.2475 72.2475 36.0453 120
1200 150.309 -312090 -935.696 162954 72.2498 72.2498 36.0464 120
1300 148.472 -312101 -29.5474 162926 72.2455 72.2455 36.0443 120
1400 145.593 -312101 302.598 162885 72.2395 72.2395 36.0413 120
1500 148.26 -312099 29.7004 162867 72.2368 72.2368 36.04 120
1600 152.566 -312094 1005.67 162894 72.2409 72.2409 36.042 120
1700 153.442 -312090 -25.1433 162965 72.2513 72.2513 36.0472 120
1800 151.765 -312093 -511.228 162996 72.256 72.256 36.0495 120
1900 147.786 -312098 -237.23 162965 72.2513 72.2513 36.0472 120
2000 146.944 -312106 163.252 162920 72.2448 72.2448 36.0439 120
2100 148.65 -312105 -36.8895 162903 72.2422 72.2422 36.0427 120
2200 152.499 -312101 -62.004 162925 72.2454 72.2454 36.0442 120
2300 152.827 -312094 328.27 162946 72.2486 72.2486 36.0458 120
2400 152.223 -312096 -47.0836 162962 72.251 72.251 36.047 120
2500 149.815 -312101 -533.914 162997 72.256 72.256 36.0495 120
2600 146.428 -312103 -45.3354 163022 72.2598 72.2598 36.0514 120
2700 148.991 -312108 26.0563 163006 72.2574 72.2574 36.0502 120
2800 150.793 -312104 519.68 162960 72.2507 72.2507 36.0469 120
2900 151.955 -312097 133.715 162955 72.2499 72.2499 36.0465 120
3000 152.058 -312096 314.663 162982 72.2539 72.2539 36.0485 120
3100 150.592 -312100 -783.719 163041 72.2626 72.2626 36.0528 120
3200 148.109 -312105 -929.383 163061 72.2656 72.2656 36.0543 120
3300 147.555 -312108 -293.872 163016 72.2589 72.2589 36.051 120
3400 148.991 -312106 441.425 162973 72.2525 72.2525 36.0478 120
3500 151.344 -312101 240.715 162972 72.2523 72.2523 36.0477 120
3600 153.18 -312100 380.201 162996 72.2559 72.2559 36.0495 120
3700 152.183 -312103 -426.217 163048 72.2636 72.2636 36.0533 120
3800 148.729 -312105 -144.556 163065 72.2661 72.2661 36.0546 120
3900 147.516 -312109 292.791 163060 72.2654 72.2654 36.0542 120
4000 149.037 -312108 -655.892 163049 72.2638 72.2638 36.0534 120
4100 150.305 -312103 -83.5078 162997 72.2561 72.2561 36.0496 120
4200 152.368 -312101 581.345 162966 72.2515 72.2515 36.0473 120
4300 151.507 -312102 -110.961 163008 72.2578 72.2578 36.0504 120
4400 149.336 -312105 146.321 163065 72.2661 72.2661 36.0546 120
4500 148.491 -312110 -901.501 163103 72.2718 72.2718 36.0574 120
4600 149.465 -312109 58.5643 163077 72.2679 72.2679 36.0555 120
4700 150.613 -312105 -221.1 163041 72.2626 72.2626 36.0528 120
4800 150.85 -312101 59.1446 163028 72.2606 72.2606 36.0518 120
4900 151.477 -312101 -298.327 163023 72.2599 72.2599 36.0515 120
5000 151.392 -312107 597.948 163024 72.2601 72.2601 36.0516 120
5100 148.253 -312107 332.522 163047 72.2634 72.2634 36.0532 120
5200 148.307 -312108 -429.014 163060 72.2654 72.2654 36.0542 120
5300 148.144 -312103 -185.097 163041 72.2626 72.2626 36.0528 120
5400 151.562 -312103 842.94 163020 72.2594 72.2594 36.0512 120
5500 153.233 -312103 -336.098 163048 72.2636 72.2636 36.0533 120
5600 150.593 -312103 -320.492 163058 72.2651 72.2651 36.0541 120
5700 148.686 -312107 -923.972 163057 72.2649 72.2649 36.054 120
5800 148.317 -312109 133.809 163036 72.2619 72.2619 36.0525 120
5900 149.894 -312107 240.652 163022 72.2597 72.2597 36.0514 120
6000 151.44 -312104 313.312 163029 72.2608 72.2608 36.0519 120
6100 152.293 -312103 -85.6665 163045 72.2632 72.2632 36.0531 120
6200 150.648 -312103 490.409 163046 72.2633 72.2633 36.0531 120
6300 148.531 -312105 -75.9491 163044 72.263 72.263 36.053 120
6400 148.897 -312109 177.112 163027 72.2606 72.2606 36.0518 120
6500 149.252 -312109 -261.75 163021 72.2596 72.2596 36.0513 120
6600 151.596 -312107 675.353 163008 72.2576 72.2576 36.0504 120
6700 152.181 -312105 -49.1796 163018 72.2592 72.2592 36.0511 120
6800 150.108 -312102 39.8451 163028 72.2607 72.2607 36.0519 120
6900 150.178 -312106 326.006 163029 72.2609 72.2609 36.052 120
7000 148.724 -312108 -448.677 163024 72.2601 72.2601 36.0516 120
7100 149.461 -312111 541.028 163011 72.2582 72.2582 36.0506 120
7200 150.182 -312108 204.738 163034 72.2615 72.2615 36.0523 120
7300 151.488 -312106 -872.498 163062 72.2657 72.2657 36.0544 120
7400 151.175 -312104 -250.147 163061 72.2656 72.2656 36.0543 120
7500 151.72 -312108 -774.484 163043 72.2629 72.2629 36.053 120
7600 149.025 -312108 701.131 163025 72.2603 72.2603 36.0517 120
7700 149.251 -312110 373.177 163039 72.2623 72.2623 36.0527 120
7800 148.868 -312108 8.14494 163053 72.2644 72.2644 36.0537 120
7900 150.512 -312107 -3.33908 163036 72.2619 72.2619 36.0525 120
8000 150.39 -312106 78.3958 163042 72.2628 72.2628 36.0529 120
8100 151.356 -312110 121.286 163056 72.2648 72.2648 36.0539 120
8200 149.097 -312109 -38.9101 163060 72.2654 72.2654 36.0542 120
8300 148.609 -312112 -507.616 163057 72.2649 72.2649 36.054 120
8400 148.011 -312111 -168.894 163026 72.2604 72.2604 36.0517 120
8500 150.225 -312112 150.667 162999 72.2563 72.2563 36.0497 120
8600 149.756 -312108 -59.1178 163001 72.2567 72.2567 36.0499 120
8700 152.216 -312112 119.698 163014 72.2586 72.2586 36.0508 120
8800 151.492 -312113 -20.4774 163051 72.2641 72.2641 36.0536 120
8900 149.803 -312113 -415.407 163077 72.2679 72.2679 36.0555 120
9000 149.35 -312114 -302.939 163067 72.2664 72.2664 36.0547 120
9100 150.322 -312115 232.669 163022 72.2598 72.2598 36.0514 120
9200 148.945 -312108 436.962 162990 72.255 72.255 36.049 120
9300 151.078 -312110 451.015 162989 72.2549 72.2549 36.049 120
9400 150.024 -312109 224.571 163040 72.2624 72.2624 36.0527 120
9500 150.68 -312112 -669.596 163093 72.2702 72.2703 36.0566 120
9600 149.473 -312113 -141.768 163066 72.2663 72.2663 36.0546 120
9700 148.287 -312111 63.616 163022 72.2597 72.2597 36.0514 120
9800 149.976 -312112 -43.3314 163022 72.2598 72.2598 36.0514 120
9900 149.291 -312109 -627.55 163048 72.2637 72.2637 36.0534 120
10000 150.391 -312109 139.684 163057 72.265 72.265 36.054 120
10100 149.9 -312110 -25.9857 163041 72.2625 72.2625 36.0528 120
10200 148.007 -312109 379.488 163019 72.2593 72.2593 36.0512 120
10300 148.662 -312113 196.498 163040 72.2625 72.2625 36.0528 120
10400 150.158 -312115 -496.877 163074 72.2674 72.2674 36.0552 120
10500 150.251 -312111 -480.773 163078 72.268 72.268 36.0555 120
10600 149.968 -312107 421.776 163075 72.2676 72.2676 36.0553 120
10700 150.762 -312109 -526.429 163081 72.2685 72.2685 36.0558 120
10800 150.196 -312112 439.367 163062 72.2657 72.2657 36.0543 120
10900 149.785 -312115 21.3763 163049 72.2638 72.2638 36.0534 120
11000 148.965 -312114 244.182 163034 72.2616 72.2616 36.0523 120
11100 149.41 -312112 -179.605 163030 72.2609 72.2609 36.052 120
11200 150.686 -312111 45.1685 163045 72.2632 72.2632 36.0531 120
11300 151.297 -312110 -684.979 163072 72.2672 72.2672 36.0551 120
11400 149.943 -312110 -320.959 163077 72.2679 72.2679 36.0555 120
11500 149.666 -312114 107.295 163060 72.2654 72.2654 36.0542 120
11600 148.614 -312115 358.856 163062 72.2657 72.2657 36.0544 120
11700 150.262 -312116 -195.425 163088 72.2695 72.2695 36.0563 120
11800 150.013 -312111 -31.0559 163090 72.2698 72.2698 36.0564 120
11900 151.449 -312110 -671.689 163080 72.2683 72.2683 36.0557 120
12000 151.808 -312112 119.709 163062 72.2656 72.2656 36.0543 120
12100 149.226 -312112 -460.914 163069 72.2668 72.2668 36.0549 120
12200 148.008 -312114 708.195 163062 72.2657 72.2657 36.0544 120
12300 149.059 -312116 680.357 163056 72.2648 72.2648 36.0539 120
12400 149.378 -312111 -349.711 163075 72.2676 72.2676 36.0553 120
12500 151.582 -312110 76.0232 163079 72.2682 72.2682 36.0556 120
12600 150.99 -312109 -412.75 163065 72.2661 72.2661 36.0546 120
12700 150.783 -312114 460.768 163035 72.2617 72.2617 36.0524 120
12800 149.768 -312117 619.138 163035 72.2617 72.2617 36.0524 120
12900 149.151 -312117 -667.567 163050 72.264 72.264 36.0535 120
13000 151.11 -312117 -55.0121 163062 72.2657 72.2657 36.0544 120
13100 150.049 -312109 256.617 163079 72.2681 72.2681 36.0556 120
13200 151.623 -312110 -140.504 163102 72.2715 72.2715 36.0573 120
13300 151.171 -312112 498.368 163088 72.2696 72.2696 36.0563 120
13400 150.085 -312115 -125.213 163057 72.2649 72.2649 36.054 120
13500 148.765 -312117 145.816 163042 72.2628 72.2628 36.0529 120
13600 149.066 -312115 340.825 163054 72.2645 72.2645 36.0538 120
13700 148.762 -312109 -326.366 163073 72.2674 72.2674 36.0552 120
13800 152.711 -312112 -24.2544 163081 72.2685 72.2685 36.0558 120
13900 151.68 -312111 -653.491 163100 72.2713 72.2713 36.0572 120
14000 150.884 -312116 14.2062 163089 72.2696 72.2696 36.0563 120
14100 148.233 -312115 466.33 163050 72.2639 72.2639 36.0535 120
14200 147.977 -312114 176.545 163026 72.2604 72.2604 36.0517 120
14300 149.974 -312113 1126.33 163045 72.2632 72.2632 36.0531 120
14400 151.226 -312111 -916.784 163109 72.2727 72.2727 36.0579 120
14500 152.529 -312115 -402.795 163148 72.2785 72.2785 36.0607 120
14600 149.705 -312114 522.652 163143 72.2776 72.2776 36.0603 120
14700 147.78 -312115 -356.75 163124 72.2748 72.2748 36.0589 120
14800 148.522 -312117 113.077 163079 72.2682 72.2682 36.0556 120
14900 150.324 -312116 -187.579 163071 72.267 72.267 36.055 120
15000 151.598 -312115 441.418 163071 72.2671 72.2671 36.0551 120
15100 150.772 -312112 125.902 163092 72.2702 72.2702 36.0566 120
15200 150.495 -312116 -1081.98 163131 72.2759 72.2759 36.0595 120
15300 149.803 -312119 274.592 163123 72.2747 72.2747 36.0589 120
15400 148.59 -312118 -128.445 163098 72.271 72.271 36.057 120
15500 149.475 -312116 997.425 163064 72.266 72.266 36.0545 120
15600 151.667 -312115 -144.145 163077 72.2678 72.2678 36.0554 120
15700 151.995 -312114 -642.783 163092 72.2701 72.2701 36.0566 120
15800 151.067 -312116 -194.876 163107 72.2724 72.2724 36.0577 120
15900 148.388 -312116 -301.485 163113 72.2732 72.2732 36.0581 120
16000 148.503 -312119 285.79 163112 72.273 72.273 36.058 120
16100 148.164 -312115 3.75453 163097 72.2708 72.2708 36.0569 120
16200 149.631 -312113 552.882 163064 72.2661 72.2661 36.0545 120
16300 151.17 -312113 264.909 163074 72.2675 72.2675 36.0553 120
16400 151.26 -312116 -4.44145 163122 72.2746 72.2746 36.0588 120
16500 149.404 -312117 -809.055 163159 72.28 72.28 36.0615 120
16600 150.014 -312120 -795.168 163137 72.2768 72.2768 36.0599 120
16700 149.067 -312118 -6.54079 163091 72.2699 72.2699 36.0565 120
16800 150.723 -312116 431.376 163070 72.2669 72.2669 36.055 120
16900 150.425 -312112 430.538 163092 72.2702 72.2702 36.0566 120
17000 151.946 -312116 -30.9272 163107 72.2724 72.2724 36.0577 120
17100 150.371 -312117 325.693 163111 72.2729 72.2729 36.058 120
17200 148.846 -312118 -96.2189 163114 72.2734 72.2734 36.0582 120
17300 148.875 -312118 -572.91 163108 72.2725 72.2725 36.0578 120
17400 149.61 -312116 316.038 163082 72.2686 72.2686 36.0558 120
17500 149.855 -312112 -106.288 163082 72.2687 72.2687 36.0559 120
17600 151.208 -312114 -272.851 163107 72.2723 72.2723 36.0577 120
17700 148.996 -312113 6.06213 163120 72.2742 72.2742 36.0586 120
17800 149.489 -312118 96.3421 163129 72.2755 72.2755 36.0593 120
17900 148.778 -312118 -334.064 163115 72.2736 72.2736 36.0583 120
18000 150.24 -312118 1251.77 163075 72.2676 72.2676 36.0553 120
18100 151.196 -312115 -376.906 163089 72.2697 72.2697 36.0563 120
18200 150.535 -312113 103.754 163098 72.2711 72.2711 36.057 120
18300 151.108 -312116 -248.351 163118 72.274 72.274 36.0585 120
18400 150.214 -312118 -453.457 163139 72.2771 72.2771 36.0601 120
18500 148.787 -312118 158.502 163125 72.275 72.275 36.059 120
18600 150.012 -312118 139.495 163105 72.2721 72.2721 36.0576 120
18700 150.373 -312115 -115.252 163084 72.2689 72.2689 36.056 120
18800 151.418 -312115 187.62 163060 72.2654 72.2654 36.0542 120
18900 149.88 -312113 -415.049 163064 72.266 72.266 36.0545 120
19000 151.052 -312119 98.0504 163086 72.2692 72.2692 36.0561 120
19100 148.959 -312118 419.369 163126 72.2752 72.2752 36.0591 120
19200 148.657 -312117 -381.495 163153 72.2792 72.2792 36.0611 120
19300 150.394 -312118 -513.743 163134 72.2763 72.2763 36.0597 120
19400 150.43 -312116 617.807 163075 72.2676 72.2676 36.0553 120
19500 150.35 -312116 576.823 163047 72.2635 72.2635 36.0533 120
19600 150.375 -312118 120.714 163084 72.2689 72.2689 36.056 120
19700 150.017 -312120 -289.833 163125 72.275 72.275 36.059 120
19800 149.099 -312118 -492.64 163153 72.2792 72.2792 36.0611 120
19900 150.693 -312120 23.3699 163138 72.2769 72.2769 36.06 120
20000 150.655 -312117 461.006 163086 72.2693 72.2693 36.0561 120
20100 150.968 -312117 337.241 163055 72.2647 72.2647 36.0539 120
20200 148.979 -312116 -738.358 163076 72.2678 72.2678 36.0554 120
20300 149.255 -312118 378.247 163105 72.2721 72.2721 36.0576 120
20400 149.861 -312120 -778.169 163129 72.2755 72.2755 36.0593 120
20500 150.212 -312120 -183.497 163104 72.2719 72.2719 36.0575 120
20600 150.506 -312118 1038.66 163062 72.2657 72.2657 36.0544 120
20700 151.857 -312119 420.692 163064 72.266 72.266 36.0545 120
20800 149.235 -312115 38.8675 163094 72.2704 72.2704 36.0567 120
20900 149.827 -312118 -64.5702 163125 72.275 72.275 36.059 120
21000 150.19 -312120 393.77 163130 72.2758 72.2758 36.0594 120
21100 148.437 -312117 -474.184 163129 72.2756 72.2756 36.0593 120
21200 149.83 -312117 -395.062 163097 72.2708 72.2708 36.0569 120
21300 150.959 -312117 626.455 163067 72.2665 72.2665 36.0548 120
21400 150.343 -312117 -59.4505 163077 72.268 72.268 36.0555 120
21500 148.829 -312117 -292.842 163100 72.2713 72.2713 36.0571 120
21600 149.124 -312118 -392.858 163114 72.2734 72.2734 36.0582 120
21700 150.341 -312120 184.981 163104 72.272 72.272 36.0575 120
21800 149.878 -312117 -39.0702 163102 72.2715 72.2715 36.0573 120
21900 151.07 -312118 -278.05 163103 72.2717 72.2717 36.0574 120
22000 149.449 -312115 502.936 163092 72.2701 72.2701 36.0566 120
22100 150.042 -312118 404.407 163080 72.2683 72.2683 36.0557 120
22200 149.627 -312119 406.07 163095 72.2706 72.2706 36.0568 120
22300 149.225 -312119 -803.252 163123 72.2747 72.2747 36.0589 120
22400 149.863 -312118 -726.773 163120 72.2742 72.2742 36.0586 120
22500 149.97 -312116 -8.10345 163103 72.2718 72.2718 36.0574 120
22600 150.871 -312117 818.981 163092 72.2702 72.2702 36.0566 120
22700 149.964 -312117 414.841 163103 72.2717 72.2717 36.0574 120
22800 150.704 -312120 420.383 163122 72.2745 72.2745 36.0588 120
22900 149.819 -312120 -277.582 163122 72.2745 72.2745 36.0588 120
23000 149.398 -312118 -660.649 163101 72.2714 72.2714 36.0572 120
23100 149.858 -312116 -2.10979 163071 72.267 72.267 36.055 120
23200 151.886 -312119 61.7926 163053 72.2643 72.2643 36.0537 120
23300 150.811 -312118 311.203 163068 72.2666 72.2666 36.0548 120
23400 149.684 -312117 578.621 163109 72.2726 72.2726 36.0578 120
23500 148 -312116 48.826 163140 72.2773 72.2773 36.0601 120
23600 149.104 -312117 -355.95 163131 72.2759 72.2759 36.0595 120
23700 150.967 -312119 310.156 163101 72.2714 72.2714 36.0572 120
23800 150.423 -312117 215.113 163099 72.2711 72.2711 36.0571 120
23900 150.237 -312117 -74.3775 163087 72.2694 72.2694 36.0562 120
24000 150.182 -312118 607.442 163089 72.2697 72.2697 36.0564 120
24100 149.682 -312119 -11.1685 163121 72.2745 72.2745 36.0587 120
24200 148.892 -312118 -151.203 163140 72.2772 72.2772 36.0601 120
24300 148.347 -312116 -280.843 163137 72.2768 72.2768 36.0599 120
24400 151.11 -312119 -582.988 163106 72.2722 72.2722 36.0576 120
24500 150.914 -312118 1133.5 163050 72.264 72.264 36.0535 120
24600 150.184 -312117 171.409 163061 72.2655 72.2655 36.0543 120
24700 149.234 -312118 166.054 163098 72.271 72.271 36.057 120
24800 148.186 -312116 -557.478 163141 72.2774 72.2774 36.0602 120
24900 150.278 -312119 353.495 163136 72.2766 72.2766 36.0598 120
25000 149.034 -312116 48.9543 163107 72.2723 72.2723 36.0577 120
25100 149.921 -312116 -82.0038 163067 72.2665 72.2665 36.0548 120
25200 150.975 -312118 429.657 163033 72.2614 72.2614 36.0522 120
25300 149.44 -312116 702.141 163063 72.2658 72.2658 36.0544 120
25400 151.38 -312121 -476.759 163155 72.2794 72.2794 36.0612 120
25500 149.216 -312118 -1918.44 163217 72.2886 72.2886 36.0658 120
25600 149.917 -312118 -323.257 163172 72.2819 72.2819 36.0624 120
25700 149.817 -312117 378.511 163070 72.2669 72.2669 36.055 120
25800 151.039 -312118 208.473 163014 72.2586 72.2586 36.0508 120
25900 150.752 -312119 1024.89 163017 72.2591 72.2591 36.0511 120
26000 149.674 -312119 -184.13 163094 72.2705 72.2705 36.0567 120
26100 150.372 -312121 -640.885 163161 72.2803 72.2803 36.0617 120
26200 150.006 -312118 -483.553 163165 72.2809 72.2809 36.062 120
26300 149.76 -312116 319.4 163113 72.2732 72.2732 36.0581 120
26400 151.104 -312118 -167.702 163076 72.2678 72.2678 36.0554 120
26500 150.04 -312117 587.44 163052 72.2643 72.2643 36.0537 120
26600 149.712 -312118 366.917 163076 72.2678 72.2678 36.0554 120
26700 149.483 -312120 -280.862 163103 72.2718 72.2718 36.0574 120
26800 149.906 -312120 156.194 163114 72.2734 72.2734 36.0582 120
26900 151.025 -312121 -275.562 163137 72.2767 72.2767 36.0599 120
27000 150.658 -312117 121.862 163134 72.2763 72.2763 36.0597 120
27100 150.829 -312117 -468.286 163117 72.2738 72.2738 36.0584 120
27200 151.509 -312121 -554.904 163095 72.2706 72.2706 36.0568 120
27300 149.52 -312119 350.609 163066 72.2662 72.2662 36.0546 120
27400 148.676 -312119 169.257 163079 72.2682 72.2682 36.0556 120
27500 150.23 -312120 55.6979 163110 72.2728 72.2728 36.0579 120
27600 149.478 -312116 56.9274 163121 72.2744 72.2744 36.0587 120
27700 149.694 -312115 -720.432 163128 72.2754 72.2754 36.0592 120
27800 151.302 -312118 -73.6365 163092 72.2701 72.2701 36.0566 120
27900 149.387 -312118 441.397 163065 72.2661 72.2661 36.0546 120
28000 148.486 -312119 684.42 163083 72.2688 72.2688 36.0559 120
28100 150.994 -312124 -40.1934 163124 72.2749 72.2749 36.0589 120
28200 150.78 -312121 -306.431 163142 72.2775 72.2775 36.0603 120
28300 149.716 -312115 -280.344 163138 72.2769 72.2769 36.06 120
28400 151.152 -312117 -283.929 163118 72.274 72.274 36.0585 120
28500 149.653 -312116 586.075 163073 72.2673 72.2673 36.0552 120
28600 148.824 -312119 64.8582 163059 72.2653 72.2653 36.0541 120
28700 148.851 -312120 139.868 163078 72.268 72.268 36.0555 120
28800 149.261 -312119 555.143 163108 72.2725 72.2725 36.0577 120
28900 148.665 -312115 -579.529 163137 72.2768 72.2768 36.0599 120
29000 151.649 -312118 -133.716 163121 72.2744 72.2744 36.0587 120
29100 151.224 -312118 545.924 163077 72.2679 72.2679 36.0555 120
29200 150.595 -312121 859.512 163071 72.267 72.267 36.055 120
29300 148.072 -312119 -400.957 163097 72.2709 72.2709 36.057 120
29400 149.043 -312120 -164.333 163099 72.2712 72.2712 36.0571 120
29500 151.678 -312122 237.246 163087 72.2694 72.2694 36.0562 120
29600 150.853 -312116 238.268 163089 72.2696 72.2696 36.0563 120
29700 151.2 -312118 -77.6168 163121 72.2743 72.2743 36.0587 120
29800 148.757 -312116 -442.734 163128 72.2754 72.2754 36.0592 120
29900 148.3 -312119 68.2968 163107 72.2724 72.2724 36.0577 120
30000 149.073 -312120 167.602 163101 72.2714 72.2714 36.0572 120
30100 150.189 -312120 381.541 163089 72.2697 72.2697 36.0564 120
30200 151.623 -312119 381.518 163088 72.2695 72.2695 36.0562 120
30300 150.722 -312116 118.096 163108 72.2725 72.2725 36.0577 120
30400 150.04 -312118 -177.854 163121 72.2743 72.2743 36.0587 120
30500 150.617 -312122 -29.6523 163107 72.2723 72.2723 36.0576 120
30600 148.977 -312121 -214.238 163108 72.2725 72.2725 36.0577 120
30700 149.269 -312120 -79.7056 163109 72.2727 72.2727 36.0579 120
30800 152.122 -312121 339.173 163113 72.2733 72.2733 36.0581 120
30900 149.949 -312115 85.9136 163112 72.273 72.273 36.058 120
31000 150.966 -312118 453.6 163118 72.274 72.274 36.0585 120
31100 148.629 -312118 340.962 163129 72.2756 72.2756 36.0593 120
31200 148.503 -312120 567.727 163109 72.2726 72.2726 36.0578 120
31300 149.371 -312122 -246.61 163095 72.2705 72.2705 36.0568 120
31400 151.362 -312122 466.222 163098 72.271 72.271 36.057 120
31500 149.554 -312116 280.616 163116 72.2736 72.2736 36.0583 120
31600 150.751 -312119 -407.714 163151 72.2789 72.2789 36.0609 120
31700 149.849 -312120 -307.085 163150 72.2787 72.2787 36.0608 120
31800 149.004 -312121 623.119 163106 72.2722 72.2722 36.0576 120
31900 149.831 -312123 556.551 163074 72.2675 72.2675 36.0552 120
32000 150.046 -312121 217.991 163078 72.2681 72.2681 36.0556 120
32100 149.577 -312117 -42.6134 163104 72.272 72.272 36.0575 120
32200 150.667 -312118 -443.001 163134 72.2763 72.2763 36.0597 120
32300 149.822 -312119 329.335 163139 72.277 72.277 36.06 120
32400 148.261 -312120 83.3012 163129 72.2756 72.2756 36.0593 120
32500 149.499 -312123 77.0464 163115 72.2736 72.2736 36.0583 120
32600 149.863 -312121 361.484 163113 72.2732 72.2732 36.0581 120
32700 149.715 -312118 -591.529 163117 72.2738 72.2739 36.0584 120
32800 151.56 -312119 330.92 163128 72.2755 72.2755 36.0592 120
32900 149.83 -312118 -257.742 163122 72.2745 72.2745 36.0588 120
33000 150.168 -312122 -76.0756 163108 72.2725 72.2725 36.0578 120
33100 149.65 -312124 659.666 163110 72.2727 72.2727 36.0579 120
33200 148.309 -312119 121.434 163131 72.2758 72.2758 36.0594 120
33300 149.814 -312119 -862.606 163138 72.2769 72.2769 36.06 120
33400 150.082 -312117 -372.585 163111 72.273 72.273 36.058 120
33500 151.673 -312120 816.729 163079 72.2683 72.2683 36.0556 120
33600 151.32 -312123 -359.719 163111 72.2729 72.2729 36.0579 120
33700 150.915 -312125 -207.703 163139 72.2771 72.2771 36.0601 120
33800 149.546 -312123 -312.078 163127 72.2752 72.2752 36.0591 120
33900 149.03 -312119 310.568 163124 72.2749 72.2749 36.059 120
34000 151.237 -312119 -154.248 163149 72.2785 72.2785 36.0608 120
34100 151.592 -312119 -381.892 163143 72.2776 72.2776 36.0603 120
34200 151.477 -312121 -68.4216 163104 72.2719 72.2719 36.0575 120
34300 150.071 -312123 547.711 163072 72.2672 72.2672 36.0551 120
34400 148.081 -312122 133.995 163091 72.27 72.27 36.0565 120
34500 149.429 -312121 471.775 163123 72.2748 72.2748 36.0589 120
34600 151.381 -312120 386.06 163140 72.2772 72.2772 36.0601 120
34700 151.354 -312118 -375.864 163138 72.277 72.277 36.06 120
34800 151.289 -312120 515.492 163133 72.2762 72.2762 36.0596 120
34900 149.695 -312121 204.439 163115 72.2736 72.2736 36.0583 120
35000 149.531 -312123 454.082 163090 72.2698 72.2698 36.0564 120
35100 148.821 -312122 180.804 163088 72.2696 72.2696 36.0563 120
35200 150.796 -312121 543.072 163114 72.2734 72.2734 36.0582 120
35300 151.488 -312119 214.523 163151 72.2788 72.2788 36.0609 120
35400 152.621 -312121 88.5494 163154 72.2793 72.2793 36.0612 120
35500 149.755 -312120 -169.232 163140 72.2772 72.2772 36.0601 120
35600 149.504 -312123 -6.86287 163115 72.2735 72.2735 36.0582 120
35700 149.233 -312123 139.429 163097 72.2709 72.2709 36.057 120
35800 149.248 -312119 589.789 163097 72.2709 72.2709 36.0569 120
35900 151.357 -312120 -106.013 163117 72.2738 72.2738 36.0584 120
36000 151.721 -312120 -30.691 163131 72.2759 72.2759 36.0594 120
36100 148.969 -312117 -51.7835 163141 72.2774 72.2774 36.0602 120
36200 149.062 -312121 270.768 163145 72.2779 72.2779 36.0605 120
36300 148.933 -312122 -497.887 163122 72.2745 72.2745 36.0588 120
36400 148.183 -312119 1507.18 163084 72.269 72.269 36.056 120
36500 151.997 -312122 24.2062 163123 72.2747 72.2747 36.0588 120
36600 150.96 -312118 -1627.55 163174 72.2822 72.2822 36.0626 120
36700 149.93 -312117 -422.464 163152 72.279 72.279 36.061 120
36800 150.034 -312122 1025.98 163107 72.2723 72.2723 36.0577 120
36900 149.213 -312123 258.961 163095 72.2705 72.2705 36.0568 120
37000 149.69 -312122 -302.646 163107 72.2723 72.2723 36.0577 120
37100 151.794 -312123 201.64 163123 72.2748 72.2748 36.0589 120
37200 151.081 -312118 -364.653 163149 72.2786 72.2786 36.0608 120
37300 151.134 -312119 -47.1703 163162 72.2804 72.2804 36.0617 120
37400 149.174 -312119 -730.67 163164 72.2808 72.2808 36.0619 120
37500 148.107 -312121 -153.966 163126 72.2751 72.2751 36.059 120
37600 149.136 -312123 926.807 163062 72.2657 72.2657 36.0544 120
37700 150.279 -312122 985.89 163035 72.2616 72.2616 36.0523 120
37800 150.985 -312119 501.405 163097 72.2708 72.2708 36.0569 120
37900 152.324 -312121 -612.991 163198 72.2858 72.2858 36.0644 120
38000 150.578 -312120 -1300.52 163226 72.29 72.29 36.0665 120
38100 149.964 -312123 124.682 163160 72.2802 72.2802 36.0616 120
38200 148.219 -312121 276.892 163086 72.2692 72.2692 36.0561 120
38300 148.967 -312120 -277.207 163055 72.2647 72.2647 36.0539 120
38400 151.506 -312121 783.646 163046 72.2633 72.2633 36.0532 120
38500 150.299 -312118 291.565 163099 72.2712 72.2712 36.0571 120
38600 151.279 -312120 -82.2195 163184 72.2837 72.2837 36.0633 120
38700 149.369 -312119 -386.822 163226 72.2899 72.2899 36.0665 120
38800 149.465 -312122 -891.969 163203 72.2866 72.2866 36.0648 120
38900 150.333 -312123 -599.31 163118 72.274 72.274 36.0585 120
39000 150.819 -312121 725.149 163024 72.26 72.26 36.0515 120
39100 149.735 -312118 877.269 163023 72.2599 72.2599 36.0515 120
39200 150.848 -312121 -211.374 163122 72.2745 72.2745 36.0588 120
39300 149.351 -312119 -469.436 163210 72.2876 72.2876 36.0653 120
39400 149.595 -312121 -1217.86 163221 72.2892 72.2892 36.0661 120
39500 149.914 -312122 -108.79 163142 72.2776 72.2776 36.0603 120
39600 150.953 -312122 544.59 163053 72.2644 72.2644 36.0537 120
39700 150.739 -312120 -61.4084 163044 72.263 72.263 36.053 120
39800 150.15 -312119 350.003 163085 72.2691 72.2691 36.056 120
39900 150.475 -312122 4.55154 163144 72.2779 72.2779 36.0604 120
40000 149.518 -312121 -813.293 163172 72.2819 72.2819 36.0625 120
40100 149.394 -312121 143.079 163162 72.2804 72.2804 36.0617 120
40200 148.564 -312117 -251.042 163133 72.2762 72.2762 36.0596 120
40300 151.78 -312121 83.8459 163098 72.271 72.271 36.057 120
40400 150.208 -312119 756.174 163089 72.2697 72.2697 36.0564 120
40500 149.788 -312120 -84.3402 163110 72.2727 72.2727 36.0579 120
40600 150.012 -312123 -587.918 163149 72.2785 72.2785 36.0607 120
40700 149.185 -312122 -543.221 163158 72.2799 72.2799 36.0614 120
40800 149.045 -312120 -423.001 163140 72.2772 72.2772 36.0601 120
40900 151.023 -312122 -113.783 163107 72.2724 72.2724 36.0577 120
41000 151.181 -312122 192.501 163079 72.2682 72.2682 36.0556 120
41100 151.083 -312123 692.158 163076 72.2678 72.2678 36.0554 120
41200 149.918 -312123 -115.209 163127 72.2753 72.2753 36.0591 120
41300 149.463 -312122 -215.469 163170 72.2816 72.2816 36.0623 120
41400 150.27 -312122 -641.163 163174 72.2823 72.2823 36.0626 120
41500 149.956 -312119 -0.506095 163137 72.2768 72.2768 36.0599 120
41600 150.163 -312119 351.63 163094 72.2704 72.2704 36.0567 120
41700 150.125 -312121 136.397 163082 72.2686 72.2686 36.0558 120
41800 150.222 -312123 288.137 163091 72.27 72.27 36.0565 120
41900 149.602 -312123 -79.2763 163120 72.2743 72.2743 36.0587 120
42000 149.855 -312123 -718.048 163140 72.2772 72.2772 36.0601 120
42100 150.97 -312122 -353.687 163135 72.2764 72.2764 36.0597 120
42200 149.481 -312118 -66.7594 163114 72.2734 72.2734 36.0582 120
42300 150.525 -312120 598.714 163086 72.2693 72.2693 36.0562 120
42400 148.561 -312119 -249.526 163108 72.2725 72.2725 36.0578 120
42500 148.996 -312122 -356.998 163136 72.2767 72.2767 36.0598 120
42600 149.385 -312122 -210.218 163136 72.2766 72.2766 36.0598 120
42700 149.73 -312121 -583.45 163127 72.2753 72.2753 36.0592 120
42800 151.68 -312122 -4.3677 163114 72.2733 72.2733 36.0582 120
42900 150.465 -312120 102.511 163101 72.2715 72.2715 36.0573 120
43000 149.774 -312121 354.301 163089 72.2698 72.2698 36.0564 120
43100 149.106 -312121 448.568 163102 72.2716 72.2716 36.0573 120
43200 149.843 -312123 378.325 163145 72.278 72.278 36.0605 120
43300 149.376 -312120 -1272.75 163187 72.2842 72.2842 36.0636 120
43400 151.431 -312122 -497.778 163163 72.2806 72.2806 36.0618 120
43500 149.085 -312117 124.217 163105 72.2721 72.2721 36.0576 120
43600 150.208 -312121 167.674 163059 72.2653 72.2653 36.0542 120
43700 149.804 -312123 984.501 163058 72.2651 72.2651 36.0541 120
43800 151.148 -312126 -208.439 163107 72.2723 72.2723 36.0577 120
43900 149.644 -312122 -315.015 163173 72.282 72.282 36.0625 120
44000 149.815 -312119 -473.495 163203 72.2865 72.2866 36.0648 120
44100 151.294 -312120 197.503 163158 72.2799 72.2799 36.0615 120
44200 149.454 -312119 627.472 163102 72.2716 72.2716 36.0573 120
44300 149.692 -312122 -3.50686 163078 72.2681 72.2681 36.0556 120
44400 148.915 -312122 498.428 163073 72.2672 72.2672 36.0551 120
44500 149.539 -312122 -45.9804 163109 72.2726 72.2726 36.0578 120
44600 150.735 -312122 -435.109 163158 72.2798 72.2798 36.0614 120
44700 150.208 -312119 219.372 163159 72.2801 72.2801 36.0615 120
44800 150.122 -312119 -686.617 163146 72.278 72.278 36.0605 120
44900 150.372 -312123 455.072 163098 72.271 72.271 36.057 120
45000 148.942 -312122 967.605 163065 72.2662 72.2662 36.0546 120
45100 150.424 -312126 438.074 163097 72.2708 72.2708 36.0569 120
45200 150.382 -312123 62.5702 163139 72.277 72.277 36.06 120
45300 150.67 -312121 -212.074 163157 72.2797 72.2797 36.0614 120
45400 150.868 -312121 -354.489 163146 72.2781 72.2781 36.0606 120
45500 149.735 -312123 355.327 163105 72.272 72.272 36.0575 120
45600 148.563 -312124 312.029 163073 72.2673 72.2673 36.0552 120
45700 149.281 -312123 391.287 163084 72.2689 72.2689 36.056 120
45800 149.654 -312121 -224.922 163124 72.2748 72.2748 36.0589 120
45900 150.343 -312121 -225.907 163146 72.2781 72.2781 36.0606 120
46000 151.337 -312123 -214.257 163155 72.2794 72.2794 36.0612 120
46100 149.808 -312121 -25.7148 163130 72.2757 72.2757 36.0594 120
46200 150.114 -312123 1007.3 163087 72.2694 72.2694 36.0562 120
46300 150.732 -312124 662.616 163078 72.2681 72.2681 36.0556 120
46400 149.809 -312121 97.3031 163097 72.2709 72.2709 36.0569 120
46500 150.474 -312124 -139.215 163129 72.2755 72.2755 36.0593 120
46600 150.138 -312123 -567.525 163163 72.2805 72.2805 36.0618 120
46700 148.721 -312120 -122.975 163159 72.28 72.28 36.0615 120
46800 150.727 -312123 -128.858 163133 72.2761 72.2761 36.0596 120
46900 151.171 -312122 149.388 163109 72.2726 72.2726 36.0578 120
47000 150.273 -312120 366.214 163106 72.2722 72.2722 36.0576 120
47100 150.503 -312124 -73.4612 163125 72.275 72.275 36.059 120
47200 148.613 -312123 303.44 163129 72.2756 72.2756 36.0593 120
47300 149.549 -312124 -578.655 163148 72.2784 72.2784 36.0607 120
47400 149.432 -312120 -94.6317 163152 72.2789 72.2789 36.061 120
47500 152.396 -312124 -268.542 163142 72.2775 72.2775 36.0603 120
47600 149.349 -312118 -91.9338 163112 72.2731 72.2731 36.058 120
47700 150.387 -312122 674.298 163072 72.2672 72.2672 36.0551 120
47800 149.557 -312123 106.065 163087 72.2693 72.2693 36.0562 120
47900 147.953 -312120 -111.238 163134 72.2763 72.2763 36.0597 120
48000 147.272 -312122 -1006.28 163173 72.2821 72.2821 36.0625 120
48100 148.056 -312124 211.556 163149 72.2785 72.2785 36.0608 120
48200 150.876 -312124 1235.48 163100 72.2713 72.2713 36.0571 120
48300 150.246 -312121 -434.579 163112 72.2731 72.2731 36.0581 120
48400 150.102 -312121 88.7139 163140 72.2772 72.2772 36.0601 120
48500 150.012 -312124 -240.475 163145 72.2779 72.2779 36.0605 120
48600 149.442 -312126 104.162 163118 72.2739 72.2739 36.0585 120
48700 148.35 -312123 -259.17 163116 72.2737 72.2737 36.0584 120
48800 150.263 -312125 587.134 163131 72.276 72.276 36.0595 120
48900 150.622 -312123 467.712 163152 72.279 72.279 36.061 120
49000 149.914 -312120 -34.3569 163174 72.2823 72.2823 36.0626 120
49100 151.591 -312123 -843.946 163179 72.2829 72.2829 36.063 120
49200 151.053 -312123 0.366175 163133 72.2761 72.2761 36.0596 120
49300 149.949 -312125 -149.067 163090 72.2698 72.2698 36.0564 120
49400 148.339 -312123 38.2859 163093 72.2703 72.2703 36.0567 120
49500 148.643 -312121 -148.098 163137 72.2768 72.2768 36.0599 120
49600 150.343 -312120 -718.09 163173 72.282 72.282 36.0625 120
49700 151.317 -312122 33.5076 163163 72.2807 72.2807 36.0618 120
49800 150.488 -312123 517.623 163134 72.2763 72.2763 36.0597 120
49900 150.34 -312124 250.761 163117 72.2738 72.2738 36.0584 120
50000 149.386 -312123 -24.4011 163122 72.2746 72.2746 36.0588 120
50100 150.201 -312123 -310.834 163150 72.2787 72.2787 36.0608 120
50200 152.615 -312121 339.602 163144 72.2777 72.2777 36.0604 120
50300 151.486 -312121 643.302 163120 72.2742 72.2742 36.0586 120
50400 149.829 -312121 623.52 163115 72.2735 72.2735 36.0583 120
50500 149.781 -312124 -311.107 163156 72.2796 72.2796 36.0613 120
50600 148.78 -312122 -318.779 163178 72.2829 72.2829 36.0629 120
50700 149.634 -312121 -373.524 163156 72.2796 72.2796 36.0613 120
50800 152.345 -312122 41.6455 163111 72.273 72.273 36.058 120
50900 151.357 -312121 655.694 163080 72.2684 72.2684 36.0557 120
51000 151.281 -312124 49.9491 163118 72.274 72.274 36.0585 120
51100 150.22 -312124 -35.3653 163159 72.28 72.28 36.0615 120
51200 150.891 -312125 155.709 163164 72.2808 72.2808 36.0619 120
51300 150.304 -312123 147.853 163153 72.2791 72.2791 36.0611 120
51400 150.966 -312122 188.704 163150 72.2787 72.2787 36.0608 120
51500 152.58 -312123 290.948 163141 72.2774 72.2774 36.0602 120
51600 151.593 -312122 541.558 163134 72.2763 72.2763 36.0597 120
51700 148.419 -312121 -281.455 163138 72.2769 72.2769 36.06 120
51800 150.029 -312125 -371.282 163139 72.277 72.277 36.06 120
51900 150.067 -312124 195.586 163122 72.2746 72.2746 36.0588 120
52000 150.78 -312122 332.677 163134 72.2763 72.2763 36.0596 120
52100 152.199 -312121 -673.184 163177 72.2827 72.2827 36.0628 120
52200 152.363 -312117 -61.7678 163172 72.282 72.282 36.0625 120
52300 151.768 -312121 168.692 163128 72.2754 72.2754 36.0592 120
52400 150.862 -312123 206.993 163093 72.2703 72.2703 36.0566 120
52500 149.174 -312122 701.17 163087 72.2693 72.2693 36.0562 120
52600 147.853 -312121 760.253 163123 72.2747 72.2747 36.0588 120
52700 148.552 -312121 -935.825 163174 72.2822 72.2822 36.0626 120
52800 150.353 -312121 72.1149 163168 72.2814 72.2814 36.0622 120
52900 149.725 -312118 -258.448 163158 72.2799 72.2799 36.0615 120
53000 150.142 -312121 -162.736 163147 72.2782 72.2782 36.0606 120
53100 150.341 -312125 -793.674 163132 72.2761 72.2761 36.0595 120
53200 150.725 -312126 -103.511 163117 72.2738 72.2738 36.0584 120
53300 150.782 -312125 -184.427 163114 72.2733 72.2733 36.0582 120
53400 150.259 -312122 258.874 163133 72.2762 72.2762 36.0596 120
53500 150.934 -312122 -0.658682 163181 72.2832 72.2832 36.0631 120
53600 151.011 -312122 -321.635 163213 72.2879 72.2879 36.0655 120
53700 151.046 -312124 -1224.38 163192 72.2849 72.2849 36.0639 120
53800 149.691 -312126 177.014 163101 72.2714 72.2714 36.0572 120
53900 149.272 -312125 967.544 163029 72.2608 72.2608 36.0519 120
54000 150.039 -312122 1106.59 163060 72.2653 72.2653 36.0542 120
54100 151.097 -312121 -129.544 163154 72.2792 72.2792 36.0611 120
54200 151.773 -312124 -623.164 163217 72.2885 72.2885 36.0658 120
54300 150.618 -312124 -1001.56 163209 72.2875 72.2875 36.0652 120
54400 149.018 -312122 111.094 163136 72.2766 72.2766 36.0598 120
54500 149.044 -312125 300.786 163076 72.2677 72.2677 36.0554 120
54600 148.983 -312126 244.213 163066 72.2662 72.2662 36.0546 120
54700 148.837 -312123 322.974 163102 72.2716 72.2716 36.0573 120
54800 151.206 -312123 -347.645 163152 72.2789 72.2789 36.061 120
54900 152.398 -312125 -192.229 163178 72.2828 72.2828 36.0629 120
55000 150.917 -312124 -511.895 163178 72.2829 72.2829 36.0629 120
55100 147.356 -312121 -47.4754 163133 72.2762 72.2762 36.0596 120
55200 149.702 -312125 532.475 163086 72.2693 72.2693 36.0562 120
55300 149.405 -312123 435.086 163084 72.269 72.269 36.056 120
55400 150.567 -312123 -203.62 163115 72.2736 72.2736 36.0583 120
55500 150.258 -312121 190.475 163140 72.2772 72.2772 36.0601 120
55600 150.059 -312122 -346.011 163179 72.2829 72.2829 36.063 120
55700 150.19 -312127 -860.426 163199 72.286 72.286 36.0645 120
55800 150.087 -312127 -247.382 163153 72.2792 72.2792 36.0611 120
55900 151.266 -312126 188.765 163078 72.268 72.268 36.0555 120
56000 151.433 -312124 759.075 163052 72.2642 72.2642 36.0536 120
56100 149.763 -312121 -188.937 163104 72.272 72.272 36.0575 120
56200 150.539 -312125 -568.015 163156 72.2796 72.2796 36.0613 120
56300 148.473 -312125 -461.237 163190 72.2846 72.2846 36.0638 120
56400 148.237 -312125 -588.396 163191 72.2847 72.2847 36.0638 120
56500 150.172 -312126 296.153 163133 72.2762 72.2762 36.0596 120
56600 150.263 -312125 436.367 163067 72.2664 72.2664 36.0547 120
56700 150.894 -312125 -144.096 163043 72.2629 72.2629 36.0529 120
56800 151.061 -312124 1453.8 163068 72.2666 72.2666 36.0548 120
56900 151.281 -312126 -126.682 163158 72.2799 72.2799 36.0614 120
57000 149.015 -312124 -1471.57 163208 72.2873 72.2873 36.0651 120
57100 148.03 -312124 -440.494 163163 72.2806 72.2806 36.0618 120
57200 149.629 -312124 738.6 163070 72.2669 72.2669 36.055 120
57300 149.486 -312121 1140.64 163025 72.2602 72.2602 36.0516 120
57400 151.472 -312125 304.195 163079 72.2682 72.2682 36.0556 120
57500 149.45 -312123 142.653 163153 72.2792 72.2792 36.0611 120
57600 148.98 -312124 533.175 163183 72.2836 72.2836 36.0633 120
57700 149.214 -312124 -184.193 163184 72.2838 72.2838 36.0634 120
57800 150.203 -312124 -545.159 163158 72.2799 72.2799 36.0614 120
57900 150.954 -312122 350.239 163082 72.2687 72.2687 36.0559 120
58000 150.109 -312122 1096.83 163030 72.261 72.261 36.052 120
58100 149.199 -312123 939.44 163057 72.2649 72.2649 36.054 120
58200 150.158 -312127 79.4549 163139 72.277 72.277 36.06 120
58300 150.038 -312125 -1384.14 163207 72.287 72.287 36.065 120
58400 148.729 -312120 -560.505 163203 72.2865 72.2865 36.0647 120
58500 150.582 -312123 -347.381 163141 72.2774 72.2774 36.0602 120
58600 149.873 -312123 655.125 163056 72.2648 72.2648 36.0539 120
58700 149.092 -312122 585.079 163030 72.2609 72.2609 36.052 120
58800 149.068 -312122 139.055 163080 72.2683 72.2683 36.0557 120
58900 150.998 -312126 451.815 163169 72.2815 72.2815 36.0623 120
59000 149.927 -312124 -729.622 163231 72.2906 72.2906 36.0668 120
59100 149.009 -312124 -514.108 163195 72.2854 72.2854 36.0642 120
59200 149.992 -312127 389.029 163097 72.2708 72.2708 36.0569 120
59300 150.14 -312124 673.005 163031 72.2611 72.2611 36.0521 120
59400 149.425 -312120 759.618 163043 72.2629 72.2629 36.053 120
59500 149.674 -312121 -515.813 163123 72.2747 72.2747 36.0589 120
59600 150.085 -312126 -1012.01 163197 72.2856 72.2856 36.0643 120
59700 148.216 -312125 -1409.38 163211 72.2878 72.2878 36.0654 120
59800 149.472 -312125 165.01 163149 72.2786 72.2786 36.0608 120
59900 150.562 -312125 614.039 163076 72.2678 72.2678 36.0554 120
60000 150.183 -312122 945.768 163042 72.2627 72.2627 36.0529 120
60100 148.45 -312119 567.262 163077 72.2679 72.2679 36.0555 120
60200 148.296 -312124 213.773 163148 72.2784 72.2784 36.0607 120
60300 149.018 -312127 -410.334 163195 72.2853 72.2853 36.0641 120
60400 149.321 -312125 -671.303 163180 72.2831 72.2831 36.0631 120
60500 149.16 -312122 -596.04 163110 72.2728 72.2728 36.0579 120
60600 150.7 -312124 939.731 163041 72.2626 72.2626 36.0528 120
60700 149.972 -312123 615.051 163071 72.267 72.267 36.055 120
60800 148.585 -312124 -843.044 163162 72.2804 72.2804 36.0617 120
60900 149.168 -312128 -573.826 163194 72.2852 72.2852 36.0641 120
61000 147.768 -312123 135.089 163166 72.281 72.281 36.062 120
61100 149.375 -312124 -61.8388 163129 72.2756 72.2756 36.0593 120
61200 149.828 -312123 326.612 163097 72.2708 72.2708 36.0569 120
61300 150.906 -312124 -34.2011 163097 72.2708 72.2708 36.0569 120
61400 150.526 -312123 123.587 163131 72.2759 72.2759 36.0595 120
61500 148.968 -312123 -312.674 163188 72.2844 72.2844 36.0637 120
61600 148.432 -312125 -625.155 163183 72.2836 72.2836 36.0633 120
61700 149.792 -312126 244.648 163113 72.2732 72.2732 36.0581 120
61800 150.913 -312125 475.405 163067 72.2664 72.2664 36.0547 120
61900 150.346 -312122 330.671 163086 72.2692 72.2692 36.0561 120
62000 151.078 -312125 626.296 163156 72.2796 72.2796 36.0613 120
62100 149.905 -312124 -1120.8 163215 72.2882 72.2882 36.0656 120
62200 149.923 -312125 -1263.43 163191 72.2847 72.2847 36.0639 120
62300 149.317 -312122 457.217 163125 72.275 72.275 36.059 120
62400 150.843 -312120 849.061 163098 72.2709 72.2709 36.057 120
62500 152.043 -312124 214.123 163104 72.2719 72.2719 36.0575 120
62600 150.079 -312125 -266.057 163149 72.2785 72.2785 36.0608 120
62700 149.026 -312123 -618.344 163192 72.2849 72.2849 36.0639 120
62800 148.994 -312123 -959.091 163186 72.2839 72.2839 36.0635 120
62900 150.639 -312124 -480.899 163140 72.2772 72.2772 36.0601 120
63000 153.643 -312126 725.909 163081 72.2685 72.2685 36.0558 120
63100 150.3 -312120 465.595 163066 72.2663 72.2663 36.0547 120
63200 151.35 -312126 913.155 163109 72.2727 72.2727 36.0579 120
63300 149.472 -312123 -602.155 163186 72.284 72.284 36.0635 120
63400 150.072 -312125 -845.951 163219 72.2888 72.2888 36.0659 120
63500 149.355 -312124 -616.557 163206 72.287 72.287 36.065 120
63600 148.43 -312122 -276.246 163163 72.2806 72.2806 36.0618 120
63700 150.312 -312124 -16.4458 163088 72.2696 72.2696 36.0563 120
63800 151.888 -312125 1092.48 163043 72.2628 72.2628 36.0529 120
63900 151.187 -312124 -132.352 163079 72.2683 72.2683 36.0557 120
64000 149.752 -312126 375.6 163147 72.2783 72.2783 36.0606 120
64100 148.253 -312124 -1165.69 163236 72.2914 72.2914 36.0672 120
64200 148.445 -312122 -872.783 163237 72.2915 72.2915 36.0673 120
64300 150.18 -312123 -224.159 163150 72.2787 72.2787 36.0608 120
64400 150.074 -312124 177.495 163059 72.2653 72.2653 36.0542 120
64500 149.543 -312123 1048.02 163013 72.2585 72.2585 36.0508 120
64600 149.531 -312124 627.705 163069 72.2667 72.2667 36.0549 120
64700 149.151 -312124 -352.114 163176 72.2825 72.2825 36.0627 120
64800 148.076 -312125 -1008.28 163242 72.2922 72.2922 36.0676 120
64900 148.042 -312125 153.057 163219 72.2889 72.2889 36.0659 120
65000 150.109 -312124 -483.528 163155 72.2795 72.2795 36.0612 120
65100 151.166 -312126 524.575 163073 72.2674 72.2674 36.0552 120
65200 150.663 -312125 859.747 163042 72.2628 72.2628 36.0529 120
65300 150.943 -312127 329.314 163089 72.2696 72.2696 36.0563 120
65400 149.504 -312127 326.436 163158 72.2798 72.2798 36.0614 120
65500 148.358 -312125 -997.942 163233 72.2909 72.2909 36.0669 120
65600 150.642 -312123 -1059.13 163238 72.2917 72.2917 36.0673 120
65700 149.572 -312120 -313.908 163161 72.2804 72.2804 36.0617 120
65800 148.851 -312122 879.562 163067 72.2664 72.2664 36.0547 120
65900 149.726 -312127 83.5372 163033 72.2614 72.2614 36.0522 120
66000 148.647 -312126 192.117 163073 72.2674 72.2674 36.0552 120
66100 149.484 -312124 91.8839 163146 72.2781 72.2781 36.0605 120
66200 150.482 -312121 -22.1049 163219 72.2888 72.2888 36.0659 120
66300 149.579 -312120 -793.072 163243 72.2924 72.2924 36.0677 120
66400 148.905 -312122 -191.395 163182 72.2833 72.2833 36.0632 120
66500 147.816 -312122 901.16 163072 72.2672 72.2672 36.0551 120
66600 150.198 -312127 1616.04 163022 72.2597 72.2597 36.0514 120
66700 149.237 -312123 1136.65 163090 72.2698 72.2698 36.0564 120
66800 150.215 -312124 -639.302 163204 72.2866 72.2866 36.0648 120
66900 150.114 -312124 -1540.15 163248 72.2931 72.2931 36.068 120
67000 150.212 -312123 -167.17 163171 72.2818 72.2818 36.0624 120
67100 150.559 -312124 592.408 163081 72.2685 72.2685 36.0557 120
67200 149.789 -312124 1215.33 163047 72.2634 72.2634 36.0532 120
67300 148.99 -312125 418.037 163104 72.2719 72.2719 36.0575 120
67400 149.17 -312126 -105.284 163185 72.2838 72.2838 36.0634 120
67500 149.402 -312124 -1308.77 163232 72.2907 72.2907 36.0669 120
67600 151.032 -312123 -225.531 163170 72.2816 72.2816 36.0623 120
67700 150.041 -312122 921.998 163093 72.2703 72.2703 36.0567 120
67800 149.442 -312124 525.376 163065 72.2661 72.2661 36.0546 120
67900 149.807 -312127 -43.2288 163084 72.269 72.269 36.056 120
68000 149.63 -312125 670.533 163130 72.2757 72.2757 36.0593 120
68100 149.151 -312120 -787.455 163190 72.2845 72.2845 36.0638 120
68200 151.869 -312120 -261.592 163198 72.2858 72.2858 36.0644 120
68300 151.014 -312120 -438.742 163173 72.2821 72.2821 36.0626 120
68400 150.283 -312124 -56.6423 163118 72.2739 72.2739 36.0585 120
68500 149.504 -312125 537.402 163059 72.2653 72.2653 36.0542 120
68600 150.148 -312127 1306.64 163067 72.2664 72.2664 36.0547 120
68700 150.222 -312125 309.485 163155 72.2794 72.2794 36.0612 120
68800 149.607 -312119 -1321.14 163232 72.2907 72.2907 36.0669 120
68900 150.485 -312121 -464.147 163208 72.2873 72.2873 36.0651 120
69000 149.415 -312122 -157.952 163131 72.2759 72.2759 36.0595 120
69100 150.485 -312125 1073.57 163040 72.2624 72.2624 36.0527 120
69200 150.944 -312127 703.659 163024 72.2601 72.2601 36.0516 120
69300 149.842 -312124 730.757 163103 72.2718 72.2718 36.0574 120
69400 149.396 -312124 -641.282 163200 72.2861 72.2861 36.0645 120
69500 149.8 -312125 -335.403 163219 72.2889 72.2889 36.066 120
69600 149.91 -312124 -660.848 163175 72.2824 72.2824 36.0627 120
69700 150.703 -312122 1078.56 163079 72.2682 72.2682 36.0556 120
69800 150.097 -312122 542.756 163058 72.2651 72.2651 36.0541 120
69900 149.568 -312125 261.867 163105 72.272 72.272 36.0575 120
70000 148.828 -312126 -233.547 163148 72.2784 72.2784 36.0607 120
70100 150.089 -312126 -251.627 163170 72.2816 72.2816 36.0623 120
70200 150.083 -312123 181.566 163162 72.2804 72.2804 36.0617 120
70300 151.035 -312124 17.4232 163141 72.2774 72.2774 36.0602 120
70400 148.86 -312121 633.708 163126 72.2752 72.2752 36.0591 120
70500 150.217 -312125 -678.623 163139 72.277 72.277 36.06 120
70600 150.109 -312125 -501.22 163148 72.2784 72.2784 36.0607 120
70700 149.203 -312125 284.128 163142 72.2775 72.2775 36.0603 120
70800 148.335 -312126 -418.065 163135 72.2765 72.2765 36.0598 120
70900 148.977 -312126 146.286 163129 72.2756 72.2756 36.0593 120
71000 149.236 -312122 -421.517 163127 72.2754 72.2754 36.0592 120
71100 150.647 -312124 406.561 163124 72.2749 72.2749 36.059 120
71200 150.427 -312124 -395.517 163146 72.2782 72.2782 36.0606 120
71300 150.315 -312127 -367.698 163138 72.2769 72.2769 36.06 120
71400 147.815 -312127 99.267 163120 72.2743 72.2743 36.0586 120
71500 148.452 -312126 725.382 163108 72.2725 72.2725 36.0578 120
71600 150.019 -312124 -30.2438 163128 72.2755 72.2755 36.0592 120
71700 150.323 -312124 234.248 163154 72.2793 72.2793 36.0611 120
71800 149.503 -312122 -460.581 163169 72.2814 72.2814 36.0622 120
71900 150.626 -312126 277.903 163153 72.2791 72.2791 36.061 120
72000 149.541 -312125 -325.906 163127 72.2753 72.2753 36.0592 120
72100 148.904 -312126 141.868 163088 72.2696 72.2696 36.0563 120
72200 150.623 -312128 1101.72 163081 72.2685 72.2685 36.0558 120
72300 150.678 -312124 847.026 163120 72.2743 72.2743 36.0587 120
72400 150.218 -312121 -730.532 163185 72.2838 72.2838 36.0634 120
72500 151.507 -312125 -233.563 163173 72.2821 72.2821 36.0625 120
72600 149.069 -312125 285.681 163115 72.2736 72.2736 36.0583 120
72700 146.94 -312122 99.2261 163083 72.2688 72.2688 36.0559 120
72800 149.128 -312125 136.168 163089 72.2697 72.2697 36.0564 120
72900 149.528 -312123 -197.329 163129 72.2756 72.2756 36.0593 120
73000 150.092 -312122 -130.679 163175 72.2824 72.2824 36.0627 120
73100 150.62 -312124 -852.541 163195 72.2853 72.2853 36.0641 120
73200 150.441 -312129 -587.011 163156 72.2795 72.2795 36.0613 120
73300 149.476 -312128 872.331 163076 72.2677 72.2677 36.0554 120
73400 150.16 -312126 342.277 163042 72.2628 72.2628 36.0529 120
73500 150.14 -312123 787.384 163080 72.2684 72.2684 36.0557 120
73600 149.613 -312122 -232.542 163147 72.2783 72.2783 36.0606 120
73700 150.578 -312124 -21.5118 163191 72.2848 72.2848 36.0639 120
73800 150.173 -312125 -178.45 163192 72.2849 72.2849 36.064 120
73900 149.398 -312129 511.485 163139 72.2771 72.2771 36.0601 120
74000 146.564 -312126 -307.224 163098 72.2711 72.2711 36.057 120
74100 150.633 -312130 473.353 163078 72.2681 72.2681 36.0556 120
74200 149.756 -312126 423.801 163119 72.2741 72.2741 36.0585 120
74300 151.305 -312126 340.431 163174 72.2823 72.2823 36.0626 120
74400 150.855 -312125 -748.813 163210 72.2875 72.2875 36.0653 120
74500 149.123 -312123 408.279 163182 72.2834 72.2834 36.0632 120
74600 150.207 -312129 103.298 163111 72.2729 72.2729 36.058 120
74700 148.987 -312128 465.346 163068 72.2665 72.2665 36.0548 120
74800 150.963 -312128 264.449 163098 72.271 72.271 36.057 120
74900 151.672 -312126 -35.6298 163165 72.2809 72.2809 36.0619 120
75000 151.303 -312125 -223.295 163209 72.2873 72.2873 36.0652 120
75100 149.517 -312123 -412.704 163193 72.285 72.285 36.064 120
75200 149.656 -312126 -26.3928 163143 72.2776 72.2776 36.0603 120
75300 149.224 -312129 448.854 163095 72.2706 72.2706 36.0568 120
75400 148.784 -312131 472.213 163086 72.2692 72.2692 36.0561 120
75500 149.228 -312128 24.5551 163116 72.2736 72.2736 36.0583 120
75600 149.975 -312126 -638.033 163175 72.2824 72.2824 36.0627 120
75700 150.556 -312125 -247.572 163193 72.285 72.285 36.064 120
75800 150.295 -312124 133.172 163175 72.2824 72.2824 36.0627 120
75900 151.815 -312127 -736.231 163155 72.2794 72.2794 36.0612 120
76000 149.965 -312127 557.175 163122 72.2746 72.2746 36.0588 120
76100 148.265 -312127 47.6323 163122 72.2745 72.2745 36.0588 120
76200 150.25 -312127 -268.403 163138 72.277 72.277 36.06 120
76300 152.339 -312128 90.4723 163148 72.2784 72.2784 36.0607 120
76400 150.963 -312125 724.733 163157 72.2797 72.2797 36.0614 120
76500 149.531 -312124 -198.273 163173 72.282 72.282 36.0625 120
76600 149.603 -312126 -199.035 163156 72.2795 72.2795 36.0613 120
76700 148.614 -312126 -414.432 163135 72.2764 72.2764 36.0597 120
76800 150.477 -312127 413.253 163111 72.2729 72.2729 36.058 120
76900 151.341 -312125 -328.46 163105 72.2721 72.2721 36.0576 120
77000 150.771 -312124 -66.4785 163112 72.2731 72.2731 36.0581 120
77100 150.217 -312126 779.234 163138 72.2769 72.2769 36.06 120
77200 150.7 -312128 -955.026 163196 72.2855 72.2855 36.0643 120
77300 148.891 -312125 -588.907 163221 72.2891 72.2891 36.0661 120
77400 149.861 -312125 -848.31 163183 72.2835 72.2835 36.0632 120
77500 150.212 -312125 515.555 163117 72.2739 72.2739 36.0584 120
77600 150.718 -312123 443.788 163104 72.2719 72.2719 36.0575 120
77700 152.664 -312125 32.7243 163114 72.2734 72.2734 36.0582 120
77800 150.984 -312124 -696.291 163138 72.2769 72.2769 36.06 120
77900 148.41 -312123 -374.943 163179 72.283 72.283 36.063 120
78000 149.07 -312125 -440.814 163199 72.2859 72.2859 36.0645 120
78100 150.538 -312126 -463.397 163176 72.2826 72.2826 36.0628 120
78200 151.615 -312125 298.212 163125 72.2749 72.2749 36.059 120
78300 151.61 -312123 -39.4757 163094 72.2704 72.2704 36.0567 120
78400 149.75 -312125 581.081 163097 72.2708 72.2708 36.0569 120
78500 149.793 -312127 62.8488 163156 72.2795 72.2795 36.0613 120
78600 149.487 -312125 -621.772 163205 72.2869 72.2869 36.0649 120
78700 151.459 -312126 -48.7796 163181 72.2832 72.2832 36.0631 120
78800 151.302 -312124 333.278 163136 72.2767 72.2767 36.0598 120
78900 150.631 -312126 -293.218 163134 72.2763 72.2763 36.0596 120
79000 149.647 -312129 12.451 163134 72.2763 72.2763 36.0597 120
79100 148.728 -312127 88.3507 163141 72.2774 72.2774 36.0602 120
79200 150.853 -312128 -11.0677 163146 72.278 72.278 36.0605 120
79300 150.111 -312124 324.696 163145 72.2779 72.2779 36.0605 120
79400 150.665 -312126 -188.977 163159 72.28 72.28 36.0615 120
79500 150.098 -312126 41.5868 163162 72.2805 72.2805 36.0618 120
79600 151.018 -312127 -596.136 163173 72.2821 72.2821 36.0626 120
79700 149.116 -312125 125.186 163147 72.2782 72.2782 36.0606 120
79800 149.734 -312126 24.6646 163119 72.2741 72.2741 36.0586 120
79900 150.17 -312128 1193.49 163118 72.2739 72.2739 36.0585 120
80000 149.063 -312127 -567.511 163164 72.2808 72.2808 36.0619 120
80100 149.118 -312125 -728.527 163205 72.2868 72.2868 36.0649 120
80200 150.106 -312123 -729.213 163200 72.2861 72.2861 36.0645 120
80300 152.968 -312128 739.457 163134 72.2764 72.2764 36.0597 120
80400 148.906 -312124 652.238 163111 72.273 72.273 36.058 120
80500 148.457 -312127 219.567 163150 72.2786 72.2786 36.0608 120
80600 150.236 -312129 -772.523 163188 72.2843 72.2843 36.0637 120
80700 150.76 -312127 -23.5714 163191 72.2847 72.2847 36.0639 120
80800 150.021 -312124 -248.852 163167 72.2812 72.2812 36.0621 120
80900 150.962 -312128 466.665 163118 72.274 72.274 36.0585 120
81000 149.314 -312131 191.045 163095 72.2706 72.2706 36.0568 120
81100 149.05 -312129 253.946 163124 72.2749 72.2749 36.059 120
81200 150.93 -312129 -538.405 163184 72.2837 72.2837 36.0634 120
81300 150.939 -312127 -1093.48 163223 72.2895 72.2895 36.0662 120
81400 150.913 -312127 -71.3839 163189 72.2844 72.2844 36.0637 120
81500 150.435 -312128 759.704 163121 72.2744 72.2744 36.0587 120
81600 148.965 -312130 361.761 163103 72.2717 72.2717 36.0574 120
81700 148.377 -312133 435.876 163130 72.2758 72.2758 36.0594 120
81800 150.284 -312133 130.24 163196 72.2855 72.2855 36.0643 120
81900 149.65 -312128 -857.552 163248 72.2932 72.2932 36.0681 120
82000 149.61 -312125 -44.453 163222 72.2893 72.2893 36.0662 120
82100 151.441 -312127 -16.331 163173 72.282 72.282 36.0625 120
82200 150.238 -312128 422.767 163134 72.2763 72.2763 36.0596 120
82300 148.194 -312129 320.59 163116 72.2736 72.2736 36.0583 120
82400 150.073 -312133 164.076 163135 72.2765 72.2765 36.0598 120
82500 147.742 -312125 -317.103 163168 72.2814 72.2814 36.0622 120
82600 150.627 -312128 -587.773 163214 72.2881 72.2881 36.0655 120
82700 149.03 -312124 -712.201 163214 72.2882 72.2882 36.0656 120
82800 150.246 -312128 30.5739 163151 72.2789 72.2789 36.061 120
82900 148.551 -312128 1143.38 163114 72.2734 72.2734 36.0582 120
83000 147.824 -312129 106.651 163145 72.278 72.278 36.0605 120
83100 148.748 -312129 -103.056 163184 72.2838 72.2838 36.0634 120
83200 150.692 -312130 -675.469 163188 72.2843 72.2843 36.0636 120
83300 149.054 -312125 337.356 163167 72.2811 72.2811 36.0621 120
83400 149.325 -312126 -345.953 163153 72.2792 72.2792 36.0611 120
83500 149.551 -312128 586.074 163140 72.2773 72.2773 36.0601 120
83600 149.915 -312133 -61.9478 163171 72.2818 72.2818 36.0624 120
83700 149.629 -312133 -465.029 163181 72.2832 72.2832 36.0631 120
83800 150.715 -312130 44.9515 163179 72.2829 72.2829 36.063 120
83900 151.14 -312129 -323.359 163188 72.2842 72.2842 36.0636 120
84000 149.756 -312127 -12.7088 163174 72.2822 72.2822 36.0626 120
84100 150.214 -312130 680.755 163144 72.2778 72.2778 36.0604 120
84200 150.097 -312133 393.57 163151 72.2788 72.2788 36.0609 120
84300 147.792 -312130 292.249 163172 72.2819 72.2819 36.0625 120
84400 149.701 -312129 604.34 163185 72.2839 72.2839 36.0634 120
84500 150.929 -312128 141.611 163213 72.2879 72.2879 36.0655 120
84600 150.117 -312128 -319.585 163243 72.2924 72.2924 36.0677 120
84700 150.449 -312132 -894.134 163252 72.2938 72.2938 36.0684 120
84800 149.214 -312131 221.728 163193 72.285 72.285 36.064 120
84900 148.929 -312130 628.93 163136 72.2767 72.2767 36.0598 120
85000 150.477 -312132 312.508 163155 72.2794 72.2794 36.0612 120
85100 149.86 -312130 -922.648 163221 72.2892 72.2892 36.0661 120
85200 149.563 -312129 -150.161 163261 72.295 72.295 36.069 120
85300 150.309 -312131 100.414 163244 72.2926 72.2926 36.0678 120
85400 150.117 -312131 52.9556 163179 72.2829 72.2829 36.063 120
85500 149.631 -312132 514.909 163117 72.2738 72.2738 36.0584 120
85600 149.208 -312131 616.299 163124 72.2749 72.2749 36.059 120
85700 149.703 -312130 501.52 163168 72.2814 72.2814 36.0622 120
85800 151.944 -312130 -749.117 163239 72.2919 72.2919 36.0674 120
85900 150.813 -312129 7.18155 163243 72.2924 72.2924 36.0677 120
86000 150.173 -312134 -125.491 163221 72.2892 72.2892 36.0661 120
86100 148.777 -312132 -161.742 163193 72.285 72.285 36.064 120
86200 150.068 -312132 573.735 163148 72.2785 72.2785 36.0607 120
86300 151.491 -312132 499.996 163136 72.2767 72.2767 36.0598 120
86400 150.481 -312129 -157.1 163188 72.2843 72.2843 36.0636 120
86500 150.566 -312131 -600.169 163233 72.2909 72.2909 36.067 120
86600 148.705 -312133 -8.94858 163233 72.291 72.291 36.067 120
86700 149.341 -312134 -67.5741 163216 72.2884 72.2884 36.0657 120
86800 151.283 -312133 273.716 163188 72.2842 72.2842 36.0636 120
86900 149.569 -312129 132.095 163156 72.2796 72.2796 36.0613 120
87000 150.114 -312130 476.427 163174 72.2823 72.2823 36.0626 120
87100 148.655 -312129 -832.343 163228 72.2902 72.2902 36.0666 120
87200 149.812 -312136 -498.883 163252 72.2938 72.2938 36.0684 120
87300 148.335 -312133 -169.213 163216 72.2885 72.2885 36.0657 120
87400 149.799 -312132 814.37 163152 72.279 72.279 36.061 120
87500 149.762 -312130 1037.39 163151 72.2788 72.2789 36.0609 120
87600 148.883 -312128 -276.125 163197 72.2856 72.2856 36.0643 120
87700 150.883 -312132 -814.925 163224 72.2897 72.2897 36.0663 120
87800 149.343 -312131 -697.47 163221 72.2891 72.2891 36.0661 120
87900 150.204 -312133 -113.817 163193 72.2851 72.2851 36.064 120
88000 149.877 -312133 675.709 163166 72.2811 72.2811 36.062 120
88100 151 -312131 -618.304 163185 72.2838 72.2838 36.0634 120
88200 150.347 -312128 -259.794 163211 72.2876 72.2876 36.0653 120
88300 150.011 -312128 264.166 163216 72.2884 72.2884 36.0657 120
88400 149.304 -312132 63.4284 163203 72.2865 72.2865 36.0647 120
88500 148.754 -312132 -229.781 163197 72.2857 72.2857 36.0643 120
88600 150.013 -312133 240.164 163195 72.2854 72.2854 36.0642 120
88700 150.816 -312132 -297.692 163196 72.2855 72.2855 36.0643 120
88800 150.286 -312129 232.734 163187 72.2841 72.2841 36.0636 120
88900 150.088 -312131 -362.804 163199 72.2859 72.2859 36.0644 120
89000 149.219 -312134 300.1 163197 72.2856 72.2856 36.0643 120
89100 149.434 -312134 183.924 163182 72.2834 72.2834 36.0632 120
89200 150.326 -312133 -217.032 163180 72.2832 72.2832 36.0631 120
89300 150.899 -312132 -370.288 163182 72.2835 72.2835 36.0632 120
89400 151.854 -312134 -4.67362 163196 72.2855 72.2855 36.0643 120
89500 150.826 -312133 -575.967 163223 72.2894 72.2894 36.0662 120
89600 149.111 -312135 -874.195 163226 72.29 72.29 36.0665 120
89700 148.569 -312135 12.0966 163187 72.2842 72.2842 36.0636 120
89800 147.877 -312130 853.366 163155 72.2795 72.2795 36.0612 120
89900 149.984 -312132 607.902 163161 72.2803 72.2803 36.0616 120
90000 150.883 -312132 192.728 163183 72.2835 72.2835 36.0633 120
90100 151.803 -312133 -1032.3 163221 72.2892 72.2892 36.0661 120
90200 151.936 -312132 311.256 163213 72.2881 72.2881 36.0655 120
90300 150.58 -312133 401.934 163185 72.2839 72.2839 36.0635 120
90400 150.529 -312136 -477.172 163178 72.2828 72.2828 36.0629 120
90500 149.634 -312134 -189.036 163177 72.2826 72.2826 36.0628 120
90600 150.211 -312131 144.489 163179 72.2829 72.2829 36.0629 120
90700 150.945 -312130 77.5177 163192 72.2849 72.2849 36.064 120
90800 151.434 -312132 192.684 163205 72.2868 72.2868 36.0649 120
90900 150.866 -312133 -772.851 163215 72.2882 72.2882 36.0656 120
91000 149.169 -312131 523.901 163209 72.2874 72.2874 36.0652 120
91100 149.267 -312132 -25.8992 163216 72.2884 72.2884 36.0657 120
91200 149.993 -312134 -275.179 163202 72.2863 72.2863 36.0646 120
91300 149.756 -312129 68.9275 163178 72.2829 72.2829 36.0629 120
91400 151.333 -312130 757.377 163177 72.2827 72.2827 36.0629 120
91500 151.136 -312133 -300.198 163211 72.2877 72.2877 36.0653 120
91600 149.32 -312133 -132.048 163230 72.2905 72.2905 36.0668 120
91700 149.471 -312133 -125.408 163226 72.29 72.29 36.0665 120
91800 150.7 -312133 929.213 163190 72.2845 72.2845 36.0638 120
91900 151.86 -312134 -112.513 163184 72.2837 72.2837 36.0633 120
92000 151.401 -312128 244.153 163198 72.2857 72.2857 36.0644 120
92100 152.114 -312129 23.7749 163226 72.2899 72.2899 36.0665 120
92200 150.419 -312130 -1009.47 163250 72.2935 72.2935 36.0682 120
92300 149.93 -312132 -412.875 163202 72.2864 72.2864 36.0647 120
92400 148.811 -312131 882.057 163125 72.2749 72.2749 36.059 120
92500 148.901 -312132 1254.4 163130 72.2757 72.2757 36.0594 120
92600 148.711 -312133 -399.208 163219 72.2889 72.2889 36.066 120
92700 150.478 -312132 -224.864 163271 72.2966 72.2966 36.0698 120
92800 150.556 -312129 95.9555 163271 72.2965 72.2965 36.0698 120
92900 151.701 -312133 -80.4699 163234 72.2912 72.2912 36.0671 120
93000 149.744 -312133 30.1515 163171 72.2818 72.2818 36.0624 120
93100 149.817 -312135 423.258 163123 72.2747 72.2747 36.0588 120
93200 149.852 -312134 648.078 163137 72.2768 72.2768 36.0599 120
93300 150.038 -312133 112.756 163207 72.2871 72.2871 36.0651 120
93400 150.854 -312131 -385.906 163273 72.2968 72.2968 36.0699 120
93500 150.647 -312130 -672.65 163283 72.2983 72.2983 36.0707 120
93600 151.741 -312133 80.336 163223 72.2894 72.2894 36.0662 120
93700 149.552 -312133 165.282 163167 72.2812 72.2812 36.0621 120
93800 149.485 -312135 669.28 163138 72.277 72.277 36.06 120
93900 149.128 -312133 290.44 163144 72.2778 72.2778 36.0604 120
94000 150.414 -312131 -112.354 163191 72.2847 72.2847 36.0638 120
94100 151.044 -312131 -834.169 163232 72.2908 72.2908 36.0669 120
94200 150.54 -312130 -126.685 163230 72.2905 72.2905 36.0667 120
94300 150.555 -312133 -288.934 163219 72.2888 72.2888 36.0659 120
94400 149.768 -312133 443.515 163186 72.284 72.284 36.0635 120
94500 150.47 -312135 104.276 163170 72.2816 72.2816 36.0623 120
94600 149.047 -312131 -60.9627 163165 72.2808 72.2808 36.0619 120
94700 150.928 -312132 181.998 163180 72.2831 72.2831 36.0631 120
94800 151.827 -312132 -77.8857 163231 72.2906 72.2906 36.0668 120
94900 149.423 -312131 -1418.73 163273 72.2968 72.2968 36.0699 120
95000 149.481 -312134 -400.504 163236 72.2914 72.2914 36.0672 120
95100 148.898 -312134 35.1521 163176 72.2825 72.2825 36.0628 120
95200 149.988 -312134 281.01 163159 72.28 72.28 36.0615 120
95300 150.63 -312131 -13.8622 163177 72.2826 72.2826 36.0628 120
95400 151.239 -312130 377.38 163196 72.2855 72.2855 36.0642 120
95500 151.161 -312132 170.689 163232 72.2907 72.2907 36.0669 120
95600 148.997 -312131 -913.533 163275 72.2972 72.2972 36.0701 120
95700 150.358 -312136 -5.72142 163253 72.2939 72.2939 36.0684 120
95800 147.597 -312132 -52.9692 163196 72.2855 72.2855 36.0642 120
95900 148.52 -312131 841.859 163145 72.2779 72.2779 36.0605 120
96000 151.162 -312132 253.341 163169 72.2815 72.2815 36.0622 120
96100 151.688 -312133 -1178.6 163239 72.2918 72.2918 36.0674 120
96200 149.492 -312133 -267.831 163251 72.2937 72.2937 36.0683 120
96300 148.127 -312131 -240.222 163227 72.29 72.29 36.0665 120
96400 149.196 -312133 415.537 163195 72.2854 72.2854 36.0642 120
96500 150.309 -312135 519.677 163185 72.2839 72.2839 36.0634 120
96600 151.028 -312133 206.057 163184 72.2837 72.2837 36.0633 120
96700 152.228 -312133 107.633 163203 72.2865 72.2865 36.0647 120
96800 150.875 -312135 -1273.89 163236 72.2913 72.2913 36.0672 120
96900 150.399 -312136 125.881 163229 72.2903 72.2903 36.0666 120
97000 150.858 -312138 131.998 163210 72.2875 72.2875 36.0653 120
97100 149.414 -312135 -143.11 163214 72.2882 72.2882 36.0656 120
97200 150.785 -312135 124.292 163230 72.2905 72.2905 36.0667 120
97300 151.606 -312133 -288.333 163248 72.2931 72.2931 36.068 120
97400 151.881 -312135 -92.1714 163249 72.2933 72.2933 36.0682 120
97500 149.74 -312136 -518.072 163228 72.2902 72.2902 36.0666 120
97600 149.569 -312136 -95.1097 163207 72.2872 72.2872 36.0651 120
97700 150.763 -312137 400.921 163191 72.2847 72.2847 36.0639 120
97800 150.256 -312132 365.472 163199 72.2859 72.2859 36.0644 120
97900 150.262 -312132 462.077 163218 72.2887 72.2887 36.0658 120
98000 149.737 -312132 -367.552 163259 72.2948 72.2948 36.0689 120
98100 149.111 -312136 -731.117 163270 72.2965 72.2965 36.0697 120
98200 148.282 -312135 156.138 163254 72.2941 72.2941 36.0685 120
98300 149.333 -312135 -567.498 163227 72.29 72.29 36.0665 120
98400 150.299 -312133 355.696 163178 72.2829 72.2829 36.0629 120
98500 150.291 -312133 1114.74 163168 72.2814 72.2814 36.0622 120
98600 151.559 -312137 -205.208 163232 72.2908 72.2908 36.0669 120
98700 149.143 -312133 -122.924 163286 72.2987 72.2987 36.0708 120
98800 150.371 -312137 -304.173 163305 72.3015 72.3015 36.0722 120
98900 149.03 -312136 -597.383 163253 72.2939 72.2939 36.0684 120
99000 149.734 -312140 946.458 163177 72.2827 72.2827 36.0628 120
99100 150.424 -312141 479.356 163157 72.2797 72.2797 36.0614 120
99200 149.767 -312135 -322.65 163196 72.2855 72.2855 36.0642 120
99300 151.08 -312135 -165.414 163261 72.2951 72.2951 36.069 120
99400 150.279 -312135 57.7976 163275 72.2972 72.2972 36.0701 120
99500 150.122 -312137 -824.022 163275 72.2972 72.2972 36.0701 120
99600 148.254 -312138 -24.0234 163243 72.2924 72.2924 36.0677 120
99700 148.742 -312137 372.012 163195 72.2854 72.2854 36.0642 120
99800 150.136 -312134 256.814 163170 72.2817 72.2817 36.0623 120
99900 150.828 -312134 875.715 163182 72.2834 72.2834 36.0632 120
100000 148.46 -312133 -825.282 163242 72.2923 72.2923 36.0676 120
