# Time-averaged data for fix 2
# TimeStep c_thermo_temp c_thermo_pe c_thermo_press v_myVol v_myCella v_myCellb v_myCellc v_myCellgamma
0 121.504 -312106 182.011 162699 72.2121 72.2121 36.0276 120
100 118.16 -312117 -591.994 162694 72.2113 72.2113 36.0272 120
200 121.555 -312118 573.415 162704 72.2127 72.2127 36.0279 120
300 126.602 -312108 922.201 162760 72.221 72.221 36.0321 120
400 130.416 -312103 -40.4053 162849 72.2343 72.2343 36.0387 120
500 129.769 -312112 -110.297 162882 72.2391 72.2391 36.0411 120
600 123.817 -312123 303.987 162889 72.2401 72.2401 36.0416 120
700 120.862 -312132 -640.132 162888 72.24 72.24 36.0415 120
800 120.59 -312134 -315.264 162871 72.2374 72.2374 36.0403 120
900 124.128 -312129 -107.52 162874 72.2378 72.2378 36.0405 120
1000 128.798 -312123 579.268 162892 72.2406 72.2406 36.0419 120
1100 127.594 -312117 65.7738 162933 72.2467 72.2467 36.0449 120
1200 125.934 -312126 -326.164 162955 72.2499 72.2499 36.0465 120
1300 123.755 -312137 181.265 162966 72.2515 72.2515 36.0473 120
1400 121.073 -312137 -126.528 162965 72.2513 72.2513 36.0472 120
1500 123.556 -312135 -19.4086 162945 72.2484 72.2484 36.0457 120
1600 126.869 -312128 73.0016 162963 72.251 72.251 36.047 120
1700 128.723 -312126 67.175 163022 72.2598 72.2598 36.0514 120
1800 127.411 -312131 255.989 163064 72.266 72.266 36.0545 120
1900 123.811 -312137 -89.8986 163069 72.2668 72.2668 36.0549 120
2000 122.572 -312142 267.482 163034 72.2615 72.2615 36.0523 120
2100 122.778 -312139 568.56 163007 72.2576 72.2576 36.0503 120
2200 125.196 -312134 143.579 163017 72.2591 72.2591 36.0511 120
2300 127.31 -312130 -314.039 163020 72.2595 72.2595 36.0513 120
2400 125.859 -312129 -82.7873 163021 72.2597 72.2597 36.0514 120
2500 125.759 -312138 841.648 163015 72.2587 72.2587 36.0509 120
2600 122.986 -312141 68.1487 163041 72.2626 72.2626 36.0528 120
2700 122.236 -312140 -176.205 163055 72.2647 72.2647 36.0539 120
2800 124.661 -312137 735.29 163019 72.2594 72.2594 36.0512 120
2900 127.891 -312134 834.117 163038 72.2622 72.2622 36.0526 120
3000 127.481 -312131 -496.363 163076 72.2677 72.2677 36.0554 120
3100 125.348 -312134 879.433 163072 72.2671 72.2671 36.0551 120
3200 123.248 -312139 -75.7949 163074 72.2675 72.2675 36.0553 120
3300 122.619 -312142 -883.985 163076 72.2677 72.2677 36.0554 120
3400 123.701 -312139 -35.0792 163056 72.2647 72.2647 36.0539 120
3500 125.493 -312135 221.28 163049 72.2637 72.2637 36.0534 120
3600 126.086 -312134 344.716 163079 72.2681 72.2681 36.0556 120
3700 126.214 -312137 -748.012 163111 72.2729 72.2729 36.058 120
3800 124.822 -312141 178.086 163093 72.2703 72.2703 36.0567 120
3900 122.718 -312142 -505.573 163076 72.2678 72.2678 36.0554 120
4000 123.248 -312141 522.308 163047 72.2635 72.2635 36.0533 120
4100 125.66 -312139 488.912 163078 72.268 72.268 36.0555 120
4200 128.308 -312140 -606.644 163123 72.2747 72.2747 36.0589 120
4300 126.219 -312138 -8.06349 163115 72.2735 72.2735 36.0583 120
4400 124.863 -312141 -199.422 163099 72.2712 72.2712 36.0571 120
4500 123.731 -312146 -512.961 163076 72.2678 72.2678 36.0554 120
4600 123.686 -312146 860.595 163048 72.2636 72.2636 36.0533 120
4700 125.151 -312143 92.4057 163090 72.2698 72.2698 36.0564 120
4800 126.375 -312141 -248.23 163127 72.2753 72.2753 36.0591 120
4900 125.549 -312138 -75.5109 163133 72.2761 72.2761 36.0596 120
5000 125.844 -312143 -233.114 163103 72.2718 72.2718 36.0574 120
5100 125.115 -312146 512.019 163076 72.2677 72.2677 36.0554 120
5200 123.528 -312147 585.386 163069 72.2667 72.2667 36.0549 120
5300 124.445 -312145 72.7926 163079 72.2682 72.2682 36.0556 120
5400 125.938 -312143 573.38 163107 72.2724 72.2724 36.0577 120
5500 127.439 -312143 -401.996 163135 72.2764 72.2764 36.0597 120
5600 126.155 -312142 -728.107 163144 72.2778 72.2778 36.0604 120
5700 125.156 -312145 109.338 163118 72.274 72.274 36.0585 120
5800 124.271 -312146 264.534 163091 72.27 72.27 36.0565 120
5900 124.072 -312145 101.62 163094 72.2704 72.2704 36.0567 120
6000 124.893 -312143 295.152 163114 72.2734 72.2734 36.0582 120
6100 126.8 -312142 251.234 163122 72.2746 72.2746 36.0588 120
6200 125.701 -312141 -136.035 163122 72.2746 72.2746 36.0588 120
6300 124.767 -312142 -396.105 163136 72.2766 72.2766 36.0598 120
6400 124.688 -312146 324.693 163131 72.2759 72.2759 36.0595 120
6500 124.836 -312148 -544.363 163127 72.2753 72.2753 36.0592 120
6600 124.41 -312145 389.175 163106 72.2721 72.2721 36.0576 120
6700 125.313 -312142 325.873 163097 72.2708 72.2708 36.0569 120
6800 125.898 -312142 479.421 163097 72.2709 72.2709 36.0569 120
6900 124.588 -312140 -8.9436 163128 72.2755 72.2755 36.0593 120
7000 124.894 -312145 -728.61 163167 72.2813 72.2813 36.0621 120
7100 125.364 -312148 -78.4175 163161 72.2803 72.2803 36.0616 120
7200 125.09 -312147 -329.992 163143 72.2777 72.2777 36.0603 120
7300 123.84 -312142 296.121 163105 72.2721 72.2721 36.0575 120
7400 124.429 -312140 -369.228 163114 72.2734 72.2734 36.0582 120
7500 125.834 -312142 53.5221 163132 72.2761 72.2761 36.0595 120
7600 125.08 -312143 -416.512 163150 72.2786 72.2786 36.0608 120
7700 125.265 -312147 183.587 163138 72.2769 72.2769 36.06 120
7800 123.524 -312146 -31.6003 163133 72.2762 72.2762 36.0596 120
7900 124.209 -312145 -373.379 163126 72.2751 72.2751 36.0591 120
8000 125.699 -312145 636.107 163103 72.2717 72.2717 36.0574 120
8100 125.971 -312142 637.323 163107 72.2723 72.2723 36.0577 120
8200 124.879 -312140 391.465 163126 72.2751 72.2751 36.0591 120
8300 123.866 -312143 -629.869 163158 72.2799 72.2799 36.0614 120
8400 124.716 -312149 -341.96 163156 72.2796 72.2796 36.0613 120
8500 123.206 -312147 608.477 163113 72.2732 72.2732 36.0581 120
8600 124.318 -312145 487.857 163094 72.2704 72.2704 36.0567 120
8700 125.111 -312143 176.66 163115 72.2736 72.2736 36.0583 120
8800 125.849 -312142 -138.54 163147 72.2783 72.2783 36.0607 120
8900 125.218 -312144 222.321 163155 72.2794 72.2794 36.0612 120
9000 124.901 -312147 -400.125 163152 72.2789 72.2789 36.061 120
9100 123.509 -312147 801.802 163137 72.2767 72.2767 36.0599 120
9200 122.889 -312144 -155.726 163155 72.2794 72.2794 36.0612 120
9300 124.728 -312144 -687.459 163139 72.277 72.277 36.06 120
9400 126.679 -312145 916.888 163080 72.2683 72.2683 36.0557 120
9500 125.363 -312143 124.62 163101 72.2715 72.2715 36.0573 120
9600 123.209 -312143 -350.446 163140 72.2772 72.2772 36.0601 120
9700 123.728 -312147 -386.407 163148 72.2784 72.2784 36.0607 120
9800 123.651 -312147 -118.205 163136 72.2767 72.2767 36.0598 120
9900 124.474 -312145 615.003 163124 72.2749 72.2749 36.059 120
10000 125.654 -312143 -493.207 163140 72.2772 72.2772 36.0601 120
10100 125.571 -312142 -88.0702 163130 72.2758 72.2758 36.0594 120
10200 125.159 -312145 -71.754 163117 72.2738 72.2738 36.0584 120
10300 124.236 -312147 244.976 163120 72.2742 72.2742 36.0586 120
10400 124.237 -312149 0.386284 163134 72.2763 72.2763 36.0597 120
10500 124.286 -312146 131.399 163153 72.2791 72.2791 36.061 120
10600 126.344 -312146 -556.845 163181 72.2832 72.2832 36.0631 120
10700 127.669 -312146 -191.568 163176 72.2825 72.2825 36.0627 120
10800 126.194 -312145 -434.71 163149 72.2785 72.2785 36.0608 120
10900 123.953 -312145 -6.48476 163089 72.2696 72.2696 36.0563 120
11000 124.009 -312150 439.634 163063 72.2659 72.2659 36.0544 120
11100 122.99 -312147 189.063 163097 72.2708 72.2708 36.0569 120
11200 126.159 -312147 217.529 163144 72.2777 72.2777 36.0604 120
11300 125.612 -312142 189.507 163184 72.2837 72.2837 36.0633 120
11400 124.768 -312141 -639.009 163198 72.2858 72.2858 36.0644 120
11500 125.348 -312146 0.482415 163147 72.2782 72.2782 36.0606 120
11600 124.844 -312150 609.599 163105 72.2721 72.2721 36.0576 120
11700 124.23 -312151 291.809 163090 72.2698 72.2698 36.0564 120
11800 124.246 -312146 342.618 163085 72.2691 72.2691 36.0561 120
11900 126.086 -312145 429.116 163134 72.2763 72.2763 36.0596 120
12000 126.774 -312144 -506.144 163213 72.288 72.288 36.0655 120
12100 125.296 -312144 -652.457 163220 72.289 72.289 36.066 120
12200 124.063 -312147 -183.75 163155 72.2794 72.2794 36.0612 120
12300 123.786 -312150 502.986 163068 72.2666 72.2666 36.0548 120
12400 124.867 -312151 758.324 163030 72.261 72.261 36.052 120
12500 125.24 -312145 -137.649 163088 72.2696 72.2696 36.0563 120
12600 125.637 -312142 -194.363 163158 72.2798 72.2798 36.0614 120
12700 125.364 -312143 -513.657 163201 72.2862 72.2862 36.0646 120
12800 124.77 -312146 -472.187 163186 72.2839 72.2839 36.0635 120
12900 123.287 -312149 -361.443 163133 72.2761 72.2761 36.0596 120
13000 123.923 -312150 875.254 163077 72.2679 72.2679 36.0555 120
13100 124.123 -312145 510.636 163074 72.2675 72.2675 36.0553 120
13200 126.739 -312146 29.4473 163150 72.2786 72.2786 36.0608 120
13300 125.141 -312141 -858.387 163217 72.2885 72.2885 36.0658 120
13400 125.674 -312146 -494.329 163192 72.2849 72.2849 36.0639 120
13500 124.324 -312149 317.55 163125 72.275 72.275 36.059 120
13600 124.649 -312152 275.187 163103 72.2718 72.2718 36.0574 120
13700 123.671 -312148 -498.069 163125 72.275 72.275 36.059 120
13800 125.224 -312145 66.0283 163134 72.2764 72.2764 36.0597 120
13900 126.912 -312144 130.169 163130 72.2757 72.2757 36.0594 120
14000 126.033 -312145 -362.286 163129 72.2756 72.2756 36.0593 120
14100 123.999 -312147 698.805 163119 72.2742 72.2742 36.0586 120
14200 123.957 -312151 -231.241 163149 72.2785 72.2785 36.0607 120
14300 123.979 -312149 -655.059 163165 72.2809 72.2809 36.0619 120
14400 125.264 -312146 12.6222 163133 72.2761 72.2761 36.0596 120
14500 124.711 -312141 228.182 163120 72.2743 72.2743 36.0587 120
14600 126.197 -312144 247.827 163124 72.2749 72.2749 36.0589 120
14700 124.579 -312147 29.7678 163141 72.2773 72.2773 36.0602 120
14800 123.894 -312150 7.78152 163150 72.2787 72.2787 36.0609 120
14900 124.916 -312151 -48.4665 163162 72.2804 72.2804 36.0617 120
15000 124.78 -312147 -538.546 163169 72.2815 72.2815 36.0622 120
15100 124.937 -312142 40.5857 163138 72.277 72.277 36.06 120
15200 126.833 -312145 688.674 163111 72.2729 72.2729 36.058 120
15300 125.514 -312147 355.973 163113 72.2733 72.2733 36.0582 120
15400 123.251 -312148 -945.461 163111 72.273 72.273 36.058 120
15500 123.721 -312150 462.561 163108 72.2725 72.2725 36.0577 120
15600 123.9 -312146 11.3762 163162 72.2805 72.2805 36.0618 120
15700 125.372 -312143 -982.174 163192 72.2849 72.2849 36.0639 120
15800 127.332 -312145 -123.329 163134 72.2763 72.2763 36.0597 120
15900 125.295 -312145 713.537 163096 72.2708 72.2708 36.0569 120
16000 125.077 -312151 -1.25536 163115 72.2735 72.2735 36.0583 120
16100 122.932 -312149 -604.141 163138 72.2769 72.2769 36.06 120
16200 123.661 -312148 192.234 163144 72.2778 72.2778 36.0604 120
16300 124.514 -312143 6.22282 163153 72.2791 72.2791 36.0611 120
16400 126.533 -312143 -522.945 163185 72.2839 72.2839 36.0634 120
16500 125.84 -312144 -364.606 163189 72.2844 72.2844 36.0637 120
16600 124.152 -312147 294.459 163138 72.2769 72.2769 36.06 120
16700 124.585 -312152 4.58606 163111 72.2729 72.2729 36.058 120
16800 123.173 -312149 499.633 163115 72.2735 72.2735 36.0583 120
16900 124.812 -312147 -270.278 163142 72.2775 72.2775 36.0603 120
17000 125.57 -312143 -38.8535 163145 72.2779 72.2779 36.0605 120
17100 126.813 -312144 298.783 163143 72.2776 72.2776 36.0603 120
17200 124.49 -312145 182.392 163145 72.2779 72.2779 36.0605 120
17300 123.799 -312149 32.6319 163148 72.2784 72.2784 36.0607 120
17400 123.904 -312151 -842.152 163147 72.2782 72.2782 36.0606 120
17500 125.358 -312150 534.19 163111 72.273 72.273 36.058 120
17600 126.082 -312145 263.427 163114 72.2734 72.2734 36.0582 120
17700 126.186 -312143 286.074 163155 72.2795 72.2795 36.0612 120
17800 125.638 -312146 -288.77 163208 72.2872 72.2872 36.0651 120
17900 124.735 -312150 -1259.67 163211 72.2877 72.2877 36.0653 120
18000 124.722 -312153 -206.765 163152 72.2791 72.2791 36.061 120
18100 123.891 -312149 685.877 163092 72.2701 72.2701 36.0566 120
18200 125.807 -312146 548.912 163106 72.2722 72.2722 36.0576 120
18300 126.827 -312145 -253.858 163158 72.2798 72.2798 36.0614 120
18400 125.629 -312145 -853.551 163199 72.2859 72.2859 36.0644 120
18500 125.373 -312150 -332.064 163191 72.2848 72.2848 36.0639 120
18600 123.407 -312150 -248.992 163151 72.2788 72.2788 36.0609 120
18700 123.956 -312149 504.766 163111 72.2729 72.2729 36.058 120
18800 125.02 -312146 -366.885 163135 72.2765 72.2765 36.0597 120
18900 126.514 -312145 635.31 163138 72.2769 72.2769 36.0599 120
19000 126.293 -312145 225.128 163153 72.2791 72.2791 36.061 120
19100 124.407 -312146 53.5692 163191 72.2848 72.2848 36.0639 120
19200 122.871 -312148 -930.817 163201 72.2862 72.2862 36.0646 120
19300 123.25 -312149 254.632 163149 72.2785 72.2785 36.0608 120
19400 125.384 -312149 158.35 163133 72.2762 72.2762 36.0596 120
19500 125.33 -312143 155.12 163142 72.2776 72.2776 36.0603 120
19600 125.707 -312143 -41.5994 163167 72.2812 72.2812 36.0621 120
19700 123.824 -312143 -166.292 163184 72.2838 72.2838 36.0634 120
19800 123.482 -312148 248.978 163173 72.2821 72.2821 36.0625 120
19900 124.513 -312152 -107.598 163147 72.2782 72.2782 36.0606 120
20000 124.713 -312149 400.91 163120 72.2742 72.2742 36.0586 120
20100 125.572 -312146 87.9348 163115 72.2736 72.2736 36.0583 120
20200 126.159 -312144 208.538 163142 72.2774 72.2774 36.0602 120
20300 125.531 -312145 -220.941 163177 72.2826 72.2826 36.0628 120
20400 124.498 -312148 80.1181 163168 72.2814 72.2814 36.0622 120
20500 123.057 -312149 231.898 163141 72.2773 72.2773 36.0601 120
20600 123.906 -312149 287.347 163143 72.2777 72.2777 36.0604 120
20700 124.214 -312145 -82.7782 163156 72.2796 72.2796 36.0613 120
20800 126.321 -312145 -97.392 163153 72.2791 72.2791 36.0611 120
20900 126.113 -312145 339.511 163141 72.2774 72.2774 36.0602 120
21000 125.702 -312149 -179.706 163164 72.2808 72.2808 36.0619 120
21100 123.456 -312149 -387.623 163192 72.285 72.285 36.064 120
21200 123.934 -312151 -124.966 163167 72.2812 72.2812 36.0621 120
21300 125.143 -312148 320.576 163136 72.2767 72.2767 36.0598 120
21400 126.292 -312145 225.299 163140 72.2773 72.2773 36.0601 120
21500 126.711 -312145 245.501 163158 72.2799 72.2799 36.0615 120
21600 125.063 -312147 -753.925 163152 72.279 72.279 36.061 120
21700 124.882 -312151 383.61 163123 72.2747 72.2747 36.0589 120
21800 123.549 -312150 63.3189 163146 72.2781 72.2781 36.0606 120
21900 124.229 -312148 -19.6797 163169 72.2816 72.2816 36.0623 120
22000 125.646 -312146 -81.595 163177 72.2827 72.2827 36.0628 120
22100 125.652 -312144 423.337 163172 72.282 72.282 36.0625 120
22200 124.376 -312143 -350.903 163167 72.2812 72.2812 36.0621 120
22300 123.874 -312147 -162.111 163149 72.2785 72.2785 36.0608 120
22400 123.682 -312150 -126.171 163120 72.2743 72.2743 36.0586 120
22500 124.341 -312149 124.574 163104 72.2719 72.2719 36.0574 120
22600 125.184 -312146 152.436 163141 72.2774 72.2774 36.0602 120
22700 125.841 -312144 -286.471 163185 72.2839 72.2839 36.0634 120
22800 126.637 -312147 -83.9274 163191 72.2848 72.2848 36.0639 120
22900 123.921 -312146 145.908 163148 72.2783 72.2783 36.0607 120
23000 124.117 -312149 832.037 163116 72.2736 72.2736 36.0583 120
23100 123.882 -312149 27.3807 163127 72.2753 72.2753 36.0592 120
23200 124.854 -312147 -151.432 163166 72.281 72.281 36.062 120
23300 125.769 -312144 -690.655 163195 72.2853 72.2853 36.0642 120
23400 125.736 -312144 -217.64 163184 72.2838 72.2838 36.0634 120
23500 125.527 -312148 -25.2879 163168 72.2813 72.2813 36.0622 120
23600 124.385 -312150 218.673 163139 72.2771 72.2771 36.06 120
23700 125.432 -312152 895.137 163122 72.2745 72.2745 36.0588 120
23800 124.581 -312148 190.61 163150 72.2787 72.2787 36.0608 120
23900 126.292 -312147 -345.172 163180 72.2831 72.2831 36.0631 120
24000 125.7 -312145 150.24 163187 72.2842 72.2842 36.0636 120
24100 125.983 -312147 416.456 163161 72.2803 72.2803 36.0616 120
24200 124.801 -312150 -26.9534 163142 72.2775 72.2775 36.0603 120
24300 124.833 -312151 -52.9701 163150 72.2787 72.2787 36.0608 120
24400 124.526 -312149 207.46 163149 72.2786 72.2786 36.0608 120
24500 126.241 -312148 -449.056 163170 72.2816 72.2816 36.0623 120
24600 126.993 -312147 -26.9842 163170 72.2816 72.2816 36.0623 120
24700 126.058 -312147 754.829 163152 72.279 72.279 36.061 120
24800 124.797 -312148 36.2278 163163 72.2806 72.2806 36.0618 120
24900 123.547 -312149 409.433 163168 72.2814 72.2814 36.0622 120
25000 124.23 -312150 -6.4858 163161 72.2803 72.2803 36.0616 120
25100 125.005 -312148 -423.029 163142 72.2775 72.2775 36.0603 120
25200 124.924 -312144 -96.6811 163134 72.2763 72.2763 36.0596 120
25300 125.889 -312146 667.896 163129 72.2756 72.2756 36.0593 120
25400 125.341 -312147 50.8958 163152 72.2789 72.2789 36.061 120
25500 124.023 -312149 -436.521 163186 72.284 72.284 36.0635 120
25600 123.71 -312149 -438.206 163189 72.2845 72.2845 36.0637 120
25700 124.293 -312148 -721.908 163144 72.2778 72.2778 36.0604 120
25800 125.273 -312146 740.65 163091 72.2699 72.2699 36.0565 120
25900 125.667 -312145 706.405 163101 72.2714 72.2714 36.0572 120
26000 125.943 -312148 -849.71 163166 72.281 72.281 36.062 120
26100 125.467 -312150 34.7606 163199 72.286 72.286 36.0645 120
26200 124.236 -312150 -383.916 163199 72.2859 72.2859 36.0645 120
26300 124.08 -312148 -273.679 163176 72.2826 72.2826 36.0628 120
26400 125.722 -312148 -123.837 163138 72.2769 72.2769 36.0599 120
26500 126.574 -312147 661.718 163104 72.2718 72.2718 36.0574 120
26600 124.881 -312145 179.938 163129 72.2756 72.2756 36.0593 120
26700 125.025 -312149 216.053 163184 72.2837 72.2837 36.0633 120
26800 123.538 -312148 -721.887 163226 72.29 72.29 36.0665 120
26900 124.563 -312150 -474.12 163186 72.284 72.284 36.0635 120
27000 125.716 -312148 527.93 163117 72.2739 72.2739 36.0584 120
27100 125.049 -312145 560.235 163111 72.273 72.273 36.058 120
27200 124.983 -312145 270.634 163154 72.2793 72.2793 36.0612 120
27300 126.088 -312149 -855.229 163184 72.2837 72.2837 36.0634 120
27400 124.049 -312149 -414.594 163171 72.2817 72.2817 36.0624 120
27500 123.092 -312147 -335.194 163141 72.2774 72.2774 36.0602 120
27600 124.25 -312147 201.525 163117 72.2738 72.2738 36.0584 120
27700 125.338 -312146 209.225 163142 72.2775 72.2775 36.0603 120
27800 126.132 -312146 -395.017 163181 72.2832 72.2832 36.0631 120
27900 124.65 -312147 -335.137 163188 72.2844 72.2844 36.0637 120
28000 123.757 -312148 -137.307 163157 72.2797 72.2797 36.0613 120
28100 123.975 -312150 43.6877 163135 72.2765 72.2765 36.0598 120
28200 124.282 -312148 293.665 163141 72.2774 72.2774 36.0602 120
28300 125.891 -312148 -279.838 163151 72.2788 72.2788 36.0609 120
28400 125.962 -312146 477.562 163134 72.2763 72.2763 36.0596 120
28500 126.769 -312150 110.054 163141 72.2774 72.2774 36.0602 120
28600 124.893 -312150 -42.1249 163166 72.2811 72.2811 36.0621 120
28700 124.233 -312150 -244.447 163186 72.284 72.284 36.0635 120
28800 124.197 -312149 315.465 163170 72.2816 72.2816 36.0623 120
28900 125.303 -312147 -515.962 163141 72.2773 72.2773 36.0602 120
29000 125.559 -312146 809.616 163118 72.2739 72.2739 36.0585 120
29100 125.985 -312147 -55.9352 163133 72.2762 72.2762 36.0596 120
29200 124.909 -312148 607.512 163150 72.2787 72.2787 36.0608 120
29300 124.193 -312150 -426.909 163201 72.2862 72.2862 36.0646 120
29400 122.669 -312147 -458.547 163216 72.2884 72.2884 36.0657 120
29500 124.994 -312148 203.043 163175 72.2824 72.2824 36.0627 120
29600 126.246 -312147 -356.875 163133 72.2762 72.2762 36.0596 120
29700 125.363 -312145 796.632 163097 72.2709 72.2709 36.057 120
29800 125.325 -312149 653.249 163129 72.2756 72.2756 36.0593 120
29900 123.918 -312149 -924.561 163211 72.2877 72.2877 36.0654 120
30000 123.591 -312148 -545.087 163219 72.2889 72.2889 36.066 120
30100 125.013 -312149 -608.782 163168 72.2813 72.2813 36.0622 120
30200 125.803 -312147 238.076 163102 72.2716 72.2716 36.0573 120
30300 126.46 -312148 853.661 163092 72.2701 72.2701 36.0566 120
30400 126.118 -312149 -702.921 163154 72.2793 72.2793 36.0611 120
30500 124.763 -312150 -210.564 163203 72.2865 72.2865 36.0647 120
30600 123.531 -312148 -574.622 163227 72.29 72.29 36.0665 120
30700 124.652 -312149 -228.931 163190 72.2846 72.2846 36.0638 120
30800 126.086 -312149 585.314 163114 72.2734 72.2734 36.0582 120
30900 125.78 -312146 902.52 163089 72.2697 72.2697 36.0564 120
31000 126 -312148 -73.2359 163158 72.2799 72.2799 36.0614 120
31100 124.35 -312149 -511.991 163214 72.2881 72.2881 36.0655 120
31200 123.72 -312150 69.3037 163209 72.2874 72.2874 36.0652 120
31300 125.08 -312150 -43.8606 163169 72.2814 72.2814 36.0622 120
31400 124.867 -312147 252.557 163117 72.2738 72.2738 36.0584 120
31500 125.644 -312146 324.994 163098 72.271 72.271 36.057 120
31600 125.797 -312147 95.1425 163130 72.2758 72.2758 36.0594 120
31700 125.476 -312150 -739.644 163206 72.287 72.287 36.065 120
31800 124.318 -312151 -511.54 163212 72.2879 72.2879 36.0654 120
31900 123.619 -312149 353.159 163145 72.278 72.278 36.0605 120
32000 125.367 -312149 -224.171 163125 72.275 72.275 36.059 120
32100 126.633 -312149 -217.056 163126 72.2751 72.2751 36.0591 120
32200 125.598 -312146 138.427 163148 72.2784 72.2784 36.0607 120
32300 125.385 -312149 295.978 163174 72.2822 72.2822 36.0626 120
32400 124.184 -312150 -180.279 163191 72.2848 72.2848 36.0639 120
32500 124.266 -312150 -389.315 163164 72.2808 72.2808 36.0619 120
32600 124.413 -312149 838.78 163109 72.2727 72.2727 36.0579 120
32700 126.075 -312148 123.503 163121 72.2744 72.2744 36.0587 120
32800 126.372 -312148 -174.438 163180 72.2832 72.2832 36.0631 120
32900 126.672 -312150 -636.54 163216 72.2885 72.2885 36.0657 120
33000 125.01 -312150 -11.8536 163174 72.2823 72.2823 36.0626 120
33100 124.38 -312151 21.2714 163119 72.2742 72.2742 36.0586 120
33200 125.069 -312150 669.451 163087 72.2694 72.2694 36.0562 120
33300 125.658 -312149 745.052 163108 72.2725 72.2725 36.0578 120
33400 125.273 -312146 106.658 163174 72.2823 72.2823 36.0626 120
33500 125.508 -312147 -1167.52 163236 72.2914 72.2914 36.0672 120
33600 126.15 -312151 -126.399 163197 72.2856 72.2856 36.0643 120
33700 123.833 -312149 333.667 163155 72.2794 72.2794 36.0612 120
33800 124.275 -312150 -113.108 163133 72.2761 72.2761 36.0596 120
33900 124.57 -312148 430.084 163114 72.2733 72.2733 36.0582 120
34000 125.123 -312146 491.574 163121 72.2745 72.2745 36.0587 120
34100 125.319 -312147 -242.778 163165 72.281 72.281 36.062 120
34200 124.015 -312147 -698.665 163199 72.286 72.286 36.0645 120
34300 124.639 -312150 620.117 163170 72.2817 72.2817 36.0623 120
34400 124.035 -312149 633.369 163126 72.2751 72.2751 36.0591 120
34500 124.697 -312149 852.047 163106 72.2722 72.2722 36.0576 120
34600 126.403 -312150 166.986 163114 72.2734 72.2734 36.0582 120
34700 126.246 -312149 422.254 163140 72.2772 72.2772 36.0601 120
34800 125.359 -312149 -391.588 163185 72.2838 72.2838 36.0634 120
34900 124.387 -312150 -781.551 163188 72.2843 72.2843 36.0636 120
35000 124.321 -312152 171.394 163166 72.281 72.281 36.062 120
35100 125.01 -312151 116.032 163163 72.2807 72.2807 36.0618 120
35200 124.244 -312148 -65.0489 163151 72.2788 72.2788 36.0609 120
35300 127.096 -312151 426.995 163143 72.2777 72.2777 36.0604 120
35400 124.829 -312148 -118.623 163163 72.2806 72.2806 36.0618 120
35500 126.196 -312152 -662.848 163180 72.2832 72.2832 36.0631 120
35600 122.615 -312148 603.972 163150 72.2786 72.2786 36.0608 120
35700 125.481 -312153 27.3639 163148 72.2784 72.2784 36.0607 120
35800 124.394 -312149 74.125 163173 72.2821 72.2821 36.0625 120
35900 125.366 -312148 -57.2815 163180 72.2831 72.2831 36.0631 120
36000 125.841 -312149 -309.994 163194 72.2851 72.2851 36.0641 120
36100 125.558 -312151 -134.681 163182 72.2834 72.2834 36.0632 120
36200 124.306 -312151 43.5449 163150 72.2787 72.2787 36.0608 120
36300 122.619 -312148 88.8391 163133 72.2762 72.2762 36.0596 120
36400 125.355 -312151 808.772 163133 72.2762 72.2762 36.0596 120
36500 126.154 -312150 -518.848 163170 72.2816 72.2816 36.0623 120
36600 125.508 -312147 -425.52 163192 72.2849 72.2849 36.064 120
36700 125.3 -312149 -233.815 163176 72.2825 72.2825 36.0627 120
36800 124.993 -312151 -176.68 163166 72.2811 72.2811 36.062 120
36900 125.725 -312154 -95.3519 163153 72.2791 72.2791 36.0611 120
37000 125.043 -312151 -462.722 163140 72.2772 72.2772 36.0601 120
37100 125.478 -312150 476.685 163138 72.2769 72.2769 36.0599 120
37200 124.433 -312146 -495.607 163170 72.2816 72.2816 36.0623 120
37300 126.159 -312150 -328.978 163188 72.2843 72.2843 36.0637 120
37400 124.586 -312150 -464.708 163180 72.2832 72.2832 36.0631 120
37500 124.678 -312152 208.65 163148 72.2784 72.2784 36.0607 120
37600 124.86 -312152 586.709 163127 72.2753 72.2753 36.0591 120
37700 124.068 -312148 -56.3073 163146 72.2781 72.2781 36.0606 120
37800 124.583 -312146 127.116 163173 72.2821 72.2821 36.0626 120
37900 125.042 -312147 -329.102 163203 72.2865 72.2865 36.0648 120
38000 125.788 -312151 -578.1 163201 72.2862 72.2862 36.0646 120
38100 124.219 -312150 -187.453 163156 72.2796 72.2796 36.0613 120
38200 123.427 -312150 559.761 163138 72.2769 72.2769 36.06 120
38300 124.293 -312149 226.918 163158 72.2799 72.2799 36.0615 120
38400 125.259 -312149 -502.207 163193 72.2851 72.2851 36.064 120
38500 125.563 -312149 -188.112 163186 72.284 72.284 36.0635 120
38600 124.848 -312149 416.369 163167 72.2812 72.2812 36.0621 120
38700 124.568 -312151 214.878 163171 72.2818 72.2818 36.0624 120
38800 125.011 -312153 -279.876 163190 72.2847 72.2847 36.0638 120
38900 123.334 -312149 400.089 163188 72.2843 72.2843 36.0637 120
39000 124.883 -312149 -68.4322 163181 72.2833 72.2833 36.0631 120
39100 125.855 -312150 480.673 163143 72.2776 72.2776 36.0603 120
39200 124.515 -312148 -14.8155 163142 72.2775 72.2775 36.0603 120
39300 125.171 -312152 156.415 163164 72.2807 72.2807 36.0619 120
39400 124.407 -312152 -30.6451 163192 72.2849 72.2849 36.0639 120
39500 125.209 -312153 -542.869 163184 72.2837 72.2837 36.0633 120
39600 124.835 -312150 -110.333 163176 72.2825 72.2825 36.0628 120
39700 125.685 -312149 385.919 163168 72.2813 72.2813 36.0622 120
39800 126.15 -312150 76.8653 163177 72.2827 72.2827 36.0628 120
39900 125.889 -312152 -543.62 163174 72.2822 72.2822 36.0626 120
40000 124.318 -312152 713.804 163145 72.2779 72.2779 36.0605 120
40100 124.408 -312152 -298.255 163166 72.2811 72.2811 36.062 120
40200 125.203 -312152 -520.929 163192 72.2849 72.2849 36.0639 120
40300 125.2 -312149 -157.423 163204 72.2866 72.2866 36.0648 120
40400 125.399 -312148 -507.122 163212 72.2878 72.2878 36.0654 120
40500 125.677 -312151 165.546 163174 72.2823 72.2823 36.0626 120
40600 124.662 -312151 -642.696 163132 72.276 72.276 36.0595 120
40700 125.137 -312154 724.029 163111 72.2729 72.2729 36.0579 120
40800 125.758 -312153 179.301 163161 72.2804 72.2804 36.0617 120
40900 124.83 -312149 -761.873 163223 72.2894 72.2894 36.0662 120
41000 124.827 -312147 -226.273 163216 72.2884 72.2884 36.0657 120
41100 126.175 -312151 221.586 163157 72.2797 72.2797 36.0614 120
41200 124.94 -312151 875.153 163114 72.2733 72.2733 36.0582 120
41300 124.866 -312153 -144.308 163153 72.2791 72.2791 36.061 120
41400 124.433 -312151 -78.5033 163201 72.2861 72.2861 36.0646 120
41500 125.235 -312150 -674.014 163216 72.2885 72.2885 36.0657 120
41600 125.225 -312148 -67.8686 163182 72.2833 72.2833 36.0632 120
41700 125.751 -312149 167.668 163146 72.2781 72.2781 36.0605 120
41800 124.155 -312149 -143.082 163146 72.2781 72.2781 36.0606 120
41900 122.726 -312149 -52.6389 163157 72.2798 72.2798 36.0614 120
42000 125.11 -312153 35.9812 163174 72.2823 72.2823 36.0626 120
42100 124.554 -312150 -336.162 163185 72.2839 72.2839 36.0634 120
42200 125.226 -312149 829.03 163180 72.2831 72.2831 36.0631 120
42300 125.549 -312149 -218.214 163185 72.2839 72.2839 36.0635 120
42400 125.675 -312151 615.538 163182 72.2834 72.2834 36.0632 120
42500 123.663 -312150 -165.755 163204 72.2867 72.2867 36.0648 120
42600 125.422 -312154 -279.211 163208 72.2873 72.2873 36.0651 120
42700 125.171 -312152 -261.549 163177 72.2827 72.2827 36.0629 120
42800 125.79 -312151 560.017 163149 72.2785 72.2785 36.0608 120
42900 125.387 -312149 167.04 163169 72.2816 72.2816 36.0623 120
43000 125.791 -312151 15.9394 163189 72.2844 72.2844 36.0637 120
43100 125.426 -312153 -327.52 163216 72.2885 72.2885 36.0657 120
43200 123.573 -312151 -225.246 163206 72.2869 72.2869 36.0649 120
43300 125.359 -312154 542.896 163155 72.2794 72.2794 36.0612 120
43400 124.856 -312150 309.051 163128 72.2754 72.2754 36.0592 120
43500 125.057 -312149 -310.709 163145 72.278 72.278 36.0605 120
43600 124.639 -312149 -452.809 163175 72.2824 72.2824 36.0627 120
43700 124.017 -312149 141.95 163191 72.2848 72.2848 36.0639 120
43800 123.88 -312151 -660.07 163185 72.2838 72.2838 36.0634 120
43900 124.861 -312153 -737.754 163171 72.2818 72.2818 36.0624 120
44000 125.504 -312152 472.546 163146 72.2782 72.2782 36.0606 120
44100 125.148 -312149 647.377 163153 72.2792 72.2792 36.0611 120
44200 125.421 -312150 281.593 163187 72.2842 72.2842 36.0636 120
44300 125.276 -312151 -921.069 163224 72.2896 72.2896 36.0663 120
44400 124.252 -312151 -141.116 163195 72.2854 72.2854 36.0642 120
44500 123.726 -312151 499.146 163149 72.2785 72.2785 36.0608 120
44600 124.652 -312151 434.781 163118 72.274 72.274 36.0585 120
44700 125.202 -312150 905.553 163129 72.2756 72.2756 36.0593 120
44800 125.812 -312151 -20.7229 163189 72.2844 72.2844 36.0637 120
44900 124.677 -312149 -658.754 163231 72.2907 72.2907 36.0668 120
45000 124.334 -312151 -11.2684 163210 72.2875 72.2875 36.0653 120
45100 123.605 -312152 -404.773 163174 72.2822 72.2822 36.0626 120
45200 124.28 -312153 -80.1247 163128 72.2755 72.2755 36.0592 120
45300 125.074 -312153 1107.87 163133 72.2762 72.2762 36.0596 120
45400 125.575 -312151 -525.396 163219 72.2889 72.2889 36.0659 120
45500 126.054 -312151 -638.442 163253 72.2938 72.2938 36.0684 120
45600 126.006 -312153 472.605 163184 72.2837 72.2837 36.0634 120
45700 124.639 -312153 988.766 163120 72.2743 72.2743 36.0587 120
45800 123.836 -312153 95.886 163131 72.2759 72.2759 36.0595 120
45900 123.86 -312152 53.7853 163185 72.2839 72.2839 36.0634 120
46000 124.115 -312149 -120.329 163225 72.2897 72.2897 36.0663 120
46100 126.595 -312153 -128.638 163241 72.2922 72.2922 36.0676 120
46200 125.513 -312151 -468.662 163209 72.2874 72.2874 36.0652 120
46300 124.853 -312153 645.252 163126 72.2751 72.2751 36.0591 120
46400 123.591 -312152 753.647 163107 72.2723 72.2723 36.0576 120
46500 124.03 -312153 129.1 163147 72.2782 72.2782 36.0606 120
46600 125.546 -312153 -335.074 163192 72.2849 72.2849 36.0639 120
46700 125.26 -312151 66.4452 163238 72.2917 72.2917 36.0673 120
46800 126.278 -312152 -322.774 163239 72.2919 72.2919 36.0674 120
46900 126.864 -312155 -44.3001 163204 72.2866 72.2866 36.0648 120
47000 124.278 -312152 1063.28 163148 72.2784 72.2784 36.0607 120
47100 124.615 -312154 386.122 163126 72.2752 72.2752 36.0591 120
47200 124.702 -312153 620.527 163153 72.2792 72.2792 36.0611 120
47300 125.015 -312151 -178.421 163216 72.2884 72.2884 36.0657 120
47400 126.192 -312152 -1132.97 163265 72.2957 72.2957 36.0693 120
47500 125.503 -312151 -415.132 163231 72.2907 72.2907 36.0668 120
47600 124.978 -312153 123.863 163147 72.2783 72.2783 36.0607 120
47700 124.548 -312154 1109.37 163096 72.2707 72.2707 36.0569 120
47800 124.361 -312153 -69.5049 163153 72.2791 72.2791 36.0611 120
47900 124.113 -312150 -164.34 163237 72.2916 72.2916 36.0673 120
48000 125.866 -312151 -278.371 163256 72.2943 72.2943 36.0686 120
48100 126.293 -312151 -553.314 163214 72.2881 72.2881 36.0655 120
48200 124.82 -312152 662.204 163144 72.2778 72.2778 36.0604 120
48300 124.669 -312154 492.62 163121 72.2743 72.2743 36.0587 120
48400 123.507 -312152 272.464 163156 72.2795 72.2795 36.0613 120
48500 123.893 -312151 -110.531 163215 72.2882 72.2882 36.0656 120
48600 124.745 -312150 -471.346 163249 72.2934 72.2934 36.0682 120
48700 125.728 -312151 -261.358 163227 72.2901 72.2901 36.0665 120
48800 126.436 -312154 32.2853 163185 72.2839 72.2839 36.0635 120
48900 125.489 -312154 -10.3644 163166 72.281 72.281 36.062 120
49000 125.404 -312156 102.16 163166 72.2811 72.2811 36.0621 120
49100 123.765 -312152 -90.2603 163188 72.2843 72.2843 36.0637 120
49200 125.08 -312152 -345.557 163207 72.2871 72.2871 36.065 120
49300 125.858 -312151 394.892 163181 72.2833 72.2833 36.0631 120
49400 124.453 -312149 -362.319 163152 72.279 72.279 36.061 120
49500 125.228 -312153 148.48 163149 72.2786 72.2786 36.0608 120
49600 125.171 -312155 462.208 163202 72.2863 72.2863 36.0646 120
49700 123.541 -312152 196.474 163226 72.2899 72.2899 36.0664 120
49800 124.785 -312152 -619.38 163208 72.2873 72.2873 36.0651 120
49900 125.803 -312152 112.202 163169 72.2815 72.2815 36.0623 120
50000 126.708 -312153 236.967 163159 72.28 72.28 36.0615 120
50100 125.503 -312152 221.329 163176 72.2826 72.2826 36.0628 120
50200 125.086 -312155 23.3875 163202 72.2863 72.2863 36.0646 120
50300 123.973 -312153 540.064 163200 72.286 72.286 36.0645 120
50400 123.545 -312151 198.709 163194 72.2852 72.2852 36.0641 120
50500 125.479 -312152 -338.273 163179 72.2829 72.2829 36.063 120
50600 125.617 -312151 -55.8236 163145 72.278 72.278 36.0605 120
50700 125.021 -312151 135.463 163149 72.2785 72.2785 36.0608 120
50800 123.844 -312152 -356.696 163179 72.2829 72.2829 36.063 120
50900 124.356 -312154 -207.952 163195 72.2853 72.2853 36.0641 120
51000 124.672 -312153 -422.759 163197 72.2856 72.2856 36.0643 120
51100 124.531 -312150 -280.113 163177 72.2827 72.2827 36.0628 120
51200 126.435 -312153 895.219 163152 72.279 72.279 36.061 120
51300 126.103 -312153 -225.812 163183 72.2836 72.2836 36.0633 120
51400 124.325 -312154 -263.666 163213 72.288 72.288 36.0655 120
51500 123.903 -312153 -341.614 163208 72.2873 72.2873 36.0651 120
51600 124.992 -312153 -186.357 163184 72.2837 72.2837 36.0633 120
51700 125.115 -312152 -135.43 163175 72.2824 72.2824 36.0627 120
51800 125.486 -312152 -125.012 163163 72.2806 72.2806 36.0618 120
51900 125.372 -312151 589.088 163160 72.2802 72.2802 36.0616 120
52000 125.975 -312157 -88.651 163196 72.2854 72.2854 36.0642 120
52100 124.041 -312153 -321.966 163212 72.2879 72.2879 36.0654 120
52200 125.196 -312154 -145.282 163198 72.2858 72.2858 36.0644 120
52300 125.858 -312152 633.067 163169 72.2815 72.2815 36.0622 120
52400 124.828 -312150 247.126 163166 72.2811 72.2811 36.0621 120
52500 125.07 -312152 60.4679 163184 72.2837 72.2837 36.0633 120
52600 124.815 -312152 -46.5852 163192 72.2848 72.2848 36.0639 120
52700 125.07 -312153 -35.8504 163197 72.2856 72.2856 36.0643 120
52800 124.018 -312151 -570.271 163199 72.286 72.286 36.0645 120
52900 124.742 -312152 255.316 163174 72.2822 72.2822 36.0626 120
53000 124.485 -312151 465.265 163161 72.2803 72.2803 36.0616 120
53100 125.842 -312151 645.74 163183 72.2836 72.2836 36.0633 120
53200 125.553 -312150 -565.418 163245 72.2927 72.2927 36.0678 120
53300 125.656 -312153 -123.395 163247 72.293 72.293 36.068 120
53400 124.439 -312153 -384.199 163191 72.2848 72.2848 36.0639 120
53500 125.064 -312154 637.973 163125 72.275 72.275 36.059 120
53600 125.551 -312153 241.193 163139 72.2771 72.2771 36.0601 120
53700 127.17 -312151 -103.324 163185 72.2838 72.2838 36.0634 120
53800 125.564 -312148 -392.402 163226 72.2899 72.2899 36.0665 120
53900 125.994 -312151 -402.298 163234 72.291 72.291 36.067 120
54000 125.326 -312153 -229.493 163192 72.2849 72.2849 36.064 120
54100 125.011 -312154 339.07 163157 72.2797 72.2797 36.0613 120
54200 124.464 -312153 433.692 163157 72.2797 72.2797 36.0614 120
54300 126.957 -312156 -123.381 163184 72.2837 72.2837 36.0633 120
54400 126.256 -312151 -197.696 163197 72.2857 72.2857 36.0643 120
54500 125.628 -312150 274.633 163201 72.2862 72.2862 36.0646 120
54600 125.076 -312152 -480.54 163212 72.2879 72.2879 36.0654 120
54700 124.723 -312152 -85.0333 163183 72.2836 72.2836 36.0633 120
54800 125.815 -312155 616.331 163150 72.2787 72.2787 36.0608 120
54900 125.813 -312154 463.207 163151 72.2789 72.2789 36.0609 120
55000 125.528 -312150 -300.969 163189 72.2845 72.2845 36.0638 120
55100 126.847 -312151 -125.626 163209 72.2874 72.2874 36.0652 120
55200 124.857 -312151 -413.577 163189 72.2845 72.2845 36.0637 120
55300 125.339 -312154 -392.552 163160 72.2802 72.2802 36.0616 120
55400 124.842 -312154 312.491 163152 72.279 72.279 36.061 120
55500 124.031 -312151 113.252 163153 72.2792 72.2792 36.0611 120
55600 126.048 -312152 499.72 163188 72.2843 72.2843 36.0636 120
55700 126.543 -312150 -577.147 163248 72.2931 72.2931 36.068 120
55800 125.41 -312148 -643.078 163233 72.2909 72.2909 36.0669 120
55900 125.746 -312154 272.545 163174 72.2823 72.2823 36.0626 120
56000 123.919 -312152 565.096 163144 72.2778 72.2778 36.0604 120
56100 123.883 -312152 508.669 163153 72.2791 72.2791 36.061 120
56200 124.527 -312151 -236.812 163177 72.2827 72.2827 36.0629 120
56300 126.707 -312152 -534.6 163205 72.2869 72.2869 36.0649 120
56400 125.994 -312151 -856.635 163224 72.2895 72.2895 36.0663 120
56500 124.206 -312153 487.806 163203 72.2866 72.2866 36.0648 120
56600 123.575 -312152 -187.396 163190 72.2846 72.2846 36.0638 120
56700 125.196 -312153 -190.363 163168 72.2814 72.2814 36.0622 120
56800 124.608 -312150 646.825 163153 72.2792 72.2792 36.0611 120
56900 125.565 -312152 299.221 163175 72.2824 72.2824 36.0627 120
57000 125.384 -312154 41.9125 163214 72.2881 72.2881 36.0655 120
57100 124.107 -312155 -80.7442 163228 72.2903 72.2903 36.0666 120
57200 123.844 -312153 -69.4021 163200 72.2861 72.2861 36.0646 120
57300 124.438 -312152 -255.716 163174 72.2823 72.2823 36.0627 120
57400 124.633 -312150 647.645 163152 72.279 72.279 36.061 120
57500 126.23 -312154 22.9346 163187 72.2842 72.2842 36.0636 120
57600 124.629 -312153 74.2983 163224 72.2896 72.2896 36.0663 120
57700 123.574 -312155 -464.207 163213 72.288 72.288 36.0655 120
57800 123.988 -312154 386.354 163161 72.2803 72.2803 36.0617 120
57900 125.47 -312154 480.299 163139 72.277 72.277 36.06 120
58000 125.217 -312153 -53.1198 163174 72.2823 72.2823 36.0626 120
58100 125.463 -312152 34.7646 163209 72.2874 72.2874 36.0652 120
58200 124.378 -312151 -469.55 163213 72.288 72.288 36.0655 120
58300 125.063 -312153 686.951 163190 72.2846 72.2846 36.0638 120
58400 123.519 -312153 -738.762 163196 72.2855 72.2855 36.0643 120
58500 124.756 -312154 302.16 163165 72.2808 72.2808 36.0619 120
58600 125.541 -312152 82.1454 163150 72.2788 72.2788 36.0609 120
58700 125.905 -312152 53.3349 163159 72.28 72.28 36.0615 120
58800 125.527 -312153 -338.871 163192 72.2848 72.2848 36.0639 120
58900 124.857 -312153 2.88384 163221 72.2892 72.2892 36.0661 120
59000 124.152 -312153 -425.015 163243 72.2924 72.2924 36.0677 120
59100 123.635 -312156 -27.783 163213 72.288 72.288 36.0655 120
59200 123.694 -312155 275.54 163148 72.2784 72.2784 36.0607 120
59300 124.713 -312153 310.271 163117 72.2738 72.2738 36.0584 120
59400 125.555 -312153 -94.0653 163145 72.278 72.278 36.0605 120
59500 124.075 -312149 -721.042 163197 72.2856 72.2856 36.0643 120
59600 125.817 -312152 -859.553 163229 72.2903 72.2903 36.0667 120
59700 125.027 -312154 -23.8563 163209 72.2874 72.2874 36.0652 120
59800 123.357 -312153 49.9683 163183 72.2835 72.2835 36.0632 120
59900 123.434 -312151 533.886 163154 72.2793 72.2793 36.0611 120
60000 125.198 -312152 -74.3632 163154 72.2792 72.2792 36.0611 120
60100 126.354 -312154 -217.917 163168 72.2813 72.2813 36.0621 120
60200 125.357 -312153 19.6593 163198 72.2858 72.2858 36.0644 120
60300 125.566 -312154 -537.221 163237 72.2916 72.2916 36.0673 120
60400 125.051 -312156 -194.327 163222 72.2894 72.2894 36.0662 120
60500 123.268 -312153 498.279 163156 72.2796 72.2796 36.0613 120
60600 124.604 -312153 323.742 163132 72.276 72.276 36.0595 120
60700 125.697 -312151 -109.32 163168 72.2813 72.2813 36.0621 120
60800 126.154 -312153 -464.667 163212 72.2878 72.2878 36.0654 120
60900 124.736 -312152 -293.903 163226 72.2899 72.2899 36.0664 120
61000 125.065 -312156 -599.962 163204 72.2867 72.2867 36.0649 120
61100 124.235 -312154 133.897 163144 72.2778 72.2778 36.0604 120
61200 124.995 -312154 1103.2 163097 72.2708 72.2708 36.0569 120
61300 124.619 -312152 595.087 163123 72.2746 72.2746 36.0588 120
61400 124.925 -312151 -382.238 163206 72.287 72.287 36.065 120
61500 125.661 -312152 -792.692 163243 72.2924 72.2924 36.0677 120
61600 124.428 -312150 -631.776 163215 72.2884 72.2884 36.0657 120
61700 125.15 -312155 772.819 163159 72.28 72.28 36.0615 120
61800 124.796 -312155 151.466 163136 72.2766 72.2766 36.0598 120
61900 125.846 -312155 543.065 163141 72.2773 72.2773 36.0602 120
62000 126.366 -312152 -193.615 163190 72.2846 72.2846 36.0638 120
62100 125.975 -312151 -360.362 163245 72.2927 72.2927 36.0678 120
62200 126.024 -312153 -715.659 163242 72.2922 72.2922 36.0676 120
62300 124.878 -312153 457.73 163190 72.2847 72.2847 36.0638 120
62400 124.723 -312153 -18.4815 163155 72.2794 72.2794 36.0612 120
62500 126.38 -312156 420.592 163125 72.275 72.275 36.059 120
62600 126.101 -312150 1014.7 163135 72.2765 72.2765 36.0597 120
62700 126.654 -312151 -307.02 163205 72.2869 72.2869 36.0649 120
62800 126.469 -312154 -794.656 163237 72.2915 72.2915 36.0672 120
62900 124.125 -312151 -237.09 163203 72.2865 72.2865 36.0648 120
63000 124.477 -312153 -72.2081 163157 72.2798 72.2798 36.0614 120
63100 123.912 -312151 293.513 163129 72.2755 72.2755 36.0593 120
63200 125.513 -312151 -201.682 163163 72.2805 72.2806 36.0618 120
63300 125.924 -312150 -163.815 163209 72.2874 72.2874 36.0652 120
63400 125.499 -312152 -774.435 163230 72.2906 72.2906 36.0668 120
63500 125.997 -312156 -221.577 163199 72.2859 72.2859 36.0644 120
63600 125.353 -312154 -104.351 163149 72.2786 72.2786 36.0608 120
63700 124.913 -312153 555.205 163138 72.2769 72.2769 36.0599 120
63800 124.862 -312150 585.838 163180 72.2832 72.2832 36.0631 120
63900 125.369 -312148 -132.571 163233 72.2909 72.2909 36.0669 120
64000 126.442 -312150 -129.989 163215 72.2883 72.2883 36.0656 120
64100 124.355 -312151 -321.981 163173 72.2821 72.2821 36.0625 120
64200 124.624 -312154 383 163138 72.2769 72.2769 36.06 120
64300 124.464 -312153 560.294 163152 72.279 72.279 36.061 120
64400 124.908 -312151 261.176 163180 72.2832 72.2832 36.0631 120
64500 125.243 -312149 -268.57 163212 72.2879 72.2879 36.0654 120
64600 127.02 -312152 82.6009 163209 72.2873 72.2873 36.0652 120
64700 125.352 -312154 330.166 163182 72.2834 72.2834 36.0632 120
64800 125.043 -312155 40.4048 163175 72.2824 72.2824 36.0627 120
64900 125.317 -312154 -56.0374 163179 72.283 72.283 36.063 120
65000 125.87 -312152 -218.976 163204 72.2866 72.2866 36.0648 120
65100 125.567 -312150 -248.427 163214 72.2881 72.2881 36.0656 120
65200 125.489 -312152 -249.539 163182 72.2834 72.2834 36.0632 120
65300 124.113 -312153 -222.514 163143 72.2776 72.2776 36.0603 120
65400 123.418 -312155 341.658 163131 72.2759 72.2759 36.0595 120
65500 123.946 -312154 154.792 163177 72.2827 72.2827 36.0628 120
65600 123.729 -312151 -1096.74 163249 72.2933 72.2933 36.0681 120
65700 123.69 -312147 -625.998 163264 72.2955 72.2955 36.0692 120
65800 125.983 -312151 186.701 163201 72.2863 72.2863 36.0646 120
65900 124.857 -312153 -44.2513 163127 72.2753 72.2753 36.0592 120
66000 124.09 -312154 697.34 163088 72.2696 72.2696 36.0563 120
66100 124.524 -312154 -186.568 163143 72.2777 72.2777 36.0604 120
66200 125.592 -312153 -624.607 163232 72.2908 72.2908 36.0669 120
66300 126.534 -312151 -1085.56 163272 72.2967 72.2967 36.0698 120
66400 124.834 -312148 -755.136 163233 72.2909 72.2909 36.0669 120
66500 124.808 -312151 1132.93 163161 72.2804 72.2804 36.0617 120
66600 124.902 -312154 183.224 163140 72.2772 72.2772 36.0601 120
66700 124.596 -312154 843.724 163147 72.2782 72.2782 36.0606 120
66800 125.25 -312153 108.777 163191 72.2848 72.2848 36.0639 120
66900 125.916 -312151 -368.015 163212 72.2879 72.2879 36.0654 120
67000 126.003 -312151 87.7149 163202 72.2863 72.2863 36.0647 120
67100 124.443 -312151 48.9596 163177 72.2827 72.2827 36.0629 120
67200 125.367 -312153 8.10023 163161 72.2803 72.2803 36.0617 120
67300 124.922 -312153 136.626 163165 72.2809 72.2809 36.062 120
67400 124.764 -312152 -26.8291 163184 72.2836 72.2837 36.0633 120
67500 126.475 -312152 383.619 163195 72.2853 72.2853 36.0642 120
67600 126.144 -312150 -233.051 163204 72.2867 72.2867 36.0648 120
67700 125.831 -312152 -516.996 163184 72.2837 72.2837 36.0634 120
67800 124.29 -312151 475.735 163145 72.278 72.278 36.0605 120
67900 123.444 -312150 1060.17 163157 72.2797 72.2797 36.0613 120
68000 124.626 -312153 -624.727 163227 72.2901 72.2901 36.0665 120
68100 124.921 -312150 -1527.51 163272 72.2967 72.2967 36.0698 120
68200 126.725 -312151 41.4338 163221 72.2891 72.2891 36.066 120
68300 126.105 -312152 80.6594 163162 72.2805 72.2805 36.0617 120
68400 124.199 -312152 948.598 163119 72.2742 72.2742 36.0586 120
68500 124.492 -312153 315.271 163142 72.2776 72.2776 36.0603 120
68600 124.233 -312151 82.4746 163184 72.2837 72.2837 36.0634 120
68700 125.415 -312151 421.989 163198 72.2858 72.2858 36.0644 120
68800 125.547 -312149 -548.611 163219 72.2888 72.2888 36.0659 120
68900 125.875 -312151 383.597 163205 72.2868 72.2868 36.0649 120
69000 124.339 -312153 -160.472 163178 72.2828 72.2828 36.0629 120
69100 124.735 -312154 -383.865 163146 72.2781 72.2781 36.0605 120
69200 124.793 -312153 26.7558 163140 72.2772 72.2772 36.0601 120
69300 126.498 -312153 39.4158 163187 72.2842 72.2842 36.0636 120
69400 125.904 -312150 -394.274 163242 72.2923 72.2923 36.0676 120
69500 125.94 -312152 121.937 163240 72.2919 72.2919 36.0674 120
69600 126.14 -312154 -139.259 163193 72.2851 72.2851 36.064 120
69700 126.06 -312155 390.325 163150 72.2787 72.2787 36.0608 120
69800 123.943 -312152 125.078 163159 72.28 72.28 36.0615 120
69900 124.954 -312156 -481.048 163196 72.2855 72.2855 36.0643 120
70000 124.67 -312154 -604.507 163193 72.2851 72.2851 36.064 120
70100 125.05 -312150 409.228 163174 72.2822 72.2822 36.0626 120
70200 125.024 -312150 104.966 163187 72.2841 72.2841 36.0636 120
70300 125.792 -312155 84.6529 163185 72.2839 72.2839 36.0635 120
70400 123.344 -312152 -188.913 163182 72.2834 72.2834 36.0632 120
70500 124.4 -312154 -520.672 163187 72.2841 72.2841 36.0635 120
70600 125.089 -312154 23.4106 163180 72.2832 72.2832 36.0631 120
70700 125.086 -312152 193.104 163186 72.284 72.284 36.0635 120
70800 124.756 -312151 -575.115 163197 72.2856 72.2856 36.0643 120
70900 124.088 -312151 330.003 163180 72.2831 72.2831 36.0631 120
71000 123.847 -312154 245.092 163165 72.2809 72.2809 36.0619 120
71100 123.861 -312154 522.589 163146 72.2781 72.2781 36.0605 120
71200 124.796 -312153 -98.2196 163150 72.2787 72.2787 36.0609 120
71300 125 -312151 517.855 163159 72.2801 72.2801 36.0615 120
71400 125.458 -312152 69.0069 163192 72.2849 72.2849 36.0639 120
71500 124.788 -312154 -463.728 163206 72.287 72.287 36.065 120
71600 123.804 -312155 80.8016 163177 72.2827 72.2827 36.0629 120
71700 123.805 -312156 846.946 163138 72.2769 72.2769 36.06 120
71800 125.674 -312153 813.245 163148 72.2785 72.2785 36.0607 120
71900 126.131 -312153 -101.672 163192 72.2849 72.2849 36.064 120
72000 125.354 -312153 -412.745 163201 72.2862 72.2862 36.0646 120
72100 124.817 -312154 363.817 163168 72.2813 72.2813 36.0622 120
72200 124.547 -312155 27.1236 163162 72.2805 72.2805 36.0618 120
72300 124.919 -312154 -244.53 163168 72.2813 72.2813 36.0622 120
72400 125.036 -312150 355.23 163171 72.2818 72.2818 36.0624 120
72500 126.388 -312152 277.205 163195 72.2853 72.2853 36.0641 120
72600 125.455 -312153 -216.82 163215 72.2882 72.2882 36.0656 120
72700 124.77 -312154 498.65 163177 72.2826 72.2826 36.0628 120
72800 125.241 -312155 935.266 163128 72.2754 72.2754 36.0592 120
72900 125.094 -312154 651.261 163149 72.2786 72.2786 36.0608 120
73000 124.721 -312152 -64.0759 163201 72.2862 72.2862 36.0646 120
73100 126.047 -312152 -171.734 163232 72.2907 72.2907 36.0669 120
73200 126.172 -312150 -575.229 163230 72.2905 72.2905 36.0667 120
73300 125.136 -312149 -109.643 163178 72.2828 72.2828 36.0629 120
73400 125.203 -312154 870.102 163111 72.2729 72.2729 36.058 120
73500 124.266 -312153 502.398 163111 72.2729 72.2729 36.058 120
73600 124.776 -312153 107.222 163174 72.2822 72.2822 36.0626 120
73700 124.238 -312149 -1042.96 163270 72.2964 72.2964 36.0697 120
73800 126.403 -312151 -821.75 163268 72.2961 72.2961 36.0696 120
73900 125.802 -312152 -318.706 163184 72.2837 72.2837 36.0634 120
74000 123.688 -312152 991.189 163112 72.2731 72.2731 36.058 120
74100 124.693 -312154 397.482 163126 72.2752 72.2752 36.0591 120
74200 125.006 -312153 -729.942 163176 72.2825 72.2825 36.0628 120
74300 124.815 -312150 -518.935 163220 72.2891 72.2891 36.066 120
74400 125.391 -312150 156.988 163223 72.2894 72.2894 36.0662 120
74500 126.079 -312155 -146.176 163187 72.2842 72.2842 36.0636 120
74600 123.676 -312153 -432.622 163160 72.2802 72.2802 36.0616 120
74700 126.022 -312157 420.939 163159 72.2799 72.2799 36.0615 120
74800 125.257 -312153 503.408 163172 72.2819 72.2819 36.0625 120
74900 124.784 -312150 -503.969 163210 72.2876 72.2876 36.0653 120
75000 125.028 -312152 -105.128 163219 72.2888 72.2888 36.0659 120
75100 125.207 -312153 263.049 163207 72.2871 72.2871 36.065 120
75200 124.491 -312152 -435.574 163178 72.2828 72.2828 36.0629 120
75300 126.075 -312155 673.307 163140 72.2773 72.2773 36.0601 120
75400 124.217 -312151 -513.345 163170 72.2817 72.2817 36.0624 120
75500 124.564 -312153 381.982 163207 72.2871 72.2871 36.065 120
75600 123.744 -312151 -50.4736 163234 72.291 72.291 36.067 120
75700 125.766 -312154 -411.026 163228 72.2901 72.2901 36.0666 120
75800 126.545 -312154 474.648 163170 72.2817 72.2817 36.0623 120
75900 126.14 -312153 77.5435 163141 72.2773 72.2773 36.0602 120
76000 125.603 -312154 891 163149 72.2786 72.2786 36.0608 120
76100 124.084 -312154 -723.437 163206 72.2869 72.2869 36.065 120
76200 124.341 -312154 -427.296 163217 72.2886 72.2886 36.0658 120
76300 125.806 -312154 -180.733 163177 72.2826 72.2826 36.0628 120
76400 124.697 -312151 316.897 163137 72.2768 72.2768 36.0599 120
76500 125.092 -312152 472.851 163137 72.2768 72.2768 36.0599 120
76600 126.032 -312155 -4.1641 163190 72.2846 72.2846 36.0638 120
76700 125.534 -312153 -1034.59 163250 72.2935 72.2935 36.0682 120
76800 125.352 -312154 -385.764 163238 72.2917 72.2917 36.0673 120
76900 124.713 -312154 -266.875 163159 72.28 72.28 36.0615 120
77000 124.568 -312153 511.03 163089 72.2697 72.2697 36.0564 120
77100 124.957 -312151 270.008 163108 72.2725 72.2725 36.0578 120
77200 126.495 -312153 -569.688 163195 72.2854 72.2854 36.0642 120
77300 126.289 -312154 -270.489 163261 72.2951 72.2951 36.0691 120
77400 123.816 -312153 -852.93 163252 72.2937 72.2937 36.0684 120
77500 124.174 -312154 785.671 163169 72.2815 72.2815 36.0623 120
77600 124.668 -312153 697.605 163106 72.2721 72.2721 36.0576 120
77700 125.026 -312153 1072.24 163096 72.2706 72.2706 36.0568 120
77800 125.833 -312154 -664.01 163199 72.2859 72.2859 36.0644 120
77900 126.052 -312154 -1327.24 163291 72.2995 72.2995 36.0712 120
78000 124.176 -312151 -931.143 163261 72.2951 72.2951 36.069 120
78100 123.435 -312151 663.093 163155 72.2794 72.2794 36.0612 120
78200 123.897 -312153 267.816 163108 72.2725 72.2725 36.0578 120
78300 123.334 -312152 395.609 163136 72.2766 72.2766 36.0598 120
78400 124.919 -312152 -189.257 163214 72.2881 72.2881 36.0655 120
78500 124.891 -312149 -344.041 163255 72.2942 72.2942 36.0686 120
78600 125.376 -312151 -324.106 163234 72.2911 72.2911 36.0671 120
78700 124.56 -312155 -106.415 163171 72.2817 72.2817 36.0624 120
78800 122.981 -312153 532.076 163114 72.2734 72.2734 36.0582 120
78900 125.314 -312154 469.233 163119 72.2741 72.2741 36.0585 120
79000 125.582 -312153 -455.212 163177 72.2826 72.2826 36.0628 120
79100 124.395 -312150 -444.262 163227 72.29 72.29 36.0665 120
79200 126.085 -312155 -33.6877 163205 72.2868 72.2868 36.0649 120
79300 123.718 -312155 393.688 163161 72.2804 72.2804 36.0617 120
79400 124.499 -312155 -43.6218 163152 72.279 72.279 36.061 120
79500 125.288 -312154 348.437 163183 72.2835 72.2835 36.0633 120
79600 124.832 -312151 -148.257 163224 72.2896 72.2896 36.0663 120
79700 124.576 -312150 -590.197 163223 72.2895 72.2895 36.0662 120
79800 124.441 -312151 -484.071 163185 72.2839 72.2839 36.0635 120
79900 124.298 -312156 329.474 163141 72.2774 72.2774 36.0602 120
80000 123.496 -312156 118.885 163150 72.2786 72.2786 36.0608 120
80100 124.319 -312155 177.586 163159 72.2801 72.2801 36.0615 120
80200 125.082 -312154 4.58344 163189 72.2845 72.2845 36.0637 120
80300 124.952 -312152 384.483 163213 72.288 72.288 36.0655 120
80400 125.603 -312152 -929.794 163214 72.2881 72.2881 36.0656 120
80500 125.615 -312153 -356.57 163170 72.2817 72.2817 36.0624 120
80600 124.397 -312155 657.055 163134 72.2763 72.2763 36.0596 120
80700 124.169 -312155 121.172 163151 72.2789 72.2789 36.0609 120
80800 126.091 -312156 -354.469 163199 72.2859 72.2859 36.0645 120
80900 125.154 -312151 -429.698 163220 72.289 72.289 36.066 120
81000 124.279 -312150 -412.983 163195 72.2853 72.2853 36.0641 120
81100 125.29 -312153 -316.319 163169 72.2815 72.2815 36.0622 120
81200 123.367 -312151 931.548 163164 72.2807 72.2807 36.0619 120
81300 123.675 -312156 -414.469 163199 72.2859 72.2859 36.0644 120
81400 123.686 -312155 -79.3207 163201 72.2862 72.2862 36.0646 120
81500 124.199 -312152 393.174 163197 72.2857 72.2857 36.0643 120
81600 125.293 -312154 485.918 163200 72.2861 72.2861 36.0645 120
81700 124.627 -312151 -1048.36 163216 72.2884 72.2884 36.0657 120
81800 125.594 -312152 189.448 163183 72.2836 72.2836 36.0633 120
81900 125.928 -312153 544.161 163139 72.277 72.277 36.06 120
82000 124.208 -312153 377.659 163152 72.279 72.279 36.061 120
82100 125.691 -312157 -566.443 163197 72.2856 72.2856 36.0643 120
82200 124.31 -312154 528.891 163201 72.2862 72.2862 36.0646 120
82300 125.408 -312152 -334.76 163202 72.2863 72.2863 36.0647 120
82400 125.288 -312152 -253.249 163193 72.285 72.285 36.064 120
82500 125.269 -312152 614.24 163180 72.2831 72.2831 36.063 120
82600 123.879 -312151 279.506 163207 72.2871 72.2871 36.065 120
82700 124.268 -312154 -301.388 163218 72.2887 72.2887 36.0658 120
82800 123.556 -312155 343.729 163186 72.284 72.284 36.0635 120
82900 124.454 -312155 -16.1148 163175 72.2824 72.2824 36.0627 120
83000 124.551 -312152 451.533 163178 72.2828 72.2828 36.0629 120
83100 125.577 -312152 -330.498 163193 72.2851 72.2851 36.064 120
83200 124.778 -312152 436.572 163183 72.2836 72.2836 36.0633 120
83300 124.094 -312152 63.8346 163181 72.2833 72.2833 36.0631 120
83400 123.306 -312154 580.428 163192 72.2849 72.2849 36.0639 120
83500 124.702 -312155 -347.329 163194 72.2853 72.2853 36.0641 120
83600 125.161 -312152 -336.78 163193 72.2851 72.2851 36.064 120
83700 125.617 -312153 -759.526 163187 72.2841 72.2841 36.0636 120
83800 124.916 -312153 861.55 163151 72.2789 72.2789 36.0609 120
83900 124.1 -312152 215.723 163178 72.2828 72.2828 36.0629 120
84000 124.797 -312155 -182.59 163205 72.2868 72.2868 36.0649 120
84100 124.478 -312153 87.5897 163196 72.2855 72.2855 36.0642 120
84200 124.52 -312149 391.213 163196 72.2855 72.2855 36.0642 120
84300 125.61 -312151 -144.622 163203 72.2866 72.2866 36.0648 120
84400 124.253 -312152 376.112 163175 72.2824 72.2824 36.0627 120
84500 124.132 -312153 -88.1948 163178 72.2828 72.2828 36.0629 120
84600 123.82 -312153 -477.443 163180 72.2831 72.2831 36.0631 120
84700 126.1 -312155 227.262 163182 72.2834 72.2834 36.0632 120
84800 124.895 -312153 151.997 163195 72.2853 72.2853 36.0642 120
84900 125.113 -312153 -196.768 163225 72.2897 72.2897 36.0663 120
85000 123.707 -312152 -225.53 163220 72.2891 72.2891 36.066 120
85100 123.862 -312155 222.725 163167 72.2812 72.2812 36.0621 120
85200 124.822 -312156 483.654 163142 72.2775 72.2775 36.0602 120
85300 124.614 -312152 160.909 163178 72.2828 72.2828 36.0629 120
85400 125.976 -312153 -409.334 163229 72.2904 72.2904 36.0667 120
85500 125.059 -312152 -806.971 163245 72.2928 72.2928 36.0679 120
85600 124.925 -312153 49.7532 163209 72.2873 72.2873 36.0652 120
85700 123.723 -312156 75.2613 163181 72.2833 72.2833 36.0632 120
85800 123.956 -312157 312.904 163154 72.2793 72.2793 36.0612 120
85900 123.692 -312154 190.03 163163 72.2806 72.2806 36.0618 120
86000 124.681 -312154 -17.4999 163194 72.2852 72.2852 36.0641 120
86100 123.892 -312150 198.03 163210 72.2875 72.2875 36.0653 120
86200 124.671 -312150 86.3753 163207 72.2872 72.2872 36.0651 120
86300 125.731 -312153 -325.223 163195 72.2854 72.2854 36.0642 120
86400 124.358 -312154 422.98 163160 72.2801 72.2801 36.0616 120
86500 125.049 -312157 10.1317 163159 72.28 72.28 36.0615 120
86600 124.759 -312155 -105.436 163184 72.2836 72.2836 36.0633 120
86700 125.51 -312153 93.4438 163225 72.2897 72.2897 36.0664 120
86800 124.613 -312151 26.2677 163244 72.2926 72.2926 36.0678 120
86900 125.005 -312152 -332.932 163201 72.2862 72.2862 36.0646 120
87000 125.19 -312154 1113.92 163121 72.2744 72.2744 36.0587 120
87100 123.622 -312155 -95.2135 163111 72.273 72.273 36.058 120
87200 123.495 -312157 373.678 163138 72.2769 72.2769 36.06 120
87300 125.086 -312156 435.49 163194 72.2852 72.2852 36.0641 120
87400 124.648 -312152 -792.817 163265 72.2956 72.2956 36.0693 120
87500 124.315 -312151 -375 163254 72.2941 72.2941 36.0685 120
87600 125.131 -312152 -404.876 163175 72.2824 72.2824 36.0627 120
87700 126.414 -312156 1040.12 163090 72.2699 72.2699 36.0565 120
87800 124.877 -312155 1067.47 163103 72.2718 72.2718 36.0574 120
87900 123.682 -312154 -416.941 163214 72.2881 72.2881 36.0655 120
88000 126.126 -312157 -907.695 163286 72.2988 72.2988 36.0709 120
88100 125.14 -312151 -134.077 163248 72.2932 72.2932 36.0681 120
88200 125.162 -312151 583.026 163170 72.2816 72.2816 36.0623 120
88300 124.549 -312152 427.451 163137 72.2768 72.2768 36.0599 120
88400 124.221 -312155 -117.674 163151 72.2788 72.2788 36.0609 120
88500 125.56 -312157 495.863 163186 72.2839 72.2839 36.0635 120
88600 124.689 -312153 -625.217 163231 72.2906 72.2906 36.0668 120
88700 124.752 -312150 -869.343 163230 72.2905 72.2905 36.0668 120
88800 125.359 -312151 -7.19642 163195 72.2854 72.2854 36.0642 120
88900 126.081 -312156 611.177 163141 72.2773 72.2773 36.0602 120
89000 124.083 -312153 1009.07 163131 72.2759 72.2759 36.0595 120
89100 124.933 -312155 -554.557 163186 72.284 72.284 36.0635 120
89200 124.742 -312153 318.624 163216 72.2884 72.2884 36.0657 120
89300 124.97 -312153 -579.006 163222 72.2893 72.2893 36.0661 120
89400 124.321 -312152 196.773 163179 72.283 72.283 36.063 120
89500 124.469 -312152 868.715 163128 72.2754 72.2754 36.0592 120
89600 124.325 -312154 228.385 163129 72.2756 72.2756 36.0593 120
89700 123.324 -312154 28.8062 163192 72.2849 72.2849 36.0639 120
89800 124.472 -312155 -800.405 163254 72.2941 72.2941 36.0685 120
89900 124.751 -312152 -941.998 163259 72.2947 72.2947 36.0688 120
90000 125.617 -312153 -688.047 163201 72.2863 72.2863 36.0646 120
90100 125.032 -312153 841.22 163132 72.2761 72.2761 36.0596 120
90200 123.382 -312152 674.944 163140 72.2772 72.2772 36.0601 120
90300 123.187 -312154 -555.315 163207 72.2871 72.2871 36.065 120
90400 122.795 -312156 -225.079 163230 72.2904 72.2904 36.0667 120
90500 122.837 -312156 167.02 163217 72.2886 72.2886 36.0658 120
90600 124.325 -312155 -177.318 163183 72.2836 72.2836 36.0633 120
90700 125.117 -312154 318.435 163131 72.2759 72.2759 36.0594 120
90800 125.256 -312153 407.684 163121 72.2743 72.2743 36.0587 120
90900 126.259 -312154 770.727 163174 72.2822 72.2822 36.0626 120
91000 124.688 -312153 -782.405 163283 72.2984 72.2984 36.0707 120
91100 123.745 -312154 -1354.61 163316 72.3032 72.3032 36.0731 120
91200 124.131 -312154 112.895 163218 72.2888 72.2888 36.0659 120
91300 125.16 -312153 1363.3 163091 72.27 72.27 36.0565 120
91400 124.554 -312152 700.145 163077 72.268 72.268 36.0555 120
91500 125.673 -312154 538.263 163156 72.2796 72.2796 36.0613 120
91600 123.844 -312152 -329.998 163268 72.2962 72.2962 36.0696 120
91700 124.379 -312154 -1213.25 163320 72.3038 72.3038 36.0734 120
91800 124.711 -312155 -514.522 163218 72.2888 72.2888 36.0659 120
91900 125.667 -312154 858.724 163067 72.2665 72.2665 36.0547 120
92000 125.778 -312153 993.409 163042 72.2628 72.2628 36.0529 120
92100 125.587 -312154 -486.145 163152 72.279 72.279 36.061 120
92200 123.958 -312153 -939.617 163266 72.2959 72.2959 36.0694 120
92300 124.663 -312154 -1297.67 163295 72.3001 72.3001 36.0715 120
92400 124.452 -312154 -565.93 163199 72.2859 72.2859 36.0645 120
92500 125.101 -312154 759.27 163071 72.267 72.267 36.055 120
92600 125.038 -312153 1399.37 163063 72.2658 72.2658 36.0544 120
92700 126.054 -312154 -184.642 163196 72.2855 72.2855 36.0643 120
92800 125.242 -312156 -1479.76 163308 72.3021 72.3021 36.0725 120
92900 123.894 -312154 -117.481 163275 72.2972 72.2972 36.0701 120
93000 123.397 -312152 -16.6069 163164 72.2808 72.2808 36.0619 120
93100 124.828 -312153 1387.73 163062 72.2657 72.2657 36.0544 120
93200 125.038 -312152 850.372 163090 72.2699 72.2699 36.0565 120
93300 124.999 -312154 115.324 163196 72.2855 72.2855 36.0642 120
93400 124.746 -312153 -338.903 163261 72.2951 72.2951 36.069 120
93500 125.924 -312156 -616.08 163239 72.2918 72.2918 36.0674 120
93600 123.672 -312152 182.449 163156 72.2796 72.2796 36.0613 120
93700 125.44 -312155 354.822 163110 72.2728 72.2728 36.0579 120
93800 125.545 -312154 576.713 163111 72.2729 72.2729 36.0579 120
93900 126.052 -312152 431.407 163173 72.2821 72.2821 36.0625 120
94000 124.511 -312150 -912.108 163261 72.295 72.295 36.069 120
94100 125.229 -312155 -1369.76 163276 72.2973 72.2973 36.0701 120
94200 125.161 -312156 -519.115 163188 72.2844 72.2844 36.0637 120
94300 124.709 -312155 1457.22 163082 72.2687 72.2687 36.0558 120
94400 125.907 -312153 547.954 163087 72.2694 72.2694 36.0562 120
94500 124.93 -312150 -452.414 163173 72.2821 72.2821 36.0625 120
94600 125.746 -312153 -893.377 163262 72.2952 72.2952 36.0691 120
94700 125.048 -312153 -735.945 163259 72.2948 72.2948 36.0689 120
94800 124.713 -312154 -126.3 163185 72.2838 72.2838 36.0634 120
94900 124.914 -312155 534.563 163114 72.2734 72.2734 36.0582 120
95000 125.89 -312156 293.129 163109 72.2727 72.2727 36.0579 120
95100 126.937 -312154 155.082 163165 72.2808 72.2808 36.0619 120
95200 125.701 -312152 137.015 163242 72.2923 72.2923 36.0676 120
95300 125.959 -312156 -845.15 163280 72.2979 72.2979 36.0704 120
95400 123.801 -312153 -418.024 163233 72.2909 72.2909 36.0669 120
95500 124.934 -312156 367.105 163133 72.2762 72.2762 36.0596 120
95600 125.448 -312155 987.125 163085 72.2691 72.2691 36.0561 120
95700 125.306 -312152 973.432 163148 72.2784 72.2784 36.0607 120
95800 125.96 -312149 -658.803 163256 72.2944 72.2944 36.0687 120
95900 127.253 -312153 -1274.76 163301 72.3009 72.3009 36.0719 120
96000 125.192 -312152 -128.285 163239 72.2918 72.2918 36.0674 120
96100 124.984 -312155 383.235 163124 72.2748 72.2748 36.0589 120
96200 123.678 -312154 1312.23 163070 72.2669 72.2669 36.055 120
96300 124.821 -312157 416.608 163154 72.2793 72.2793 36.0612 120
96400 125.125 -312154 -523.489 163270 72.2964 72.2964 36.0697 120
96500 126.007 -312152 -853.173 163306 72.3017 72.3017 36.0723 120
96600 125.862 -312153 -853.362 163249 72.2933 72.2933 36.0681 120
96700 125.772 -312156 269.631 163154 72.2793 72.2793 36.0612 120
96800 124.901 -312156 1062.59 163096 72.2707 72.2707 36.0568 120
96900 125.059 -312155 509.314 163142 72.2775 72.2775 36.0602 120
97000 125.33 -312155 -136.37 163216 72.2884 72.2884 36.0657 120
97100 126.244 -312154 -775.253 163265 72.2956 72.2956 36.0693 120
97200 126.067 -312151 -222.212 163236 72.2913 72.2914 36.0672 120
97300 124.945 -312152 205.187 163171 72.2818 72.2818 36.0624 120
97400 126.203 -312158 829.843 163119 72.2741 72.2741 36.0586 120
97500 123.988 -312155 87.4052 163148 72.2784 72.2784 36.0607 120
97600 123.972 -312153 -612.945 163223 72.2894 72.2894 36.0662 120
97700 125.714 -312154 -617.121 163265 72.2957 72.2957 36.0693 120
97800 126.791 -312153 -16.0565 163233 72.2909 72.2909 36.067 120
97900 125.963 -312154 405.89 163197 72.2856 72.2856 36.0643 120
98000 124.527 -312156 50.708 163177 72.2827 72.2827 36.0628 120
98100 123.989 -312155 433.359 163153 72.2791 72.2791 36.0611 120
98200 125.34 -312156 449.862 163147 72.2782 72.2782 36.0606 120
98300 125.397 -312153 -84.5249 163173 72.2821 72.2821 36.0625 120
98400 125.252 -312151 -678.793 163234 72.2911 72.2911 36.067 120
98500 125 -312154 -737.17 163257 72.2945 72.2945 36.0688 120
98600 124.123 -312156 -193.148 163201 72.2862 72.2862 36.0646 120
98700 124.686 -312156 372.669 163143 72.2777 72.2777 36.0603 120
98800 125.405 -312155 690.984 163125 72.275 72.275 36.059 120
98900 126.225 -312155 770.701 163170 72.2816 72.2816 36.0623 120
99000 127.023 -312157 -774.184 163248 72.2931 72.2931 36.0681 120
99100 124.585 -312157 -771.203 163253 72.2939 72.2939 36.0684 120
99200 123.745 -312157 -307.209 163188 72.2843 72.2843 36.0637 120
99300 123.437 -312155 971.2 163140 72.2772 72.2772 36.0601 120
99400 124.849 -312155 452.198 163171 72.2818 72.2818 36.0624 120
99500 125.674 -312154 -949.353 163247 72.2931 72.2931 36.068 120
99600 125.82 -312155 -190.208 163251 72.2936 72.2936 36.0683 120
99700 124.767 -312155 268.444 163197 72.2857 72.2857 36.0643 120
99800 123.916 -312156 222.35 163154 72.2793 72.2793 36.0612 120
99900 124.174 -312156 77.4211 163155 72.2794 72.2794 36.0612 120
100000 124.685 -312154 703.784 163190 72.2845 72.2845 36.0638 120
