# Time-averaged data for fix 2
# TimeStep c_thermo_temp c_thermo_pe c_thermo_press v_myVol v_myCella v_myCellb v_myCellc v_myCellgamma
0 1296.37 -309821 5634.57 164999 72.5507 72.5507 36.1966 120
50 1293.19 -309816 9924.48 164944 72.5426 72.5426 36.1925 120
100 1299.18 -309826 7839.55 164922 72.5394 72.5394 36.1909 120
150 1305.82 -309834 9034.68 164924 72.5398 72.5398 36.1911 120
200 1301.2 -309821 6668.6 164948 72.5433 72.5433 36.1929 120
250 1296.65 -309808 9295.47 164991 72.5496 72.5496 36.196 120
300 1302.26 -309822 6840.76 165054 72.5588 72.5588 36.2006 120
350 1301.72 -309828 5875.21 165132 72.5702 72.5702 36.2063 120
400 1293.71 -309823 5590.82 165222 72.5834 72.5834 36.2129 120
450 1298.25 -309842 6253.28 165322 72.598 72.598 36.2202 120
500 1305.02 -309865 4066.81 165430 72.6139 72.6139 36.2281 120
550 1289.99 -309839 4178.89 165541 72.6301 72.6301 36.2362 120
600 1292.56 -309846 4876.63 165653 72.6464 72.6464 36.2443 120
650 1290.27 -309840 1989.81 165766 72.663 72.663 36.2526 120
700 1299.68 -309849 2023.41 165877 72.6792 72.6792 36.2607 120
750 1300.08 -309840 1298.15 165983 72.6946 72.6946 36.2684 120
800 1299.21 -309828 850.726 166082 72.7091 72.7091 36.2756 120
850 1303.95 -309828 -616.558 166174 72.7225 72.7225 36.2823 120
900 1312.43 -309844 740.766 166256 72.7345 72.7345 36.2883 120
950 1294.72 -309816 -968.792 166332 72.7455 72.7455 36.2937 120
1000 1289.83 -309818 -2771.58 166398 72.7552 72.7552 36.2986 120
1050 1305.64 -309861 -1095.66 166454 72.7634 72.7634 36.3027 120
1100 1283.62 -309831 -1593.16 166501 72.7701 72.7701 36.306 120
1150 1290.92 -309853 -17.501 166538 72.7755 72.7755 36.3087 120
1200 1292 -309859 -2198.4 166568 72.78 72.78 36.311 120
1250 1299.25 -309874 888.214 166592 72.7834 72.7834 36.3127 120
1300 1291.94 -309854 -1634.9 166612 72.7864 72.7864 36.3141 120
1350 1294.47 -309839 686.942 166628 72.7887 72.7887 36.3153 120
1400 1307.94 -309848 -1281.36 166643 72.7908 72.7908 36.3164 120
1450 1316 -309853 1972.38 166654 72.7925 72.7925 36.3172 120
1500 1299.42 -309819 -823.894 166663 72.7938 72.7938 36.3178 120
1550 1310.77 -309849 -1659.17 166666 72.7942 72.7942 36.318 120
1600 1304.37 -309851 -1650.89 166663 72.7939 72.7939 36.3179 120
1650 1309.09 -309879 -1222.26 166657 72.793 72.793 36.3174 120
1700 1301.98 -309880 -245.278 166648 72.7916 72.7916 36.3168 120
1750 1294.43 -309869 -25.0492 166638 72.7901 72.7901 36.316 120
1800 1288.95 -309856 -820.118 166626 72.7883 72.7883 36.3151 120
1850 1298.72 -309871 1567.82 166610 72.7861 72.7861 36.314 120
1900 1310.02 -309886 1631.43 166597 72.7842 72.7842 36.3131 120
1950 1300.6 -309863 2939.81 166591 72.7833 72.7833 36.3126 120
2000 1296.88 -309854 -3089.03 166592 72.7834 72.7834 36.3127 120
2050 1305.26 -309866 1460.69 166590 72.7832 72.7832 36.3125 120
2100 1306.81 -309863 -1191.18 166589 72.783 72.783 36.3125 120
2150 1314.65 -309879 1700.14 166587 72.7827 72.7827 36.3123 120
2200 1306.04 -309873 -1318.04 166589 72.783 72.783 36.3125 120
2250 1304.58 -309886 1160.26 166590 72.7832 72.7832 36.3126 120
2300 1304.72 -309901 743.847 166594 72.7838 72.7838 36.3128 120
2350 1296.38 -309898 -333.327 166600 72.7847 72.7847 36.3133 120
2400 1290.69 -309893 1039.23 166607 72.7856 72.7856 36.3138 120
2450 1294.69 -309900 728.09 166615 72.7868 72.7868 36.3143 120
2500 1299.31 -309901 2017.38 166625 72.7883 72.7883 36.3151 120
2550 1305.51 -309894 1017.8 166638 72.7902 72.7902 36.316 120
2600 1306.34 -309876 -1760.58 166653 72.7924 72.7924 36.3171 120
2650 1310.16 -309874 585.207 166669 72.7947 72.7947 36.3183 120
2700 1309.25 -309871 857.799 166685 72.797 72.797 36.3195 120
2750 1303.45 -309865 910.622 166702 72.7995 72.7995 36.3207 120
2800 1302.19 -309869 -143.545 166720 72.8021 72.8021 36.322 120
2850 1306.66 -309886 530.437 166736 72.8044 72.8044 36.3231 120
2900 1300.18 -309881 1991.56 166754 72.807 72.807 36.3244 120
2950 1296.97 -309880 -1992.07 166773 72.8098 72.8098 36.3258 120
3000 1294.17 -309880 701.047 166790 72.8122 72.8122 36.327 120
3050 1308.55 -309910 413.397 166807 72.8147 72.8147 36.3283 120
3100 1310.5 -309921 1029.23 166823 72.8171 72.8171 36.3295 120
3150 1299.75 -309911 -308.236 166840 72.8195 72.8195 36.3307 120
3200 1291.47 -309915 -378.273 166855 72.8218 72.8218 36.3318 120
3250 1288.71 -309929 -507.199 166869 72.8238 72.8238 36.3328 120
3300 1281.8 -309924 478.106 166879 72.8252 72.8252 36.3335 120
3350 1283.41 -309920 -731.014 166885 72.8261 72.8261 36.334 120
3400 1291.66 -309914 -2147.2 166885 72.8261 72.8261 36.334 120
3450 1295.44 -309901 -1058.69 166879 72.8252 72.8252 36.3335 120
3500 1298.95 -309899 -1185.01 166868 72.8236 72.8236 36.3327 120
3550 1297.18 -309889 105.343 166856 72.8219 72.8219 36.3318 120
3600 1300.67 -309889 245.294 166843 72.82 72.8201 36.3309 120
3650 1303.39 -309886 664.36 166831 72.8183 72.8183 36.3301 120
3700 1305.56 -309887 616.343 166822 72.817 72.817 36.3294 120
3750 1314.67 -309906 468.104 166816 72.816 72.816 36.3289 120
3800 1300.66 -309892 3075.13 166812 72.8155 72.8155 36.3286 120
3850 1309.86 -309931 -762.577 166812 72.8155 72.8155 36.3287 120
3900 1292.71 -309916 705.905 166814 72.8158 72.8158 36.3288 120
3950 1286.05 -309909 -1142.85 166818 72.8164 72.8164 36.3291 120
4000 1298.3 -309932 559.315 166822 72.817 72.817 36.3294 120
4050 1290.99 -309913 170.149 166829 72.8179 72.8179 36.3299 120
4100 1304.46 -309931 -339.425 166836 72.819 72.819 36.3304 120
4150 1294.23 -309904 530.232 166842 72.8199 72.8199 36.3309 120
4200 1295.19 -309898 810.746 166847 72.8206 72.8206 36.3312 120
4250 1305.34 -309911 2794.14 166852 72.8213 72.8213 36.3316 120
4300 1294.88 -309891 589.946 166862 72.8228 72.8228 36.3323 120
4350 1321.67 -309942 1005.69 166876 72.8248 72.8248 36.3333 120
4400 1294.23 -309894 130.058 166891 72.827 72.827 36.3344 120
4450 1302.57 -309913 854.357 166906 72.8292 72.8292 36.3355 120
4500 1299.57 -309912 -5.74837 166922 72.8314 72.8314 36.3366 120
4550 1295.16 -309911 -764.796 166935 72.8334 72.8334 36.3376 120
4600 1288.71 -309907 576.11 166947 72.8351 72.8351 36.3384 120
4650 1298.18 -309935 1005.76 166959 72.8369 72.8369 36.3393 120
4700 1297.04 -309941 -272.207 166974 72.839 72.839 36.3404 120
4750 1296.59 -309939 51.835 166987 72.8409 72.8409 36.3413 120
4800 1293.61 -309922 -743.528 166999 72.8427 72.8427 36.3422 120
4850 1300.25 -309908 403.835 167010 72.8442 72.8442 36.343 120
4900 1308.28 -309906 -317.608 167019 72.8455 72.8455 36.3437 120
4950 1311.74 -309908 -876.883 167026 72.8466 72.8466 36.3442 120
5000 1313.44 -309917 201.127 167034 72.8478 72.8478 36.3448 120
5050 1300.65 -309903 -2081.29 167044 72.8491 72.8491 36.3455 120
5100 1309.24 -309933 281.185 167050 72.8501 72.8501 36.3459 120
5150 1308.61 -309945 -67.4036 167058 72.8512 72.8512 36.3465 120
5200 1291.46 -309923 -622.167 167065 72.8522 72.8522 36.347 120
5250 1307.53 -309957 727.769 167070 72.853 72.853 36.3474 120
5300 1289.28 -309921 -221.477 167077 72.854 72.854 36.3479 120
5350 1298.99 -309935 514.49 167084 72.855 72.855 36.3484 120
5400 1296.83 -309929 -745.673 167091 72.8561 72.8561 36.3489 120
5450 1303.3 -309938 489.595 167099 72.8572 72.8572 36.3495 120
5500 1304.53 -309937 193.092 167109 72.8586 72.8586 36.3502 120
5550 1297.07 -309920 241.313 167119 72.8601 72.8601 36.3509 120
5600 1293.36 -309907 -336.263 167129 72.8615 72.8616 36.3516 120
5650 1302.31 -309917 -28.5622 167136 72.8626 72.8626 36.3522 120
5700 1308.38 -309912 677.667 167143 72.8637 72.8637 36.3527 120
5750 1317.26 -309912 -2148.89 167151 72.8648 72.8648 36.3533 120
5800 1303.97 -309878 -1216.24 167155 72.8654 72.8654 36.3535 120
5850 1317.08 -309902 -950.191 167154 72.8652 72.8652 36.3535 120
5900 1311.97 -309908 226.651 167148 72.8643 72.8643 36.353 120
5950 1302.36 -309922 -630.881 167142 72.8634 72.8634 36.3526 120
6000 1302.59 -309938 -1007.58 167135 72.8625 72.8625 36.3521 120
6050 1299.04 -309936 -1070.61 167128 72.8614 72.8614 36.3516 120
6100 1294.98 -309931 -1307.89 167118 72.86 72.86 36.3509 120
6150 1298.94 -309935 -28.5289 167106 72.8582 72.8582 36.35 120
6200 1307.18 -309947 -1746.26 167094 72.8564 72.8564 36.3491 120
6250 1305.74 -309937 337.161 167080 72.8544 72.8544 36.3481 120
6300 1300.91 -309920 568.258 167065 72.8523 72.8523 36.347 120
6350 1298.68 -309910 -283.402 167052 72.8504 72.8504 36.3461 120
6400 1301.97 -309912 1150 167038 72.8484 72.8484 36.3451 120
6450 1301.67 -309915 466.004 167028 72.8469 72.8469 36.3443 120
6500 1309.58 -309939 1116.33 167020 72.8458 72.8458 36.3438 120
6550 1297.36 -309935 1756.09 167016 72.8451 72.8451 36.3434 120
6600 1308.07 -309972 -54.1388 167014 72.8449 72.8449 36.3433 120
6650 1300.3 -309968 2143.35 167013 72.8447 72.8447 36.3433 120
6700 1295.6 -309962 1582.13 167014 72.8449 72.8449 36.3433 120
6750 1280.84 -309928 799.061 167017 72.8453 72.8453 36.3436 120
6800 1300.12 -309950 -738.822 167021 72.8459 72.8459 36.3438 120
6850 1307.75 -309947 35.4521 167026 72.8465 72.8465 36.3442 120
6900 1301.78 -309923 1372.32 167032 72.8475 72.8475 36.3446 120
6950 1302.45 -309922 2001.13 167042 72.8489 72.8489 36.3454 120
7000 1298.99 -309918 1737.4 167056 72.851 72.851 36.3464 120
7050 1309.59 -309944 -703.053 167073 72.8534 72.8534 36.3476 120
7100 1303.63 -309937 -110.55 167087 72.8555 72.8555 36.3486 120
7150 1307.09 -309951 -2365.73 167100 72.8574 72.8574 36.3496 120
7200 1299.48 -309944 1136.12 167110 72.8588 72.8588 36.3503 120
7250 1299.26 -309952 -1334.66 167120 72.8603 72.8603 36.351 120
7300 1286.09 -309939 -1560.81 167127 72.8613 72.8613 36.3515 120
7350 1293.12 -309961 -884.202 167131 72.8619 72.8619 36.3518 120
7400 1278.28 -309943 -536.744 167132 72.862 72.862 36.3519 120
7450 1285.48 -309961 -2119.35 167130 72.8618 72.8618 36.3518 120
7500 1290.47 -309963 -1259.98 167124 72.8609 72.8609 36.3513 120
7550 1285.73 -309932 -2977.54 167115 72.8595 72.8595 36.3506 120
7600 1298.39 -309936 1004.66 167100 72.8573 72.8573 36.3495 120
7650 1312.84 -309953 -100.536 167088 72.8557 72.8557 36.3487 120
7700 1317.46 -309957 -28.9513 167080 72.8544 72.8544 36.3481 120
7750 1305.36 -309934 2177.83 167071 72.8531 72.8531 36.3474 120
7800 1300.27 -309929 1252.17 167064 72.8521 72.8521 36.3469 120
7850 1287.6 -309918 23.5584 167059 72.8514 72.8514 36.3466 120
7900 1293.04 -309948 -514.046 167055 72.8509 72.8509 36.3463 120
7950 1281.6 -309943 441.844 167052 72.8503 72.8503 36.346 120
8000 1283.18 -309951 -1077.76 167049 72.8499 72.8499 36.3458 120
8050 1295.79 -309969 -156.126 167046 72.8495 72.8495 36.3456 120
8100 1288.72 -309944 -352.113 167042 72.8489 72.8489 36.3453 120
8150 1295.98 -309950 855.052 167038 72.8483 72.8483 36.345 120
8200 1297.7 -309948 715.843 167036 72.848 72.848 36.3449 120
8250 1302.64 -309950 2096.92 167036 72.848 72.848 36.3449 120
8300 1295.72 -309930 1179.15 167039 72.8485 72.8485 36.3452 120
8350 1317.05 -309965 1048.93 167046 72.8495 72.8495 36.3456 120
8400 1296 -309923 309.988 167055 72.8508 72.8508 36.3463 120
8450 1305.75 -309937 -704.463 167065 72.8522 72.8522 36.347 120
8500 1309.34 -309942 -995.719 167074 72.8536 72.8536 36.3477 120
8550 1312.05 -309951 -886.374 167083 72.8549 72.8549 36.3483 120
8600 1288.24 -309917 1374.09 167090 72.8558 72.8558 36.3488 120
8650 1306.21 -309970 678.324 167100 72.8574 72.8574 36.3496 120
8700 1291.11 -309955 1203.11 167116 72.8596 72.8596 36.3507 120
8750 1287.29 -309954 -280.991 167133 72.8622 72.8622 36.3519 120
8800 1294.59 -309966 415.593 167151 72.8647 72.8647 36.3532 120
8850 1289.74 -309946 -79.2792 167169 72.8673 72.8673 36.3545 120
8900 1305.61 -309957 836.623 167184 72.8696 72.8696 36.3556 120
8950 1291.89 -309910 -112.831 167199 72.8717 72.8717 36.3567 120
9000 1309.05 -309933 -956.137 167213 72.8738 72.8738 36.3578 120
9050 1296.38 -309911 -1219.41 167224 72.8754 72.8754 36.3586 120
9100 1298.96 -309921 -1267.21 167230 72.8763 72.8763 36.359 120
9150 1300.59 -309930 -633.473 167233 72.8767 72.8767 36.3592 120
9200 1299.41 -309938 92.4362 167234 72.8768 72.8768 36.3593 120
9250 1299.03 -309949 331.792 167233 72.8766 72.8766 36.3592 120
9300 1295.92 -309955 -1833.87 167231 72.8764 72.8764 36.3591 120
9350 1285.41 -309944 127.603 167224 72.8754 72.8754 36.3586 120
9400 1286.87 -309951 -947.521 167215 72.874 72.874 36.3579 120
9450 1296.21 -309963 164.512 167204 72.8725 72.8725 36.3571 120
9500 1307.48 -309960 -518.152 167195 72.8711 72.8711 36.3564 120
9550 1301.13 -309923 -451.59 167185 72.8697 72.8697 36.3557 120
9600 1301.4 -309913 1035.09 167174 72.8682 72.8682 36.355 120
9650 1314.88 -309936 494.046 167167 72.8671 72.8671 36.3544 120
9700 1309.51 -309932 973.53 167162 72.8664 72.8664 36.3541 120
9750 1308.1 -309951 601.524 167159 72.8659 72.8659 36.3538 120
9800 1295.31 -309943 -231.676 167156 72.8656 72.8656 36.3536 120
9850 1289.53 -309943 713.554 167155 72.8653 72.8653 36.3535 120
9900 1300.03 -309964 653.539 167157 72.8656 72.8656 36.3537 120
9950 1305.06 -309973 936.638 167161 72.8662 72.8662 36.354 120
10000 1293.9 -309950 -809.844 167167 72.8671 72.8671 36.3544 120
10050 1308.54 -309971 -96.206 167173 72.8679 72.8679 36.3548 120
10100 1311.95 -309959 -262.668 167178 72.8687 72.8687 36.3552 120
10150 1315.27 -309940 -857.435 167182 72.8693 72.8693 36.3555 120
10200 1320.19 -309938 408.396 167186 72.8699 72.8699 36.3558 120
10250 1302.79 -309906 290.869 167189 72.8703 72.8703 36.356 120
10300 1307.52 -309925 -953.033 167191 72.8705 72.8705 36.3561 120
10350 1311.74 -309945 -2258.73 167191 72.8705 72.8705 36.3561 120
10400 1297.56 -309929 -1400.38 167187 72.87 72.87 36.3559 120
10450 1301.74 -309947 683.999 167182 72.8693 72.8693 36.3555 120
10500 1294.77 -309941 847.668 167178 72.8687 72.8687 36.3552 120
10550 1297.13 -309950 -465.414 167174 72.8681 72.8681 36.3549 120
10600 1290.61 -309941 286.292 167171 72.8677 72.8677 36.3547 120
10650 1288.68 -309938 542.982 167172 72.8678 72.8678 36.3547 120
10700 1290.02 -309938 -1682.84 167174 72.8681 72.8681 36.3549 120
10750 1307.09 -309959 -301.532 167176 72.8683 72.8683 36.355 120
10800 1295.82 -309913 -179.632 167180 72.869 72.869 36.3553 120
10850 1317.36 -309935 1169.32 167185 72.8697 72.8697 36.3557 120
10900 1311.84 -309918 2.8922 167192 72.8707 72.8707 36.3562 120
10950 1323.01 -309945 -544.65 167198 72.8716 72.8716 36.3567 120
11000 1304.05 -309924 885.873 167202 72.8722 72.8722 36.357 120
11050 1296.53 -309929 -2040.75 167205 72.8725 72.8725 36.3571 120
11100 1300.05 -309948 1181.88 167202 72.8722 72.8722 36.357 120
11150 1303.86 -309958 590.224 167202 72.8721 72.8721 36.3569 120
11200 1293.53 -309942 1816.87 167202 72.8722 72.8722 36.3569 120
11250 1294.57 -309945 -604.531 167204 72.8725 72.8725 36.3571 120
11300 1304.83 -309961 -184.257 167205 72.8727 72.8727 36.3572 120
11350 1303.3 -309953 -1265.74 167204 72.8725 72.8725 36.3571 120
11400 1301.42 -309936 20.4971 167201 72.872 72.872 36.3568 120
11450 1321.09 -309952 1419.57 167199 72.8717 72.8717 36.3567 120
11500 1322.23 -309937 1024.52 167201 72.872 72.872 36.3568 120
11550 1311.45 -309914 3310.36 167205 72.8726 72.8726 36.3572 120
11600 1315.48 -309934 -1063.75 167215 72.874 72.874 36.3579 120
11650 1304.8 -309936 -99.838 167223 72.8752 72.8752 36.3585 120
11700 1308.48 -309955 -1779.36 167228 72.876 72.876 36.3588 120
11750 1308.03 -309962 -877.169 167228 72.876 72.876 36.3588 120
11800 1308.77 -309969 -203.377 167226 72.8757 72.8757 36.3587 120
11850 1289.34 -309934 696.323 167224 72.8754 72.8754 36.3585 120
11900 1311.28 -309975 557.431 167224 72.8753 72.8753 36.3585 120
11950 1298.46 -309953 -68.8641 167223 72.8752 72.8752 36.3585 120
12000 1294.31 -309952 2578.96 167222 72.8751 72.8751 36.3584 120
12050 1296.66 -309965 -830.977 167225 72.8754 72.8754 36.3586 120
12100 1296.22 -309976 1567.19 167227 72.8758 72.8758 36.3588 120
12150 1289.83 -309974 1115.13 167233 72.8767 72.8767 36.3592 120
12200 1284.98 -309970 137.129 167241 72.8778 72.8778 36.3598 120
12250 1291.54 -309976 -295.138 167248 72.8789 72.8789 36.3603 120
12300 1293.64 -309958 -141.416 167257 72.8801 72.8801 36.3609 120
12350 1304.79 -309956 593.03 167266 72.8814 72.8814 36.3616 120
12400 1307.03 -309953 1624.35 167276 72.8829 72.8829 36.3623 120
12450 1294.86 -309925 411.529 167288 72.8847 72.8847 36.3632 120
12500 1319.18 -309975 319.577 167301 72.8865 72.8865 36.3641 120
12550 1293.7 -309934 1826.53 167314 72.8884 72.8884 36.3651 120
12600 1297.67 -309954 1304.38 167329 72.8906 72.8906 36.3662 120
12650 1292.17 -309958 -212.204 167345 72.893 72.893 36.3673 120
12700 1303.14 -309994 -1870.02 167358 72.8949 72.8949 36.3683 120
12750 1287.93 -309976 1183.34 167367 72.8962 72.8962 36.3689 120
12800 1288.2 -309987 -905.455 167378 72.8977 72.8977 36.3697 120
12850 1287.76 -309989 -1391.86 167386 72.8989 72.8989 36.3703 120
12900 1285.58 -309975 -288.251 167389 72.8993 72.8993 36.3705 120
12950 1306.97 -309993 -1696.61 167388 72.8992 72.8992 36.3704 120
13000 1296.27 -309952 -243.995 167383 72.8985 72.8985 36.3701 120
13050 1293.11 -309933 -903.965 167377 72.8976 72.8976 36.3696 120
13100 1297.65 -309931 548.54 167369 72.8965 72.8965 36.3691 120
13150 1308.92 -309946 -1986.63 167361 72.8953 72.8953 36.3685 120
13200 1316.53 -309960 242.212 167351 72.8938 72.8938 36.3678 120
13250 1301.71 -309940 -4.29264 167341 72.8924 72.8924 36.367 120
13300 1306.22 -309964 -667.231 167332 72.891 72.891 36.3663 120
13350 1299.2 -309971 563.68 167321 72.8894 72.8894 36.3655 120
13400 1288.23 -309963 -1114.17 167310 72.8878 72.8878 36.3647 120
13450 1282.04 -309955 1632.29 167297 72.886 72.886 36.3639 120
13500 1299.36 -309981 134.989 167288 72.8847 72.8847 36.3632 120
13550 1296.85 -309970 1580.82 167279 72.8834 72.8834 36.3626 120
13600 1291.21 -309955 759.998 167274 72.8826 72.8826 36.3622 120
13650 1300.35 -309966 347.661 167270 72.882 72.882 36.3618 120
13700 1304.81 -309970 -509.655 167268 72.8818 72.8818 36.3617 120
13750 1301.52 -309961 1622.78 167268 72.8817 72.8817 36.3617 120
13800 1294.29 -309944 -551.704 167271 72.8822 72.8822 36.3619 120
13850 1291.72 -309936 3307.56 167275 72.8828 72.8828 36.3622 120
13900 1304.7 -309958 2461.8 167287 72.8845 72.8845 36.3631 120
13950 1308.69 -309967 -180.692 167304 72.8869 72.8869 36.3643 120
14000 1296.68 -309954 1826.62 167322 72.8897 72.8897 36.3657 120
14050 1302.82 -309980 889.479 167345 72.8929 72.8929 36.3673 120
14100 1294.73 -309978 419.831 167368 72.8963 72.8963 36.369 120
14150 1286.84 -309970 -1947.73 167390 72.8994 72.8994 36.3705 120
14200 1291.36 -309976 -1418.76 167406 72.9018 72.9018 36.3717 120
14250 1294.11 -309968 88.7581 167419 72.9037 72.9037 36.3727 120
14300 1289.45 -309942 -1112.12 167428 72.905 72.905 36.3733 120
14350 1311.33 -309965 -1088.8 167435 72.906 72.906 36.3738 120
14400 1309.5 -309955 -1713.93 167440 72.9068 72.9068 36.3742 120
14450 1304.07 -309945 -1189.37 167441 72.9069 72.9069 36.3742 120
14500 1309.84 -309961 -1710.16 167436 72.9061 72.9061 36.3739 120
14550 1303.8 -309958 267.601 167429 72.9051 72.9051 36.3734 120
14600 1306.3 -309973 -901.43 167422 72.9042 72.9042 36.3729 120
14650 1301.88 -309972 548.976 167413 72.9028 72.9028 36.3722 120
14700 1307.1 -309985 12.3187 167402 72.9012 72.9012 36.3714 120
14750 1296.92 -309964 -741.35 167392 72.8997 72.8997 36.3707 120
14800 1295.83 -309960 524.219 167380 72.898 72.898 36.3699 120
14850 1298.51 -309964 -1108.54 167370 72.8965 72.8965 36.3691 120
14900 1294.76 -309956 1001.31 167361 72.8953 72.8953 36.3685 120
14950 1308.13 -309978 952.918 167356 72.8946 72.8946 36.3681 120
15000 1308.71 -309977 2653.5 167354 72.8943 72.8943 36.368 120
15050 1291.82 -309945 214.283 167356 72.8945 72.8945 36.3681 120
15100 1294.72 -309951 324.435 167359 72.895 72.895 36.3683 120
15150 1299.2 -309962 2985.47 167364 72.8957 72.8957 36.3687 120
15200 1296.97 -309964 1521.5 167373 72.897 72.897 36.3693 120
15250 1299.16 -309980 -570.819 167383 72.8985 72.8985 36.3701 120
15300 1288.29 -309969 -1375.75 167391 72.8996 72.8996 36.3706 120
15350 1290.82 -309977 -1124.57 167396 72.9004 72.9004 36.371 120
15400 1293.12 -309977 -1073.22 167400 72.9009 72.9009 36.3713 120
15450 1296.5 -309972 -251.969 167403 72.9013 72.9013 36.3715 120
15500 1310.13 -309978 -148.245 167403 72.9014 72.9014 36.3715 120
15550 1307.42 -309958 -1075.84 167403 72.9013 72.9013 36.3715 120
15600 1297.74 -309933 -1114.09 167402 72.9012 72.9012 36.3714 120
15650 1298.03 -309934 -704.318 167399 72.9007 72.9007 36.3712 120
15700 1294.13 -309932 -923.333 167393 72.8999 72.8999 36.3708 120
15750 1290.57 -309938 497.295 167384 72.8986 72.8986 36.3702 120
15800 1302.45 -309975 1524.43 167375 72.8973 72.8973 36.3695 120
15850 1300.26 -309981 -243.472 167368 72.8963 72.8963 36.369 120
15900 1293.52 -309971 1650.91 167360 72.8951 72.8951 36.3684 120
15950 1289.95 -309963 2535.29 167354 72.8943 72.8943 36.368 120
16000 1303.09 -309985 -180.403 167352 72.8939 72.8939 36.3678 120
16050 1299 -309973 -1176.82 167345 72.893 72.893 36.3673 120
16100 1298.47 -309964 2178.54 167336 72.8917 72.8917 36.3667 120
16150 1293.42 -309945 -5.38231 167330 72.8907 72.8908 36.3662 120
16200 1310.1 -309968 -147.166 167323 72.8897 72.8897 36.3657 120
16250 1311.48 -309964 -769.75 167315 72.8887 72.8887 36.3652 120
16300 1305.54 -309951 1320.04 167309 72.8877 72.8877 36.3647 120
16350 1305.01 -309952 1738.29 167306 72.8872 72.8872 36.3645 120
16400 1307.34 -309968 338.115 167306 72.8873 72.8873 36.3645 120
16450 1303.43 -309981 1893.41 167309 72.8877 72.8877 36.3647 120
16500 1306.69 -310004 1824.83 167317 72.8888 72.8888 36.3652 120
16550 1290.48 -309982 1983.54 167330 72.8908 72.8908 36.3662 120
16600 1288.38 -309976 -640.884 167348 72.8934 72.8934 36.3675 120
16650 1292.36 -309976 763.239 167365 72.8959 72.8959 36.3688 120
16700 1291.62 -309957 361.971 167382 72.8983 72.8983 36.37 120
16750 1304.3 -309961 710.738 167400 72.9009 72.9009 36.3713 120
16800 1303.64 -309950 297.225 167418 72.9036 72.9036 36.3726 120
16850 1319.61 -309979 -75.607 167437 72.9063 72.9063 36.374 120
16900 1304.93 -309954 -456.64 167454 72.9088 72.9088 36.3752 120
16950 1297.07 -309944 -2894.31 167469 72.9109 72.9109 36.3763 120
17000 1300.16 -309956 -662.925 167478 72.9122 72.9122 36.3769 120
17050 1305.12 -309973 -1493.21 167484 72.9131 72.9131 36.3774 120
17100 1304.68 -309981 -650.317 167486 72.9134 72.9134 36.3775 120
17150 1288.63 -309962 -1999.27 167485 72.9133 72.9133 36.3775 120
17200 1291.35 -309984 -1106.67 167481 72.9126 72.9126 36.3771 120
17250 1280.56 -309978 -30.8977 167472 72.9114 72.9114 36.3765 120
17300 1297 -310015 -565.032 167460 72.9096 72.9096 36.3756 120
17350 1283.84 -309982 -508.022 167444 72.9073 72.9073 36.3745 120
17400 1282.91 -309954 770.436 167427 72.9048 72.9048 36.3732 120
17450 1296.35 -309957 -545.556 167412 72.9026 72.9026 36.3721 120
17500 1299.89 -309952 1492.18 167397 72.9005 72.9005 36.3711 120
17550 1299.53 -309949 1521.87 167384 72.8987 72.8987 36.3702 120
17600 1307.58 -309962 -1696.6 167374 72.8972 72.8972 36.3694 120
17650 1312.77 -309974 458.612 167363 72.8955 72.8955 36.3686 120
17700 1312.62 -309981 2906.36 167353 72.894 72.894 36.3679 120
17750 1289.94 -309950 311.199 167348 72.8933 72.8933 36.3675 120
17800 1300.09 -309982 -559.941 167345 72.8929 72.8929 36.3673 120
17850 1285.6 -309963 1182.2 167344 72.8927 72.8927 36.3672 120
17900 1296.24 -309984 1593.78 167347 72.8932 72.8932 36.3674 120
17950 1286.19 -309956 669.923 167355 72.8944 72.8944 36.368 120
18000 1297.89 -309953 434.433 167366 72.896 72.896 36.3688 120
18050 1302.27 -309941 1430.24 167379 72.8979 72.8979 36.3698 120
18100 1313.3 -309954 1235.22 167398 72.9007 72.9007 36.3712 120
18150 1314.45 -309960 393.271 167423 72.9042 72.9042 36.3729 120
18200 1308.37 -309957 -1289.1 167447 72.9078 72.9078 36.3747 120
18250 1289.91 -309933 -2030.52 167471 72.9113 72.9113 36.3765 120
18300 1308.14 -309983 -1336.35 167493 72.9144 72.9144 36.378 120
18350 1289.98 -309961 -367.374 167511 72.917 72.917 36.3793 120
18400 1301.32 -309990 -639.264 167527 72.9194 72.9194 36.3805 120
18450 1305.41 -309997 -944.372 167541 72.9214 72.9214 36.3815 120
18500 1294.61 -309973 14.998 167551 72.9229 72.9229 36.3822 120
18550 1288.97 -309958 -1815.24 167557 72.9237 72.9237 36.3827 120
18600 1296.57 -309967 -2245.63 167557 72.9237 72.9237 36.3827 120
18650 1293.46 -309953 -1163.93 167551 72.9228 72.9228 36.3822 120
18700 1297.15 -309954 -1224.83 167539 72.9211 72.9211 36.3814 120
18750 1309.88 -309971 -249.195 167526 72.9192 72.9192 36.3804 120
18800 1309.67 -309964 -362.497 167511 72.917 72.917 36.3793 120
18850 1307.26 -309952 771.07 167496 72.9148 72.9148 36.3782 120
18900 1308.14 -309945 953.782 167483 72.913 72.913 36.3773 120
18950 1301.27 -309926 1191.93 167473 72.9115 72.9115 36.3766 120
19000 1311.39 -309946 369.309 167465 72.9104 72.9104 36.376 120
19050 1309.5 -309955 -1446.07 167456 72.9091 72.9091 36.3754 120
19100 1301.06 -309960 1263.83 167446 72.9076 72.9076 36.3746 120
19150 1299.26 -309972 -366.261 167435 72.9061 72.9061 36.3739 120
19200 1298.68 -309981 -485.675 167424 72.9044 72.9044 36.373 120
19250 1293.02 -309973 -915.038 167412 72.9026 72.9026 36.3721 120
19300 1298.67 -309980 1494.46 167399 72.9008 72.9008 36.3712 120
19350 1293.63 -309960 -282.496 167388 72.8991 72.8991 36.3704 120
19400 1305.09 -309964 414.538 167378 72.8977 72.8977 36.3697 120
19450 1308.19 -309950 -352.531 167368 72.8963 72.8963 36.369 120
19500 1320.66 -309961 1222.59 167359 72.8949 72.8949 36.3683 120
19550 1315.77 -309953 1473.81 167351 72.8938 72.8938 36.3678 120
19600 1306.31 -309942 -457.463 167347 72.8932 72.8932 36.3674 120
19650 1303.62 -309944 1088.52 167342 72.8925 72.8925 36.3671 120
19700 1306.7 -309960 644.252 167339 72.892 72.892 36.3668 120
19750 1300.95 -309959 434.812 167336 72.8916 72.8916 36.3666 120
19800 1290.84 -309951 -1026.06 167334 72.8913 72.8913 36.3665 120
19850 1294.97 -309966 456.22 167330 72.8908 72.8908 36.3662 120
19900 1297.89 -309979 -105.807 167328 72.8905 72.8905 36.3661 120
19950 1289.82 -309970 1016.34 167328 72.8904 72.8904 36.3661 120
20000 1302.29 -309998 824.192 167331 72.8909 72.8909 36.3663 120
20050 1287.07 -309969 470.02 167338 72.892 72.892 36.3668 120
20100 1289.14 -309965 1661.55 167349 72.8935 72.8935 36.3676 120
20150 1308.3 -309983 1373.17 167364 72.8957 72.8957 36.3687 120
20200 1293.15 -309937 2250.8 167383 72.8985 72.8985 36.3701 120
20250 1307.03 -309951 487.206 167408 72.9021 72.9021 36.3719 120
20300 1300.33 -309933 -767.821 167436 72.9062 72.9062 36.3739 120
20350 1311.33 -309955 -140.819 167465 72.9103 72.9103 36.376 120
20400 1305.12 -309956 825.284 167494 72.9146 72.9146 36.3781 120
20450 1305.78 -309977 108.831 167525 72.9191 72.9191 36.3804 120
20500 1288.48 -309963 -2730.55 167556 72.9235 72.9235 36.3826 120
20550 1289.35 -309971 -242.441 167581 72.9272 72.9272 36.3844 120
20600 1283.77 -309958 -2508.73 167606 72.9307 72.9307 36.3862 120
20650 1293.06 -309970 -1688.91 167626 72.9337 72.9337 36.3876 120
20700 1297.15 -309968 -1840.16 167642 72.9361 72.9361 36.3888 120
20750 1307.22 -309978 -982.436 167654 72.9378 72.9378 36.3897 120
20800 1299.65 -309955 -1307.75 167661 72.9389 72.9389 36.3902 120
20850 1294.29 -309937 -488.035 167666 72.9395 72.9395 36.3906 120
20900 1311.82 -309967 -147.036 167670 72.9401 72.9401 36.3908 120
20950 1299.63 -309942 -1527.3 167672 72.9404 72.9404 36.391 120
21000 1312.45 -309975 -1216.39 167670 72.94 72.94 36.3908 120
21050 1299.14 -309971 -759.232 167662 72.939 72.939 36.3903 120
21100 1290.07 -309972 -2616.26 167651 72.9374 72.9374 36.3895 120
21150 1289.1 -309979 -886.85 167634 72.9348 72.9348 36.3882 120
21200 1284 -309970 -1543.29 167612 72.9317 72.9317 36.3866 120
21250 1298.53 -309986 339.679 167586 72.9279 72.9279 36.3847 120
21300 1295.35 -309964 -2151.54 167559 72.924 72.924 36.3828 120
21350 1300.37 -309958 628.651 167529 72.9196 72.9196 36.3806 120
21400 1301.55 -309950 -647.081 167497 72.9151 72.9151 36.3783 120
21450 1303.15 -309951 1526.41 167464 72.9102 72.9102 36.3759 120
21500 1300.13 -309948 1900.96 167437 72.9062 72.9062 36.3739 120
21550 1301.87 -309959 -1089.82 167415 72.9031 72.9031 36.3724 120
21600 1290.99 -309948 2.16614 167394 72.9001 72.9001 36.3709 120
21650 1303.58 -309982 793.245 167374 72.8971 72.8971 36.3694 120
21700 1296.62 -309990 1211.09 167357 72.8947 72.8947 36.3682 120
21750 1281.79 -309993 946.37 167344 72.8929 72.8929 36.3673 120
21800 1276.99 -309995 3965.31 167338 72.8919 72.8919 36.3668 120
21850 1287.94 -310010 1847.86 167341 72.8923 72.8923 36.367 120
21900 1298.61 -310014 370.374 167348 72.8933 72.8933 36.3675 120
21950 1286.59 -309972 29.5891 167357 72.8947 72.8947 36.3682 120
22000 1295.6 -309975 1431.17 167370 72.8966 72.8966 36.3691 120
22050 1306.74 -309985 1038.32 167386 72.8989 72.8989 36.3703 120
22100 1300.33 -309966 1488.05 167405 72.9016 72.9016 36.3717 120
22150 1291.29 -309942 1705.68 167426 72.9047 72.9047 36.3732 120
22200 1305.88 -309964 1046.44 167449 72.908 72.908 36.3748 120
22250 1300.78 -309951 -1279.2 167472 72.9113 72.9113 36.3765 120
22300 1305.86 -309954 780.228 167493 72.9144 72.9144 36.378 120
22350 1316.91 -309973 -2204.7 167514 72.9174 72.9174 36.3795 120
22400 1313.06 -309967 987.929 167532 72.92 72.92 36.3808 120
22450 1305.78 -309962 -996.32 167550 72.9227 72.9227 36.3822 120
22500 1288.05 -309944 -507.875 167567 72.9252 72.9252 36.3834 120
22550 1300.64 -309982 -1283.86 167581 72.9272 72.9272 36.3844 120
22600 1294.59 -309979 -26.3455 167591 72.9287 72.9287 36.3851 120
22650 1291.5 -309975 -217.402 167599 72.9298 72.9298 36.3857 120
22700 1297.74 -309982 266.697 167604 72.9306 72.9306 36.3861 120
22750 1302.58 -309976 -750.207 167607 72.931 72.931 36.3863 120
22800 1304.9 -309953 -882.587 167609 72.9312 72.9312 36.3864 120
22850 1317.32 -309962 194.009 167610 72.9314 72.9314 36.3865 120
22900 1305.41 -309938 573.575 167610 72.9314 72.9314 36.3865 120
22950 1310.75 -309955 -1144.66 167612 72.9316 72.9316 36.3866 120
23000 1310.99 -309962 378.179 167611 72.9316 72.9316 36.3866 120
23050 1297.13 -309951 -876.372 167610 72.9314 72.9314 36.3865 120
23100 1285.32 -309939 -619.386 167607 72.9309 72.9309 36.3863 120
23150 1292.69 -309960 -2176.61 167603 72.9304 72.9304 36.386 120
23200 1297.74 -309972 1695.05 167597 72.9295 72.9295 36.3855 120
23250 1291.66 -309961 307.423 167592 72.9288 72.9288 36.3852 120
23300 1294.3 -309965 460.843 167585 72.9278 72.9278 36.3847 120
23350 1299.36 -309968 -997.817 167579 72.9269 72.9269 36.3843 120
23400 1302.6 -309970 -936.898 167573 72.926 72.926 36.3838 120
23450 1302.15 -309969 -664.284 167565 72.9248 72.9248 36.3832 120
23500 1305.24 -309973 -198.724 167555 72.9235 72.9235 36.3825 120
23550 1296.35 -309955 946.516 167544 72.9218 72.9218 36.3817 120
23600 1303.02 -309967 709.229 167530 72.9198 72.9198 36.3807 120
23650 1306.97 -309974 756.693 167515 72.9177 72.9177 36.3796 120
23700 1302.11 -309968 -1689.66 167501 72.9156 72.9156 36.3786 120
23750 1297.53 -309968 497.264 167483 72.913 72.913 36.3773 120
23800 1289.99 -309966 -636.052 167465 72.9104 72.9104 36.376 120
23850 1282.01 -309959 42.87 167446 72.9076 72.9076 36.3746 120
23900 1284.37 -309969 -631.224 167426 72.9048 72.9048 36.3732 120
23950 1291.39 -309978 -814.56 167404 72.9015 72.9015 36.3716 120
24000 1293.07 -309970 1023.12 167380 72.898 72.898 36.3698 120
24050 1308.47 -309983 1732.35 167358 72.8949 72.8949 36.3683 120
24100 1303.05 -309956 2189.51 167340 72.8922 72.8922 36.367 120
24150 1306.42 -309949 2157.99 167328 72.8905 72.8905 36.3661 120
24200 1311.52 -309956 2082.93 167323 72.8898 72.8898 36.3657 120
24250 1305.73 -309953 2505.63 167326 72.8901 72.8901 36.3659 120
24300 1290.29 -309934 2790.53 167336 72.8916 72.8916 36.3666 120
24350 1305.08 -309970 359.944 167353 72.894 72.894 36.3679 120
24400 1310.99 -309986 753.672 167371 72.8966 72.8966 36.3692 120
24450 1310.58 -309987 1584.62 167391 72.8997 72.8997 36.3707 120
24500 1294.77 -309959 2159.19 167416 72.9032 72.9032 36.3724 120
24550 1303.57 -309977 -26.328 167445 72.9074 72.9074 36.3745 120
24600 1295.48 -309962 -819.07 167474 72.9117 72.9117 36.3766 120
24650 1300.64 -309972 1251.82 167500 72.9155 72.9155 36.3785 120
24700 1299.74 -309964 1031.21 167528 72.9195 72.9195 36.3806 120
24750 1296.3 -309945 -418.745 167558 72.9239 72.9239 36.3827 120
24800 1311.33 -309958 296.31 167585 72.9278 72.9278 36.3847 120
24850 1300.9 -309926 -1374.74 167610 72.9315 72.9315 36.3865 120
24900 1317.42 -309953 -1497.72 167632 72.9346 72.9346 36.3881 120
24950 1305.01 -309938 -2098.66 167651 72.9373 72.9373 36.3894 120
25000 1308.67 -309963 -1815.87 167665 72.9393 72.9393 36.3905 120
25050 1304.11 -309978 -1916.91 167676 72.941 72.941 36.3913 120
25100 1288.23 -309961 -3349.86 167685 72.9422 72.9422 36.3919 120
25150 1304.47 -309991 -2239.92 167686 72.9424 72.9424 36.392 120
25200 1301.08 -309979 -1987.01 167682 72.9418 72.9418 36.3917 120
25250 1303.64 -309977 496.255 167673 72.9405 72.9405 36.391 120
25300 1290.52 -309944 -200.816 167661 72.9388 72.9388 36.3902 120
25350 1311.46 -309976 1239.16 167647 72.9368 72.9368 36.3892 120
25400 1303.99 -309953 -1652.55 167631 72.9345 72.9345 36.388 120
25450 1314.67 -309964 291.43 167609 72.9312 72.9312 36.3864 120
25500 1302.45 -309928 581.26 167586 72.9279 72.9279 36.3847 120
25550 1316.71 -309944 888.111 167564 72.9247 72.9247 36.3832 120
25600 1307.33 -309924 193.98 167544 72.9218 72.9218 36.3817 120
25650 1315.36 -309952 2078.87 167528 72.9195 72.9195 36.3806 120
25700 1319.81 -309987 851.798 167518 72.918 72.918 36.3798 120
25750 1306.62 -309980 1163.12 167508 72.9166 72.9166 36.3791 120
25800 1296.74 -309969 1071.86 167500 72.9154 72.9154 36.3785 120
25850 1310.74 -310000 637.791 167495 72.9148 72.9148 36.3782 120
25900 1291.6 -309965 -176.401 167495 72.9148 72.9148 36.3782 120
25950 1288.44 -309955 1164.79 167496 72.9148 72.9148 36.3782 120
26000 1289.74 -309949 1378.99 167497 72.915 72.915 36.3783 120
26050 1306.43 -309970 761.35 167503 72.9158 72.9158 36.3787 120
26100 1300.78 -309944 612.927 167510 72.9169 72.9169 36.3792 120
26150 1313.28 -309953 -147.496 167518 72.9181 72.9181 36.3799 120
26200 1319.09 -309956 -1416.89 167527 72.9193 72.9193 36.3805 120
26250 1316.25 -309951 291.626 167532 72.9201 72.9201 36.3809 120
26300 1300.78 -309940 789.226 167536 72.9207 72.9207 36.3811 120
26350 1287.53 -309944 -1246.8 167540 72.9213 72.9213 36.3815 120
26400 1304.64 -309986 -653.698 167543 72.9217 72.9217 36.3817 120
26450 1298.23 -309979 -528.87 167545 72.9219 72.9219 36.3818 120
26500 1293.43 -309970 668.996 167544 72.9218 72.9218 36.3817 120
26550 1299.56 -309977 412.845 167544 72.9219 72.9219 36.3817 120
26600 1294.81 -309959 34.2847 167545 72.922 72.922 36.3818 120
26650 1305.64 -309963 -198.681 167544 72.9218 72.9218 36.3817 120
26700 1299.2 -309935 166.105 167543 72.9217 72.9217 36.3817 120
26750 1313.35 -309952 -224.953 167546 72.9222 72.9222 36.3819 120
26800 1302.73 -309929 288.371 167548 72.9224 72.9224 36.382 120
26850 1309.6 -309956 709.099 167550 72.9226 72.9226 36.3821 120
26900 1298.24 -309969 1594.6 167555 72.9235 72.9235 36.3825 120
26950 1288.58 -309967 1960.57 167565 72.9249 72.9249 36.3833 120
27000 1285.33 -309964 -855.155 167577 72.9266 72.9266 36.3841 120
27050 1296.74 -309981 50.4974 167586 72.9279 72.9279 36.3847 120
27100 1302.52 -309981 318.497 167593 72.929 72.929 36.3853 120
27150 1321.38 -310002 -2506.8 167600 72.93 72.93 36.3858 120
27200 1315.99 -309979 -1139.57 167603 72.9304 72.9304 36.386 120
27250 1313.4 -309963 -180.925 167602 72.9303 72.9303 36.3859 120
27300 1307.56 -309949 303.14 167600 72.93 72.93 36.3858 120
27350 1303.83 -309946 -2095.96 167600 72.9299 72.9299 36.3857 120
27400 1301.21 -309952 -1027.42 167598 72.9297 72.9297 36.3857 120
27450 1296.83 -309966 -126.542 167596 72.9293 72.9293 36.3855 120
27500 1295.66 -309990 -683.3 167591 72.9286 72.9286 36.3851 120
27550 1291.98 -309991 -1519.29 167581 72.9272 72.9272 36.3844 120
27600 1286.32 -309976 347.932 167567 72.9251 72.9251 36.3834 120
27650 1292.07 -309977 -2142.3 167549 72.9225 72.9225 36.3821 120
27700 1291.16 -309961 -1594.23 167526 72.9193 72.9193 36.3804 120
27750 1290.82 -309944 775.68 167500 72.9155 72.9155 36.3786 120
27800 1304.61 -309960 -134.8 167476 72.9119 72.9119 36.3768 120
27850 1307.81 -309964 1260.13 167450 72.9081 72.9081 36.3749 120
27900 1296.43 -309943 1342.74 167424 72.9044 72.9044 36.373 120
27950 1308.54 -309970 1292.83 167399 72.9008 72.9008 36.3712 120
28000 1304.6 -309978 -401.695 167377 72.8976 72.8976 36.3696 120
28050 1296.55 -309986 1811.85 167356 72.8946 72.8946 36.3681 120
28100 1291.02 -309994 1977.56 167344 72.8928 72.8928 36.3672 120
28150 1295.32 -310004 1720.39 167337 72.8917 72.8917 36.3667 120
28200 1292.66 -309992 1550.9 167333 72.8912 72.8912 36.3665 120
28250 1300.18 -309993 2757.86 167334 72.8913 72.8913 36.3665 120
28300 1293.71 -309968 2162.53 167341 72.8923 72.8923 36.367 120
28350 1297.35 -309968 3003.16 167352 72.8939 72.8939 36.3678 120
28400 1306.15 -309978 1025.51 167368 72.8963 72.8963 36.369 120
28450 1314.42 -309989 1338.59 167389 72.8993 72.8993 36.3705 120
28500 1303.58 -309967 70.6672 167414 72.903 72.903 36.3723 120
28550 1309.6 -309979 -787.094 167442 72.9071 72.9071 36.3743 120
28600 1298.66 -309962 234.384 167471 72.9112 72.9112 36.3764 120
28650 1310.52 -309996 487.021 167501 72.9156 72.9156 36.3786 120
28700 1286.04 -309973 -2135.37 167532 72.9201 72.9201 36.3808 120
28750 1288.01 -309992 1083.09 167558 72.9239 72.9239 36.3827 120
28800 1283.76 -309988 -1337.64 167583 72.9275 72.9275 36.3846 120
28850 1284.51 -309981 -1925.48 167605 72.9307 72.9307 36.3861 120
28900 1298.42 -309988 -33.8664 167622 72.9332 72.9332 36.3874 120
28950 1307.68 -309990 -2430.01 167637 72.9353 72.9353 36.3884 120
29000 1305 -309975 -123.85 167648 72.9369 72.9369 36.3892 120
29050 1311.39 -309984 -1079.3 167656 72.9381 72.9381 36.3898 120
29100 1288.79 -309939 -1289.57 167661 72.9388 72.9388 36.3902 120
29150 1317.72 -309992 -2381.59 167663 72.939 72.939 36.3903 120
29200 1301.32 -309961 -2262 167659 72.9385 72.9385 36.3901 120
29250 1288.68 -309935 -2885.94 167650 72.9372 72.9372 36.3894 120
29300 1312.72 -309977 -546.152 167633 72.9347 72.9347 36.3881 120
29350 1306.59 -309964 -945.925 167614 72.9319 72.9319 36.3867 120
29400 1308.79 -309972 -1666.76 167592 72.9287 72.9287 36.3852 120
29450 1291.89 -309949 -261.95 167567 72.9252 72.9252 36.3834 120
29500 1305.16 -309987 -54.0784 167543 72.9217 72.9217 36.3816 120
29550 1306.87 -310003 -849.949 167518 72.918 72.918 36.3798 120
29600 1303.72 -310008 477.313 167492 72.9142 72.9142 36.3779 120
29650 1292.5 -309993 375.907 167465 72.9104 72.9104 36.376 120
29700 1285.7 -309981 -219.977 167438 72.9064 72.9064 36.374 120
29750 1291.06 -309977 444.215 167409 72.9023 72.9023 36.372 120
29800 1302.52 -309971 2006 167383 72.8985 72.8985 36.3701 120
29850 1294.96 -309940 -1042.23 167363 72.8956 72.8956 36.3686 120
29900 1312.95 -309969 1667.1 167343 72.8926 72.8926 36.3671 120
29950 1311.64 -309970 1446.91 167326 72.8901 72.8901 36.3659 120
30000 1293.73 -309945 676.185 167311 72.8881 72.8881 36.3649 120
30050 1300.11 -309970 3085.19 167300 72.8864 72.8864 36.364 120
30100 1298.14 -309980 1162.06 167295 72.8857 72.8857 36.3637 120
30150 1278.16 -309954 42.4014 167294 72.8855 72.8855 36.3636 120
30200 1290.49 -309983 2381.78 167296 72.8858 72.8858 36.3637 120
30250 1301.09 -310001 1556.15 167304 72.8869 72.8869 36.3643 120
30300 1298.35 -309994 1283.52 167317 72.8888 72.8888 36.3652 120
30350 1289.79 -309971 973.611 167332 72.891 72.891 36.3663 120
30400 1296.6 -309977 1010.04 167349 72.8935 72.8935 36.3676 120
30450 1294.05 -309965 1238.68 167369 72.8964 72.8964 36.3691 120
30500 1303.62 -309977 1305.02 167392 72.8998 72.8998 36.3707 120
30550 1310.52 -309983 2792.09 167418 72.9036 72.9036 36.3726 120
30600 1312.72 -309983 1394.58 167449 72.9081 72.9081 36.3748 120
30650 1303.6 -309961 -533.812 167482 72.9128 72.9128 36.3772 120
30700 1294.73 -309940 -1312.35 167514 72.9174 72.9174 36.3795 120
30750 1306.71 -309961 1171.61 167543 72.9217 72.9217 36.3817 120
30800 1294.72 -309944 -2194.46 167572 72.9259 72.9259 36.3837 120
30850 1299.3 -309965 -811.542 167595 72.9293 72.9293 36.3854 120
30900 1309.73 -310001 -602.841 167617 72.9325 72.9325 36.387 120
30950 1292.58 -309982 -541.999 167638 72.9355 72.9355 36.3885 120
31000 1288.76 -309981 -1124.62 167655 72.938 72.938 36.3898 120
31050 1285.86 -309975 -2669.93 167669 72.94 72.94 36.3908 120
31100 1297.19 -309990 413.703 167679 72.9413 72.9413 36.3915 120
31150 1291.09 -309959 -1611.9 167685 72.9423 72.9423 36.3919 120
31200 1291.14 -309936 -525.383 167688 72.9427 72.9427 36.3921 120
31250 1305.15 -309954 -1996.47 167688 72.9427 72.9427 36.3921 120
31300 1309.62 -309962 264.78 167683 72.942 72.942 36.3918 120
31350 1312.73 -309975 -448.343 167677 72.941 72.941 36.3913 120
31400 1297.82 -309957 -3320.86 167667 72.9397 72.9397 36.3906 120
31450 1290.19 -309952 -2237.82 167651 72.9374 72.9374 36.3895 120
31500 1299.25 -309978 -769.919 167631 72.9345 72.9345 36.388 120
31550 1299.36 -309984 -1491.95 167609 72.9313 72.9313 36.3864 120
31600 1304.17 -309995 -2890.24 167582 72.9274 72.9274 36.3845 120
31650 1296.92 -309980 -2910.83 167548 72.9224 72.9224 36.382 120
31700 1300.75 -309979 -246.208 167506 72.9164 72.9164 36.379 120
31750 1285.14 -309928 -983.118 167467 72.9107 72.9107 36.3762 120
31800 1315.29 -309967 884.269 167428 72.905 72.905 36.3733 120
31850 1314.14 -309959 -237.501 167389 72.8993 72.8993 36.3705 120
31900 1309.98 -309955 1456.04 167350 72.8937 72.8937 36.3677 120
31950 1290.16 -309928 485.724 167314 72.8885 72.8885 36.3651 120
32000 1309.02 -309984 1936.62 167279 72.8834 72.8834 36.3625 120
32050 1299.71 -309983 -301.921 167247 72.8787 72.8787 36.3602 120
32100 1291.54 -309975 1942.81 167215 72.874 72.874 36.3579 120
32150 1290.46 -309975 1073.95 167187 72.87 72.87 36.3559 120
32200 1300.52 -309992 2628.9 167164 72.8666 72.8666 36.3542 120
32250 1295.25 -309979 2442.55 167149 72.8645 72.8645 36.3531 120
32300 1296.96 -309978 1195.88 167144 72.8637 72.8637 36.3527 120
32350 1304.78 -309985 3079.78 167147 72.8642 72.8642 36.3529 120
32400 1312.88 -309981 2552.4 167160 72.866 72.866 36.3539 120
32450 1306.78 -309946 2094.38 167181 72.8691 72.8691 36.3554 120
32500 1314.61 -309949 3184.28 167208 72.8731 72.8731 36.3574 120
32550 1315.94 -309956 4821.81 167246 72.8786 72.8786 36.3601 120
32600 1315.22 -309970 1629.13 167294 72.8855 72.8855 36.3636 120
32650 1312.76 -309983 961.172 167347 72.8932 72.8932 36.3674 120
32700 1298.21 -309964 -1688.14 167402 72.9012 72.9012 36.3714 120
32750 1302.05 -309975 1550.36 167454 72.9087 72.9087 36.3752 120
32800 1285.61 -309945 -1832.4 167507 72.9164 72.9164 36.379 120
32850 1299.73 -309968 169.238 167557 72.9237 72.9237 36.3826 120
32900 1294.05 -309952 -2922.59 167605 72.9307 72.9307 36.3862 120
32950 1303.17 -309964 -2339.86 167647 72.9368 72.9368 36.3892 120
33000 1301.59 -309953 -2204.44 167682 72.9419 72.9419 36.3917 120
33050 1307.28 -309954 -2226.51 167711 72.946 72.946 36.3938 120
33100 1298.63 -309926 -1050.34 167733 72.9493 72.9493 36.3954 120
33150 1308.25 -309936 -3353.83 167749 72.9515 72.9515 36.3965 120
33200 1305.73 -309929 -2469.74 167754 72.9523 72.9523 36.3969 120
33250 1313.56 -309954 -1734.82 167752 72.952 72.952 36.3968 120
33300 1311.59 -309973 -1516.21 167743 72.9507 72.9507 36.3961 120
33350 1286.91 -309947 -2307.1 167728 72.9486 72.9486 36.3951 120
33400 1307.24 -309994 -4135.71 167706 72.9454 72.9454 36.3935 120
33450 1294.75 -309972 -1157.96 167674 72.9407 72.9407 36.3911 120
33500 1303.61 -309988 -1638.57 167636 72.9352 72.9352 36.3884 120
33550 1306.97 -309993 -2094.28 167592 72.9288 72.9288 36.3852 120
33600 1296.21 -309964 -705.432 167544 72.9218 72.9218 36.3817 120
33650 1299.68 -309954 -1660.28 167494 72.9146 72.9146 36.3781 120
33700 1302.59 -309939 -788.427 167443 72.9072 72.9072 36.3744 120
33750 1307.24 -309934 1763.69 167393 72.9 72.9 36.3708 120
33800 1322.79 -309965 2867.88 167349 72.8935 72.8935 36.3676 120
33850 1322.39 -309977 1488.15 167312 72.8881 72.8881 36.3649 120
33900 1300.56 -309957 2428.96 167278 72.8832 72.8832 36.3625 120
33950 1305.53 -309976 3724.21 167248 72.8789 72.8789 36.3603 120
34000 1303.52 -309978 3304.55 167227 72.8758 72.8758 36.3588 120
34050 1301.54 -309980 1364.1 167214 72.8738 72.8738 36.3578 120
34100 1306.98 -309997 3234.88 167206 72.8728 72.8728 36.3573 120
34150 1293.17 -309978 2009.95 167210 72.8733 72.8733 36.3575 120
34200 1293.17 -309986 2104.7 167221 72.8749 72.8749 36.3583 120
34250 1288.64 -309984 1907.8 167239 72.8775 72.8775 36.3596 120
34300 1294.75 -309994 3089.81 167262 72.8809 72.8809 36.3613 120
34350 1308.65 -310010 356.415 167290 72.8849 72.8849 36.3633 120
34400 1297.26 -309966 1269.98 167319 72.8892 72.8892 36.3654 120
34450 1310.56 -309975 1056.45 167352 72.8939 72.8939 36.3678 120
34500 1305.15 -309959 -281.926 167386 72.8989 72.8989 36.3703 120
34550 1303.76 -309958 -1836.65 167421 72.904 72.904 36.3728 120
34600 1310.45 -309977 -1143.31 167454 72.9087 72.9087 36.3752 120
34650 1298.85 -309970 1538.49 167487 72.9135 72.9135 36.3776 120
34700 1293.13 -309978 -488.663 167523 72.9187 72.9187 36.3802 120
34750 1286.98 -309980 -1049.11 167558 72.9239 72.9239 36.3828 120
34800 1299.22 -310007 -2372.71 167593 72.9289 72.9289 36.3853 120
34850 1291.2 -309989 -599.738 167624 72.9334 72.9334 36.3875 120
34900 1303.43 -310006 -2056.53 167652 72.9374 72.9374 36.3895 120
34950 1297.88 -309987 -2083.78 167673 72.9406 72.9406 36.3911 120
35000 1300.43 -309981 -1829.99 167687 72.9426 72.9426 36.3921 120
35050 1311.12 -309990 -1847.49 167694 72.9436 72.9436 36.3926 120
35100 1290.94 -309940 -2636.35 167695 72.9437 72.9437 36.3926 120
35150 1313.81 -309976 -1454.11 167691 72.9431 72.9431 36.3923 120
35200 1302.53 -309950 -717.215 167681 72.9417 72.9417 36.3916 120
35250 1308.55 -309964 223.399 167666 72.9396 72.9396 36.3906 120
35300 1308.1 -309975 -2029.76 167651 72.9373 72.9373 36.3895 120
35350 1294.99 -309977 -366.852 167635 72.935 72.935 36.3883 120
35400 1302.23 -310009 -118.547 167620 72.9328 72.9328 36.3872 120
35450 1289.89 -309989 164.247 167602 72.9303 72.9303 36.3859 120
35500 1294.05 -309991 492.19 167585 72.9277 72.9277 36.3847 120
35550 1301.59 -309993 -328.455 167566 72.925 72.925 36.3833 120
35600 1296.1 -309967 716.51 167546 72.9221 72.9221 36.3818 120
35650 1300.99 -309966 1199.4 167527 72.9193 72.9193 36.3805 120
35700 1306.93 -309973 -2452.47 167510 72.9169 72.9169 36.3792 120
35750 1311.31 -309981 -2118.64 167489 72.9139 72.9139 36.3778 120
35800 1301.67 -309966 1129.29 167466 72.9105 72.9105 36.376 120
35850 1306.83 -309981 607.334 167445 72.9074 72.9074 36.3745 120
35900 1288.28 -309954 -62.676 167426 72.9048 72.9048 36.3732 120
35950 1298.44 -309981 -77.4279 167410 72.9024 72.9024 36.372 120
36000 1295.71 -309984 886.697 167395 72.9002 72.9002 36.3709 120
36050 1295.36 -309994 343.92 167381 72.8982 72.8982 36.3699 120
36100 1281.88 -309991 610.419 167369 72.8965 72.8965 36.3691 120
36150 1277.94 -310001 1025.05 167359 72.895 72.895 36.3683 120
36200 1282.4 -310010 2615.1 167351 72.8938 72.8938 36.3677 120
36250 1288.85 -310008 467.441 167346 72.893 72.893 36.3674 120
36300 1288.07 -309983 913.747 167344 72.8928 72.8928 36.3672 120
36350 1297.65 -309987 249.786 167345 72.893 72.893 36.3673 120
36400 1291.04 -309962 2507.43 167350 72.8936 72.8936 36.3676 120
36450 1302.09 -309974 1656.59 167361 72.8952 72.8952 36.3684 120
36500 1290.98 -309947 2349.92 167376 72.8975 72.8975 36.3696 120
36550 1295.93 -309951 3247.1 167398 72.9006 72.9006 36.3711 120
36600 1304.67 -309969 1558.3 167427 72.9048 72.9048 36.3732 120
36650 1304.88 -309975 1316.33 167460 72.9096 72.9096 36.3756 120
36700 1292.43 -309968 636.757 167498 72.9151 72.9151 36.3784 120
36750 1301.87 -310001 -273.571 167537 72.9208 72.9208 36.3812 120
36800 1298.98 -310009 79.1982 167576 72.9265 72.9265 36.384 120
36850 1276.68 -309973 1047.62 167616 72.9322 72.9322 36.3869 120
36900 1293.61 -309995 185.672 167656 72.9381 72.9381 36.3898 120
36950 1306.98 -309997 -2214.28 167694 72.9435 72.9435 36.3925 120
37000 1307.82 -309977 -1424.65 167725 72.948 72.948 36.3948 120
37050 1302.44 -309962 -724.359 167750 72.9517 72.9517 36.3966 120
37100 1295.54 -309948 -1556.29 167771 72.9548 72.9548 36.3981 120
37150 1302.35 -309962 -3471.8 167786 72.9569 72.9569 36.3992 120
37200 1297.26 -309958 -1028.37 167793 72.958 72.958 36.3998 120
37250 1290.12 -309949 -469.398 167794 72.9581 72.9581 36.3998 120
37300 1303.95 -309985 -1602.01 167790 72.9575 72.9575 36.3995 120
37350 1285.06 -309963 -2858.81 167782 72.9564 72.9564 36.3989 120
37400 1296.49 -310000 -2109.02 167769 72.9544 72.9544 36.398 120
37450 1291.33 -310001 -1269.21 167749 72.9515 72.9515 36.3965 120
37500 1299.28 -310016 -2353.74 167723 72.9478 72.9478 36.3947 120
37550 1299.7 -309996 -1193.17 167691 72.9431 72.9431 36.3923 120
37600 1297.52 -309963 -1009.67 167654 72.9377 72.9377 36.3897 120
37650 1310.02 -309975 -2048.15 167613 72.9319 72.9319 36.3867 120
37700 1313.15 -309979 35.6989 167572 72.9259 72.9259 36.3837 120
37750 1314.15 -309987 433.979 167532 72.9201 72.9201 36.3809 120
37800 1313.97 -309998 815.432 167496 72.9149 72.9149 36.3782 120
37850 1303.05 -309990 354.521 167462 72.91 72.91 36.3758 120
37900 1298.92 -309995 -34.2826 167429 72.9051 72.9051 36.3734 120
37950 1296.18 -310000 540.831 167397 72.9005 72.9005 36.3711 120
38000 1302.23 -310017 387.735 167369 72.8964 72.8964 36.3691 120
38050 1281.71 -309976 1959.21 167343 72.8926 72.8926 36.3672 120
38100 1297.7 -309984 2238.25 167321 72.8895 72.8895 36.3656 120
38150 1302.86 -309963 699.604 167307 72.8875 72.8875 36.3646 120
38200 1313.06 -309971 1708.14 167299 72.8863 72.8863 36.364 120
38250 1303.24 -309953 1119.55 167295 72.8856 72.8856 36.3637 120
38300 1311.72 -309975 2356.88 167292 72.8853 72.8853 36.3635 120
38350 1316.24 -310000 -403.71 167295 72.8857 72.8857 36.3637 120
38400 1301.58 -309989 1716.41 167301 72.8865 72.8865 36.3641 120
38450 1286.84 -309971 1956.37 167311 72.8879 72.8879 36.3648 120
38500 1294.31 -309990 655.624 167325 72.89 72.89 36.3659 120
38550 1290.71 -309980 2552.14 167346 72.8931 72.8931 36.3674 120
38600 1290.53 -309975 720.151 167374 72.8971 72.8971 36.3694 120
38650 1307.17 -309999 1677.65 167403 72.9014 72.9014 36.3715 120
38700 1309.44 -309988 1337.89 167434 72.9059 72.9059 36.3738 120
38750 1321.9 -309984 383.626 167468 72.9107 72.9107 36.3762 120
38800 1312.74 -309949 -117.336 167505 72.9162 72.9162 36.3789 120
38850 1319.03 -309963 -2000.25 167545 72.922 72.922 36.3818 120
38900 1312.63 -309962 -1341.04 167585 72.9277 72.9277 36.3847 120
38950 1300.51 -309954 -1805.68 167621 72.933 72.933 36.3873 120
39000 1300.26 -309966 854.079 167653 72.9376 72.9376 36.3896 120
39050 1294.61 -309964 -357.891 167684 72.9422 72.9422 36.3919 120
39100 1282.55 -309946 -2907.17 167712 72.9462 72.9463 36.3939 120
39150 1291.53 -309966 -1788.8 167733 72.9493 72.9493 36.3954 120
39200 1289.52 -309961 -1450.24 167749 72.9515 72.9515 36.3965 120
39250 1302.11 -309980 -3360.09 167759 72.953 72.953 36.3973 120
39300 1308.49 -309985 -2197.46 167759 72.9529 72.9529 36.3972 120
39350 1309.27 -309971 -872.392 167751 72.9519 72.9519 36.3967 120
39400 1308.32 -309949 -3426.42 167741 72.9504 72.9504 36.396 120
39450 1303.54 -309928 -3314.83 167723 72.9477 72.9477 36.3947 120
39500 1317.58 -309958 -156.721 167695 72.9438 72.9438 36.3927 120
39550 1309.77 -309958 64.9459 167665 72.9394 72.9394 36.3905 120
39600 1305.23 -309974 -1179.93 167634 72.9348 72.9348 36.3882 120
39650 1286.6 -309952 946.738 167600 72.9299 72.9299 36.3858 120
39700 1290.02 -309962 -541.865 167568 72.9253 72.9253 36.3834 120
39750 1296.28 -309977 2769.34 167539 72.9211 72.9211 36.3813 120
39800 1300.26 -309986 2473.05 167515 72.9177 72.9177 36.3797 120
39850 1306.1 -309998 937.551 167498 72.9152 72.9152 36.3784 120
39900 1299.16 -309985 -983.66 167483 72.913 72.913 36.3773 120
39950 1310.48 -310000 75.5163 167468 72.9108 72.9108 36.3762 120
40000 1310.91 -309991 1386.28 167452 72.9085 72.9085 36.3751 120
40050 1300.47 -309957 602.605 167438 72.9065 72.9065 36.374 120
40100 1306.4 -309958 2976.87 167427 72.9048 72.9048 36.3732 120
40150 1301.36 -309947 523.866 167422 72.9042 72.9042 36.3729 120
40200 1310.95 -309975 2161.68 167421 72.904 72.904 36.3728 120
40250 1295.82 -309967 1897 167425 72.9046 72.9046 36.3731 120
40300 1292.98 -309982 2488.27 167433 72.9057 72.9057 36.3737 120
40350 1298.18 -310002 393.465 167445 72.9074 72.9074 36.3745 120
40400 1288.27 -309984 -1113.97 167457 72.9093 72.9093 36.3755 120
40450 1304.44 -310007 721.516 167472 72.9114 72.9114 36.3765 120
40500 1287.65 -309967 46.3209 167489 72.9138 72.9138 36.3777 120
40550 1302.97 -309989 -219.042 167505 72.9162 72.9162 36.3789 120
40600 1300.01 -309972 1726.43 167522 72.9187 72.9187 36.3802 120
40650 1311.17 -309978 204.083 167542 72.9215 72.9215 36.3816 120
40700 1319.87 -309969 -1647.57 167560 72.9241 72.9241 36.3829 120
40750 1309.56 -309931 -2186.24 167574 72.9262 72.9262 36.3839 120
40800 1313.55 -309939 -1205.87 167585 72.9278 72.9278 36.3847 120
40850 1311.09 -309946 -1351.21 167591 72.9286 72.9286 36.3851 120
40900 1319 -309973 -1972.17 167591 72.9287 72.9287 36.3852 120
40950 1307.94 -309965 268.214 167590 72.9286 72.9286 36.3851 120
41000 1302.66 -309967 -1347.27 167590 72.9285 72.9285 36.385 120
41050 1294.57 -309964 -1421.49 167588 72.9282 72.9282 36.3849 120
41100 1298.15 -309981 -494.271 167582 72.9273 72.9273 36.3845 120
41150 1294.59 -309983 -1161.25 167573 72.926 72.926 36.3838 120
41200 1314.42 -310026 -1973.58 167561 72.9244 72.9244 36.383 120
41250 1293.73 -309990 -1660.25 167546 72.9221 72.9221 36.3819 120
41300 1297.51 -309999 -1565.39 167527 72.9194 72.9194 36.3805 120
41350 1294.23 -309986 -744.123 167507 72.9164 72.9164 36.379 120
41400 1302.45 -309984 2068.01 167485 72.9133 72.9133 36.3775 120
41450 1306.79 -309971 -111.45 167466 72.9105 72.9105 36.3761 120
41500 1315.34 -309976 166.123 167446 72.9077 72.9077 36.3747 120
41550 1310.25 -309962 1809.87 167429 72.9052 72.9052 36.3734 120
41600 1303.31 -309955 1671.04 167417 72.9035 72.9035 36.3726 120
41650 1292.77 -309951 -506.686 167410 72.9024 72.9024 36.372 120
41700 1295.88 -309974 979.277 167405 72.9016 72.9016 36.3716 120
41750 1297.42 -309987 925.899 167404 72.9015 72.9015 36.3716 120
41800 1299.3 -309994 2691.61 167408 72.9022 72.9022 36.3719 120
41850 1303.2 -310001 1264.46 167416 72.9033 72.9033 36.3725 120
41900 1312.54 -310017 1010.62 167426 72.9046 72.9046 36.3731 120
41950 1301.2 -309992 -841.02 167437 72.9062 72.9062 36.3739 120
42000 1291.93 -309968 -483.16 167447 72.9077 72.9077 36.3747 120
42050 1301.82 -309975 -3022.2 167455 72.9089 72.9089 36.3753 120
42100 1303.63 -309963 1591.31 167460 72.9097 72.9097 36.3757 120
42150 1311.21 -309949 -1031.67 167468 72.9108 72.9108 36.3762 120
42200 1316.05 -309944 -830.133 167475 72.9118 72.9118 36.3767 120
42250 1320.47 -309956 -681.29 167482 72.9129 72.9129 36.3772 120
42300 1306.51 -309942 -799.232 167490 72.914 72.914 36.3778 120
42350 1304.36 -309951 551.536 167499 72.9154 72.9154 36.3785 120
42400 1314.25 -309983 121.822 167513 72.9173 72.9173 36.3795 120
42450 1307.07 -309982 -383.69 167527 72.9194 72.9194 36.3805 120
42500 1311.22 -309999 936.731 167540 72.9212 72.9212 36.3814 120
42550 1304.16 -309993 -420.757 167555 72.9234 72.9234 36.3825 120
42600 1301.36 -309992 -1951.42 167569 72.9254 72.9254 36.3835 120
42650 1295.91 -309985 1836.82 167582 72.9273 72.9273 36.3845 120
42700 1297.25 -309989 -591.262 167597 72.9296 72.9296 36.3856 120
42750 1306.54 -310005 -2615.84 167610 72.9315 72.9315 36.3865 120
42800 1308.86 -310002 -615.157 167619 72.9327 72.9327 36.3871 120
42850 1310.98 -309995 -424.912 167624 72.9334 72.9334 36.3875 120
42900 1292.82 -309947 -2401.94 167627 72.9339 72.9339 36.3877 120
42950 1308.56 -309966 -1109.35 167628 72.934 72.934 36.3878 120
43000 1312.09 -309968 -771.763 167627 72.9338 72.9338 36.3877 120
43050 1320.76 -309987 -1077.51 167624 72.9335 72.9335 36.3875 120
43100 1303.39 -309970 602.431 167619 72.9327 72.9327 36.3871 120
43150 1303.96 -309995 1215.03 167614 72.932 72.932 36.3868 120
43200 1296.54 -309993 151.074 167612 72.9316 72.9316 36.3866 120
43250 1293.5 -309991 324.341 167609 72.9313 72.9313 36.3864 120
43300 1287.61 -309976 172.268 167606 72.9309 72.9309 36.3862 120
43350 1290.79 -309974 -498.448 167602 72.9302 72.9302 36.3859 120
43400 1300.99 -309984 1.59745 167596 72.9294 72.9294 36.3855 120
43450 1305.42 -309985 59.3959 167589 72.9284 72.9284 36.385 120
43500 1310.2 -309989 500.388 167582 72.9274 72.9274 36.3845 120
43550 1295.07 -309954 -1035.79 167572 72.9259 72.9259 36.3838 120
43600 1295.98 -309949 67.1391 167558 72.9239 72.9239 36.3827 120
43650 1317.96 -309982 -2132.06 167543 72.9216 72.9216 36.3816 120
43700 1312.9 -309958 1250.2 167524 72.9189 72.9189 36.3803 120
43750 1310.16 -309942 1118.43 167507 72.9165 72.9165 36.3791 120
43800 1311.04 -309946 -348.694 167493 72.9144 72.9144 36.378 120
43850 1311.85 -309965 1913.39 167479 72.9124 72.9124 36.377 120
43900 1298.61 -309963 -826.369 167469 72.9109 72.9109 36.3763 120
43950 1301.42 -309983 1505.96 167463 72.91 72.91 36.3758 120
44000 1291.62 -309974 -1460.09 167460 72.9096 72.9096 36.3756 120
44050 1297.95 -309990 215.807 167455 72.9089 72.9089 36.3753 120
44100 1296.52 -309987 1596.81 167451 72.9083 72.9083 36.375 120
44150 1299.64 -309992 260.715 167450 72.9082 72.9082 36.3749 120
44200 1294.1 -309974 1845.96 167451 72.9083 72.9083 36.375 120
44250 1299.22 -309969 866.899 167455 72.9089 72.9089 36.3753 120
44300 1307.25 -309967 317.124 167460 72.9096 72.9096 36.3756 120
44350 1308.06 -309954 826.354 167466 72.9106 72.9106 36.3761 120
44400 1307.37 -309953 -178.996 167475 72.9118 72.9118 36.3767 120
44450 1305.86 -309963 248.279 167485 72.9132 72.9132 36.3774 120
44500 1315.46 -310005 991.962 167496 72.9149 72.9149 36.3783 120
44550 1289.97 -309972 -437.563 167509 72.9168 72.9168 36.3792 120
44600 1298.77 -309993 221.463 167523 72.9188 72.9188 36.3802 120
44650 1286.12 -309968 2590.74 167536 72.9206 72.9206 36.3811 120
44700 1295.96 -309985 -127.259 167550 72.9227 72.9227 36.3822 120
44750 1302.31 -309996 -674.639 167565 72.9249 72.9249 36.3832 120
44800 1296.72 -309983 -97.2738 167580 72.927 72.927 36.3843 120
44850 1304.15 -309990 26.0503 167595 72.9292 72.9292 36.3854 120
44900 1311.31 -309992 -1841.78 167608 72.9311 72.9311 36.3864 120
44950 1319.77 -309992 -2490.61 167616 72.9322 72.9322 36.3869 120
45000 1317.19 -309975 -762.993 167619 72.9327 72.9327 36.3871 120
45050 1304.72 -309949 149.441 167620 72.9328 72.9328 36.3872 120
45100 1311.41 -309973 63.565 167623 72.9332 72.9332 36.3874 120
45150 1300.98 -309980 -1444.33 167626 72.9338 72.9338 36.3877 120
45200 1297.45 -309992 -205.88 167628 72.934 72.934 36.3878 120
45250 1307.24 -310015 -924.679 167629 72.9342 72.9342 36.3879 120
45300 1297.44 -309993 -1117.26 167629 72.9341 72.9341 36.3878 120
45350 1301.61 -309996 189.788 167624 72.9334 72.9334 36.3875 120
45400 1296.32 -309975 -218.444 167618 72.9325 72.9325 36.387 120
45450 1295.79 -309960 203.309 167610 72.9313 72.9313 36.3865 120
45500 1306.5 -309970 -422.637 167603 72.9304 72.9304 36.386 120
45550 1307.56 -309968 -320.248 167597 72.9295 72.9296 36.3856 120
45600 1308.78 -309974 -431.777 167592 72.9288 72.9288 36.3852 120
45650 1312.03 -310004 480.237 167587 72.928 72.928 36.3848 120
45700 1293.85 -310000 -828.381 167581 72.9272 72.9272 36.3844 120
45750 1291.39 -310007 -1251.57 167574 72.9261 72.9261 36.3839 120
45800 1291.79 -310006 270.552 167563 72.9245 72.9245 36.3831 120
45850 1299.25 -310009 1289.55 167550 72.9227 72.9227 36.3822 120
45900 1292.44 -309982 -827.632 167539 72.9212 72.9212 36.3814 120
45950 1294.27 -309971 -709.831 167529 72.9197 72.9197 36.3807 120
46000 1310.07 -309991 2030.81 167518 72.918 72.918 36.3798 120
46050 1298.36 -309964 -732.489 167508 72.9166 72.9166 36.3791 120
46100 1298.44 -309963 961.28 167499 72.9152 72.9152 36.3784 120
46150 1303.29 -309977 1605.77 167492 72.9143 72.9143 36.3779 120
46200 1298.27 -309978 1493.05 167489 72.9138 72.9138 36.3777 120
46250 1298.61 -310008 1012.65 167489 72.9138 72.9138 36.3777 120
46300 1286.53 -310006 1900.63 167492 72.9143 72.9143 36.3779 120
46350 1297.38 -310030 -72.891 167499 72.9152 72.9152 36.3784 120
46400 1291.54 -310011 1020.31 167506 72.9163 72.9163 36.379 120
46450 1293.28 -309998 856.245 167517 72.9179 72.9179 36.3798 120
46500 1300.51 -309995 734.512 167530 72.9198 72.9198 36.3807 120
46550 1302.38 -309989 529.427 167546 72.9222 72.9222 36.3819 120
46600 1295.4 -309969 209.842 167564 72.9248 72.9248 36.3832 120
46650 1307.06 -309987 -918.486 167582 72.9274 72.9274 36.3845 120
46700 1306.92 -309987 -770.071 167598 72.9297 72.9297 36.3857 120
46750 1303.32 -309982 5.72527 167614 72.9319 72.9319 36.3867 120
46800 1297.91 -309980 -161.803 167629 72.9341 72.9341 36.3878 120
46850 1297.15 -309997 -2241.46 167641 72.936 72.936 36.3888 120
46900 1296.03 -310019 -1649.46 167646 72.9366 72.9366 36.3891 120
46950 1288.04 -310016 -847.04 167644 72.9364 72.9364 36.389 120
47000 1294.21 -310025 -2750.23 167640 72.9358 72.9358 36.3887 120
47050 1275.25 -309975 -2495.27 167629 72.9342 72.9342 36.3879 120
47100 1310.52 -310024 910.936 167612 72.9316 72.9316 36.3866 120
47150 1286.17 -309966 990.196 167594 72.929 72.929 36.3853 120
47200 1303.65 -309993 -776.462 167576 72.9264 72.9264 36.384 120
47250 1289.1 -309962 -400.261 167556 72.9235 72.9235 36.3826 120
47300 1296.51 -309973 241.192 167534 72.9204 72.9204 36.381 120
47350 1302.57 -309985 -1179.79 167511 72.917 72.917 36.3793 120
47400 1294.48 -309970 2592.23 167486 72.9135 72.9135 36.3775 120
47450 1304.1 -309991 279.248 167466 72.9105 72.9105 36.3761 120
47500 1292.49 -309978 954.254 167448 72.9079 72.9079 36.3748 120
47550 1292.64 -309990 1099.77 167433 72.9057 72.9057 36.3737 120
47600 1294.46 -310006 3544.21 167425 72.9045 72.9045 36.3731 120
47650 1284.54 -309993 -1244.97 167425 72.9046 72.9046 36.3731 120
47700 1298.02 -310016 177.629 167427 72.9049 72.9049 36.3733 120
47750 1286.88 -309981 1836.28 167431 72.9054 72.9054 36.3735 120
47800 1314.93 -310009 1337.64 167437 72.9064 72.9064 36.374 120
47850 1300.4 -309968 1199.21 167447 72.9078 72.9078 36.3747 120
47900 1314.72 -309990 -626.297 167459 72.9095 72.9095 36.3756 120
47950 1297.83 -309961 19.4238 167471 72.9112 72.9112 36.3764 120
48000 1307.64 -309986 938.545 167482 72.9128 72.9128 36.3772 120
48050 1304.69 -309991 -683.924 167497 72.915 72.915 36.3783 120
48100 1298.63 -309992 -979.422 167514 72.9175 72.9175 36.3796 120
48150 1293.07 -309995 -1091.35 167531 72.9199 72.9199 36.3807 120
48200 1303.71 -310026 1695.67 167545 72.9219 72.9219 36.3818 120
48250 1291.36 -310015 440.874 167557 72.9237 72.9237 36.3827 120
48300 1282.73 -310014 -718.508 167568 72.9252 72.9252 36.3834 120
48350 1278.71 -310017 -1650.98 167576 72.9264 72.9264 36.384 120
48400 1283.03 -310016 -1647.88 167581 72.9272 72.9272 36.3844 120
48450 1281.58 -309988 -663.396 167583 72.9275 72.9275 36.3845 120
48500 1285.36 -309973 1001.14 167583 72.9275 72.9275 36.3846 120
48550 1301.09 -309992 384.525 167586 72.9279 72.9279 36.3847 120
48600 1299.09 -309978 1699.4 167591 72.9286 72.9286 36.3851 120
48650 1297.12 -309967 -881.602 167598 72.9297 72.9297 36.3856 120
48700 1302.05 -309973 1634.53 167605 72.9306 72.9306 36.3861 120
48750 1297.94 -309965 -988.804 167615 72.9321 72.9321 36.3868 120
48800 1300.19 -309973 -1609.89 167625 72.9335 72.9335 36.3876 120
48850 1318.97 -310019 765.702 167635 72.935 72.935 36.3883 120
48900 1297.71 -310001 -70.1309 167648 72.937 72.937 36.3893 120
48950 1290.63 -310004 -635.963 167663 72.939 72.939 36.3903 120
49000 1294.51 -310015 -1790.94 167673 72.9405 72.9405 36.391 120
49050 1292.3 -310003 -546.084 167678 72.9412 72.9412 36.3914 120
49100 1288.36 -309979 -1257.42 167681 72.9417 72.9417 36.3916 120
49150 1294 -309976 -61.0387 167680 72.9416 72.9416 36.3916 120
49200 1297.14 -309973 595.032 167678 72.9413 72.9413 36.3914 120
49250 1298.24 -309972 -1577.47 167675 72.9408 72.9408 36.3912 120
49300 1288.22 -309950 -1975.28 167667 72.9396 72.9396 36.3906 120
49350 1300.92 -309973 -2387.55 167654 72.9377 72.9377 36.3897 120
49400 1303.54 -309976 528.801 167636 72.9351 72.9351 36.3884 120
49450 1301.28 -309973 1545.28 167617 72.9325 72.9325 36.387 120
49500 1306.71 -309990 -65.0711 167600 72.9299 72.9299 36.3858 120
49550 1298.34 -309985 1315.01 167581 72.9272 72.9272 36.3844 120
49600 1290.47 -309987 -221.592 167561 72.9243 72.9243 36.383 120
49650 1282.16 -309988 324.548 167541 72.9213 72.9213 36.3815 120
49700 1283.95 -309995 869.2 167521 72.9185 72.9185 36.38 120
49750 1287.77 -309997 1280.16 167504 72.916 72.916 36.3788 120
49800 1295.68 -309995 1169.12 167491 72.9142 72.9142 36.3779 120
49850 1297.69 -309974 1190.73 167482 72.9129 72.9129 36.3772 120
49900 1291.06 -309949 528.208 167477 72.9121 72.9121 36.3769 120
49950 1310.91 -309983 895.665 167474 72.9117 72.9117 36.3767 120
50000 1304.68 -309975 3158.13 167476 72.9119 72.9119 36.3768 120
50050 1295.25 -309964 1473.97 167484 72.9131 72.9131 36.3774 120
50100 1295.47 -309974 1671.98 167496 72.9148 72.9148 36.3782 120
50150 1307.08 -310005 476.389 167512 72.9171 72.9171 36.3794 120
50200 1296.52 -309998 2153.61 167532 72.92 72.92 36.3808 120
50250 1284.74 -309986 2375.71 167556 72.9235 72.9235 36.3826 120
50300 1285.5 -309996 1021.46 167585 72.9277 72.9277 36.3847 120
50350 1289.69 -310014 861.355 167617 72.9324 72.9324 36.387 120
50400 1281.26 -309998 440.229 167652 72.9374 72.9374 36.3895 120
50450 1303.55 -310029 -477.144 167688 72.9427 72.9427 36.3921 120
50500 1296.67 -309992 -1717.76 167724 72.9479 72.9479 36.3947 120
50550 1303.43 -309985 -356.406 167756 72.9526 72.9526 36.3971 120
50600 1300.09 -309965 654.722 167787 72.957 72.957 36.3993 120
50650 1304.92 -309966 -1369.07 167818 72.9616 72.9616 36.4015 120
50700 1288.37 -309934 -2009.81 167847 72.9658 72.9658 36.4036 120
50750 1306 -309969 31.5713 167872 72.9694 72.9694 36.4054 120
50800 1290.11 -309945 -2819.92 167893 72.9725 72.9725 36.407 120
50850 1298.11 -309975 -1861.71 167909 72.9747 72.9747 36.4081 120
50900 1296.71 -309992 -3359.26 167917 72.976 72.976 36.4087 120
50950 1289.61 -309993 -350.88 167919 72.9761 72.9761 36.4088 120
51000 1287.83 -309992 -2600.7 167915 72.9756 72.9756 36.4086 120
51050 1287.55 -309987 181.734 167904 72.974 72.974 36.4077 120
51100 1284.11 -309968 -1063.14 167888 72.9717 72.9717 36.4066 120
51150 1292.69 -309977 -3232.77 167866 72.9685 72.9685 36.405 120
51200 1293.54 -309971 -876.234 167835 72.964 72.964 36.4028 120
51250 1305.19 -309989 129.491 167800 72.959 72.959 36.4003 120
51300 1297.2 -309973 -201.003 167764 72.9537 72.9537 36.3976 120
51350 1292.99 -309964 -1157.51 167725 72.9481 72.9481 36.3948 120
51400 1306.07 -309988 -1582.38 167682 72.9419 72.9419 36.3917 120
51450 1308.36 -309991 644.783 167636 72.9352 72.9352 36.3884 120
51500 1294.85 -309967 1271.31 167590 72.9284 72.9284 36.385 120
51550 1292.01 -309967 -71.6395 167546 72.9221 72.9221 36.3819 120
51600 1292.44 -309981 1068.49 167505 72.9162 72.9162 36.3789 120
51650 1291.11 -309991 2248.76 167468 72.9107 72.9107 36.3762 120
51700 1280.71 -309982 4.65451 167433 72.9058 72.9058 36.3737 120
51750 1296.66 -310014 2186.82 167401 72.9011 72.9011 36.3714 120
51800 1298.12 -310012 2929.37 167372 72.8969 72.8969 36.3693 120
51850 1297.79 -309994 2473.25 167349 72.8936 72.8936 36.3676 120
51900 1302.35 -309979 1935.7 167335 72.8914 72.8914 36.3666 120
51950 1306.55 -309976 1773.25 167327 72.8903 72.8903 36.366 120
52000 1303.21 -309968 4219.24 167327 72.8903 72.8903 36.366 120
52050 1304.95 -309976 2360.33 167339 72.892 72.892 36.3669 120
52100 1305.71 -309984 1569.46 167358 72.8949 72.8949 36.3683 120
52150 1290.78 -309965 1945.58 167382 72.8983 72.8983 36.37 120
52200 1300.56 -309992 -174.946 167409 72.9023 72.9023 36.372 120
52250 1303.14 -310004 262.276 167438 72.9064 72.9064 36.374 120
52300 1296.58 -309997 784.556 167467 72.9107 72.9107 36.3761 120
52350 1295.18 -310004 950.431 167497 72.915 72.915 36.3783 120
52400 1289.42 -310003 -310.675 167527 72.9194 72.9194 36.3805 120
52450 1283.71 -309997 639.097 167558 72.9239 72.9239 36.3827 120
52500 1295.05 -310012 363.739 167591 72.9286 72.9286 36.3851 120
52550 1295.71 -309999 -1344.79 167623 72.9333 72.9333 36.3874 120
52600 1290.02 -309969 -238.887 167653 72.9377 72.9377 36.3896 120
52650 1297.18 -309968 407.67 167682 72.9419 72.9419 36.3917 120
52700 1300.67 -309966 399.221 167714 72.9464 72.9464 36.394 120
52750 1311.77 -309979 -181.396 167745 72.951 72.951 36.3963 120
52800 1313.76 -309982 -1048.32 167777 72.9556 72.9556 36.3986 120
52850 1308.78 -309974 -1386.57 167807 72.96 72.96 36.4007 120
52900 1305.41 -309975 -2027.77 167834 72.9638 72.9638 36.4027 120
52950 1285.71 -309960 -4583.68 167856 72.967 72.967 36.4043 120
53000 1284.74 -309978 -2974.31 167869 72.9689 72.9689 36.4052 120
53050 1301.11 -310019 -3981.21 167875 72.9697 72.9697 36.4056 120
53100 1289.69 -309994 -538.21 167872 72.9694 72.9694 36.4055 120
53150 1287.88 -309980 -2975.31 167864 72.9683 72.9683 36.4049 120
53200 1294.91 -309977 -2285.48 167847 72.9657 72.9657 36.4036 120
53250 1290.48 -309957 -2155.94 167822 72.9622 72.9622 36.4018 120
53300 1294.61 -309961 -2059.75 167791 72.9576 72.9576 36.3996 120
53350 1301.41 -309970 -1792.46 167754 72.9523 72.9523 36.3969 120
53400 1299.38 -309967 -2151.06 167711 72.946 72.946 36.3938 120
53450 1306.74 -309982 2713.51 167660 72.9387 72.9387 36.3901 120
53500 1303.08 -309979 -1604.08 167610 72.9314 72.9314 36.3865 120
53550 1297.18 -309973 -906.097 167555 72.9234 72.9234 36.3825 120
53600 1293.18 -309975 1493.01 167496 72.9148 72.9148 36.3782 120
53650 1302.01 -310008 -169.18 167437 72.9063 72.9063 36.374 120
53700 1288.83 -309996 1607.85 167378 72.8977 72.8977 36.3697 120
53750 1281.46 -309989 -197.328 167321 72.8895 72.8895 36.3656 120
53800 1295.01 -310010 3241.13 167266 72.8814 72.8814 36.3616 120
53850 1297.64 -309999 3068.27 167216 72.8742 72.8742 36.358 120
53900 1301.73 -309983 1973.74 167176 72.8685 72.8685 36.3551 120
53950 1305.36 -309978 3105.8 167146 72.864 72.864 36.3529 120
54000 1311.2 -309988 2269.6 167126 72.8611 72.8611 36.3514 120
54050 1309.73 -309990 4088.17 167116 72.8596 72.8596 36.3507 120
54100 1295.35 -309970 4451.19 167116 72.8596 72.8596 36.3507 120
54150 1301.88 -309993 3042.01 167126 72.8612 72.8612 36.3515 120
54200 1306.36 -310013 3877.77 167146 72.8641 72.8641 36.3529 120
54250 1296.16 -310002 5443.49 167178 72.8687 72.8687 36.3552 120
54300 1295.13 -310006 1450.34 167222 72.8751 72.8751 36.3584 120
54350 1294.42 -310010 1927.93 167271 72.8822 72.8822 36.3619 120
54400 1288.16 -310003 986.524 167324 72.89 72.89 36.3658 120
54450 1299.09 -310019 973.343 167383 72.8984 72.8984 36.37 120
54500 1294.7 -309995 -1050.17 167445 72.9075 72.9075 36.3746 120
54550 1289.35 -309963 -83.0502 167508 72.9166 72.9166 36.3791 120
54600 1309.09 -309984 -595.907 167572 72.9259 72.9259 36.3838 120
54650 1310.94 -309976 355.542 167637 72.9353 72.9353 36.3885 120
54700 1313.18 -309978 -71.0191 167703 72.9449 72.9449 36.3932 120
54750 1308.96 -309975 -1161.16 167766 72.954 72.954 36.3978 120
54800 1306.82 -309984 -1917.06 167826 72.9627 72.9627 36.4021 120
54850 1290.47 -309970 -3320.22 167878 72.9703 72.9703 36.4059 120
54900 1294.07 -309987 -3224.77 167922 72.9766 72.9766 36.409 120
54950 1293.53 -309992 -3548.35 167954 72.9813 72.9813 36.4114 120
55000 1282.23 -309969 -3636.83 167977 72.9845 72.9845 36.413 120
55050 1293.31 -309980 -2433.08 167985 72.9858 72.9858 36.4136 120
55100 1301.92 -309967 -3670.7 167983 72.9855 72.9855 36.4135 120
55150 1305.52 -309948 -3888.66 167972 72.9838 72.9838 36.4126 120
55200 1322.27 -309977 -159.291 167949 72.9805 72.9805 36.411 120
55250 1310.94 -309962 -2581.95 167921 72.9765 72.9765 36.409 120
55300 1307.98 -309969 -2049.26 167886 72.9714 72.9714 36.4065 120
55350 1290.74 -309952 -1925.33 167847 72.9657 72.9657 36.4036 120
55400 1298.17 -309980 -811.826 167802 72.9593 72.9593 36.4004 120
55450 1300.16 -309993 -348.484 167754 72.9523 72.9523 36.3969 120
55500 1298.1 -309997 157.549 167704 72.9451 72.9451 36.3933 120
55550 1294.07 -309991 459.256 167656 72.9381 72.9381 36.3898 120
55600 1300.81 -310003 2038.22 167609 72.9312 72.9312 36.3864 120
55650 1295.5 -309985 333.14 167564 72.9248 72.9248 36.3832 120
55700 1310.08 -309990 -116.801 167522 72.9186 72.9186 36.3801 120
55750 1303.87 -309957 -162.759 167482 72.9128 72.9128 36.3772 120
55800 1314.36 -309970 1693.42 167444 72.9073 72.9073 36.3745 120
55850 1313.24 -309970 2027.94 167411 72.9026 72.9026 36.3721 120
55900 1299.51 -309956 4174.76 167385 72.8988 72.8988 36.3702 120
55950 1300.68 -309978 1452.75 167368 72.8963 72.8963 36.369 120
56000 1288.05 -309966 3087.27 167357 72.8947 72.8947 36.3682 120
56050 1299.82 -309993 717.836 167354 72.8943 72.8943 36.368 120
56100 1293.1 -309982 1470.59 167356 72.8945 72.8945 36.3681 120
56150 1300.09 -309996 664.98 167362 72.8955 72.8955 36.3686 120
56200 1298.51 -309991 1452.58 167373 72.8969 72.8969 36.3693 120
56250 1295.56 -309984 1455.4 167386 72.8989 72.8989 36.3703 120
56300 1297.91 -309980 1378.82 167405 72.9016 72.9016 36.3716 120
56350 1310.08 -309989 1385.43 167428 72.9051 72.9051 36.3734 120
56400 1306.18 -309962 2012.8 167457 72.9092 72.9092 36.3754 120
56450 1309.13 -309953 1475.1 167490 72.9141 72.9141 36.3778 120
56500 1316 -309964 -459.79 167526 72.9192 72.9192 36.3804 120
56550 1315.55 -309974 1196.48 167561 72.9244 72.9244 36.383 120
56600 1310.75 -309990 695.485 167600 72.9299 72.9299 36.3857 120
56650 1300.79 -309989 -1865.86 167640 72.9357 72.9357 36.3886 120
56700 1301.05 -309995 798.518 167676 72.941 72.941 36.3913 120
56750 1306.13 -310007 -397.813 167712 72.9462 72.9462 36.3939 120
56800 1302.09 -309998 -255.428 167746 72.9511 72.9511 36.3963 120
56850 1294.68 -309980 -1247.17 167779 72.9559 72.9559 36.3987 120
56900 1295.4 -309971 -1923.02 167807 72.96 72.96 36.4008 120
56950 1296.44 -309960 -2372.09 167830 72.9633 72.9633 36.4024 120
57000 1308 -309968 -1568.82 167844 72.9653 72.9653 36.4034 120
57050 1306.18 -309956 -1438.86 167850 72.9662 72.9662 36.4039 120
57100 1310.03 -309957 -1965.58 167851 72.9663 72.9663 36.4039 120
57150 1304.55 -309949 -2283.43 167846 72.9656 72.9656 36.4035 120
57200 1308.36 -309974 -1901.87 167836 72.9641 72.9641 36.4028 120
57250 1297.12 -309978 -1944.89 167818 72.9616 72.9616 36.4015 120
57300 1294.2 -309985 -2608.21 167793 72.9579 72.9579 36.3997 120
57350 1292.31 -309988 -494.487 167758 72.9528 72.9528 36.3972 120
57400 1305.18 -310010 -1887.42 167717 72.947 72.947 36.3943 120
57450 1296.95 -309990 -1537.62 167674 72.9406 72.9406 36.3911 120
57500 1299.72 -309985 239.654 167626 72.9337 72.9337 36.3877 120
57550 1301.22 -309970 -779.965 167577 72.9267 72.9267 36.3841 120
57600 1313.65 -309978 344.106 167528 72.9196 72.9196 36.3806 120
57650 1311.98 -309969 307.919 167482 72.9128 72.9128 36.3772 120
57700 1315.21 -309979 505.071 167437 72.9063 72.9063 36.374 120
57750 1299.59 -309972 1056.59 167395 72.9003 72.9003 36.371 120
57800 1302.19 -310007 3538.91 167357 72.8946 72.8946 36.3681 120
57850 1297.82 -310009 1311.59 167326 72.8901 72.8901 36.3659 120
57900 1303.2 -310021 2088.88 167300 72.8864 72.8864 36.364 120
57950 1300.15 -310010 2477.12 167279 72.8834 72.8834 36.3626 120
58000 1298.37 -309997 2435.73 167265 72.8813 72.8813 36.3615 120
58050 1302.88 -309996 3045.68 167259 72.8805 72.8805 36.3611 120
58100 1305.52 -309990 2642.53 167262 72.8808 72.8808 36.3613 120
58150 1300.57 -309972 1267.49 167271 72.8822 72.8822 36.362 120
58200 1306.57 -309976 2594.91 167287 72.8845 72.8845 36.3631 120
58250 1309.61 -309978 1390.11 167310 72.8879 72.8879 36.3648 120
58300 1306.53 -309975 2762.53 167339 72.8921 72.8921 36.3669 120
58350 1300.65 -309980 966.914 167374 72.8971 72.8971 36.3694 120
58400 1291.99 -309985 821.47 167410 72.9024 72.9024 36.372 120
58450 1293.09 -310002 185.426 167448 72.9079 72.9079 36.3747 120
58500 1286.14 -309994 -756.837 167486 72.9135 72.9135 36.3775 120
58550 1289.6 -309999 482.758 167526 72.9192 72.9192 36.3804 120
58600 1307.32 -310022 -344.411 167565 72.9248 72.9248 36.3832 120
58650 1294.73 -309982 -184.785 167602 72.9302 72.9302 36.3859 120
58700 1299.68 -309973 954.15 167637 72.9353 72.9353 36.3884 120
58750 1307.23 -309979 -2086.9 167671 72.9402 72.9402 36.3909 120
58800 1301.17 -309964 -1735.5 167699 72.9443 72.9443 36.3929 120
58850 1300.96 -309966 -85.3424 167722 72.9477 72.9477 36.3946 120
58900 1294.67 -309958 -678.255 167742 72.9506 72.9506 36.3961 120
58950 1279.37 -309935 -2191.62 167760 72.9531 72.9531 36.3973 120
59000 1297.29 -309975 -2741.59 167772 72.9549 72.9549 36.3982 120
59050 1300.07 -309985 -1728.75 167779 72.9559 72.9559 36.3987 120
59100 1307.62 -310003 -445.572 167781 72.9562 72.9562 36.3989 120
59150 1288.01 -309978 -1618.81 167781 72.9561 72.9561 36.3988 120
59200 1309.12 -310036 -1603.11 167773 72.9551 72.9551 36.3983 120
59250 1277.37 -309994 -2297.36 167760 72.9531 72.9531 36.3973 120
59300 1288.96 -310019 -2089.9 167738 72.95 72.95 36.3958 120
59350 1282.08 -309996 -1569.54 167712 72.9461 72.9461 36.3938 120
59400 1298.29 -310005 -961.314 167680 72.9416 72.9416 36.3916 120
59450 1299.02 -309987 382.956 167646 72.9366 72.9366 36.3891 120
59500 1295.54 -309972 -1703.36 167612 72.9317 72.9317 36.3867 120
59550 1302.2 -309981 897.947 167577 72.9267 72.9267 36.3841 120
59600 1296.49 -309970 1297.09 167545 72.922 72.922 36.3818 120
59650 1305.24 -309993 1632.85 167516 72.9178 72.9178 36.3797 120
59700 1295.38 -309984 626.304 167489 72.9138 72.9138 36.3777 120
59750 1301.13 -310003 6.24262 167463 72.9101 72.9101 36.3759 120
59800 1297.68 -310009 -542.517 167437 72.9063 72.9063 36.374 120
59850 1298.89 -310028 750.604 167412 72.9027 72.9027 36.3722 120
59900 1291.84 -310028 627.952 167391 72.8996 72.8996 36.3706 120
59950 1296.06 -310040 1288.9 167372 72.8969 72.8969 36.3693 120
60000 1288.94 -310015 2513.46 167357 72.8947 72.8947 36.3682 120
60050 1293.19 -309993 977.879 167345 72.8929 72.8929 36.3673 120
60100 1301.65 -309990 1929.27 167335 72.8916 72.8916 36.3666 120
60150 1299.97 -309980 440.933 167331 72.8908 72.8908 36.3663 120
60200 1300.33 -309979 3078.47 167330 72.8907 72.8907 36.3662 120
60250 1304.46 -309988 720.369 167337 72.8919 72.8919 36.3668 120
60300 1291.64 -309969 2181.83 167349 72.8936 72.8936 36.3676 120
60350 1284.02 -309965 2229.03 167365 72.8959 72.8959 36.3688 120
60400 1291.31 -309990 416.635 167384 72.8987 72.8987 36.3702 120
60450 1299.02 -310015 1139.74 167405 72.9016 72.9016 36.3716 120
60500 1300.89 -310028 -268.126 167427 72.9048 72.9048 36.3732 120
60550 1272.31 -309980 -1130.74 167451 72.9083 72.9083 36.375 120
60600 1293.08 -310016 601.237 167476 72.912 72.912 36.3768 120
60650 1292.32 -309993 2753.7 167502 72.9157 72.9157 36.3787 120
60700 1308.67 -310001 307.547 167532 72.9201 72.9201 36.3808 120
60750 1299.41 -309972 -651.643 167562 72.9245 72.9245 36.383 120
60800 1303.7 -309973 -1345.62 167592 72.9288 72.9288 36.3852 120
60850 1309.05 -309982 1316.2 167619 72.9328 72.9328 36.3872 120
60900 1308.37 -309982 -382.734 167648 72.9369 72.9369 36.3892 120
60950 1309.38 -309993 -2036.59 167674 72.9407 72.9407 36.3911 120
61000 1306.64 -310005 -359.352 167696 72.9439 72.9439 36.3927 120
61050 1290.96 -309996 -1661.44 167717 72.947 72.947 36.3943 120
61100 1291.18 -310007 -3358.52 167733 72.9493 72.9493 36.3954 120
61150 1294.03 -310010 -1265.49 167741 72.9504 72.9504 36.396 120
61200 1287.77 -309991 -304.989 167744 72.9508 72.9508 36.3962 120
61250 1295.57 -309998 -304.749 167742 72.9505 72.9505 36.396 120
61300 1288.09 -309977 -911.288 167736 72.9496 72.9496 36.3956 120
61350 1297.82 -309989 -1248.05 167725 72.9481 72.9481 36.3948 120
61400 1290.24 -309969 -1358.08 167713 72.9463 72.9463 36.3939 120
61450 1302.45 -309990 -1177.95 167696 72.9439 72.9439 36.3927 120
61500 1294.87 -309973 -37.5486 167678 72.9413 72.9413 36.3914 120
61550 1290.68 -309965 -986.29 167658 72.9384 72.9384 36.39 120
61600 1290.06 -309962 527.122 167633 72.9347 72.9347 36.3882 120
61650 1301.44 -309985 -1031.66 167606 72.9308 72.9308 36.3862 120
61700 1297.91 -309978 164.565 167578 72.9268 72.9268 36.3842 120
61750 1291.45 -309967 804.354 167551 72.9228 72.9228 36.3822 120
61800 1306.57 -309997 155.219 167526 72.9192 72.9192 36.3804 120
61850 1298.94 -309987 320.702 167503 72.9158 72.9158 36.3787 120
61900 1294.42 -309985 1772.13 167481 72.9127 72.9127 36.3772 120
61950 1291 -309985 1062.35 167463 72.9101 72.9101 36.3759 120
62000 1305.19 -310018 1252.54 167449 72.9081 72.9081 36.3749 120
62050 1300.23 -310010 -1208.57 167438 72.9065 72.9065 36.3741 120
62100 1299.22 -310008 2296.93 167429 72.9052 72.9052 36.3734 120
62150 1290.54 -309990 1209.01 167425 72.9045 72.9045 36.3731 120
62200 1291.01 -309981 1529.33 167424 72.9044 72.9044 36.373 120
62250 1312.1 -310002 1146.26 167429 72.9051 72.9051 36.3734 120
62300 1312.1 -309987 1004.82 167437 72.9063 72.9063 36.374 120
62350 1303.81 -309963 1638.94 167451 72.9083 72.9083 36.375 120
62400 1296.85 -309953 2488.25 167470 72.9111 72.9111 36.3764 120
62450 1312.24 -309992 1189.47 167498 72.9151 72.9151 36.3784 120
62500 1296.51 -309985 -643.442 167528 72.9195 72.9195 36.3806 120
62550 1299.49 -310010 604.22 167558 72.9238 72.9238 36.3827 120
62600 1287.06 -309992 1517.27 167588 72.9282 72.9282 36.3849 120
62650 1299.25 -310015 1559.28 167620 72.9329 72.9329 36.3872 120
62700 1279.39 -309973 387.676 167654 72.9377 72.9377 36.3897 120
62750 1298.98 -310000 -757.726 167688 72.9427 72.9427 36.3921 120
62800 1294.78 -309979 -537.176 167721 72.9475 72.9475 36.3945 120
62850 1295.73 -309971 -881.969 167751 72.9518 72.9518 36.3967 120
62900 1298.11 -309965 -1638.16 167776 72.9554 72.9554 36.3985 120
62950 1299.51 -309961 -1513.45 167796 72.9583 72.9583 36.3999 120
63000 1306.61 -309973 -1757.07 167813 72.9609 72.9609 36.4012 120
63050 1299.81 -309964 -1216.02 167827 72.9629 72.9629 36.4022 120
63100 1300.51 -309984 -1006.13 167836 72.9642 72.9642 36.4029 120
63150 1294.95 -309994 -1199.7 167840 72.9647 72.9647 36.4031 120
63200 1291.95 -310002 -1451.63 167838 72.9645 72.9645 36.403 120
63250 1286.43 -309991 -1570.82 167831 72.9635 72.9635 36.4025 120
63300 1302.35 -310015 -368.13 167818 72.9615 72.9615 36.4015 120
63350 1298.1 -309994 -427.566 167799 72.9589 72.9589 36.4002 120
63400 1299.36 -309977 -1093.64 167779 72.9559 72.956 36.3987 120
63450 1306.22 -309978 -1764.24 167756 72.9526 72.9526 36.3971 120
63500 1304.03 -309970 -999.862 167729 72.9486 72.9486 36.3951 120
63550 1314.38 -309993 836.214 167699 72.9443 72.9443 36.3929 120
63600 1301.01 -309976 -1243.07 167671 72.9403 72.9403 36.3909 120
63650 1297.1 -309978 349.008 167642 72.9361 72.9361 36.3888 120
63700 1296.76 -309984 -1168.13 167615 72.9322 72.9322 36.3869 120
63750 1296.82 -309988 1158.08 167590 72.9286 72.9286 36.3851 120
63800 1299.65 -309993 197.337 167569 72.9254 72.9254 36.3835 120
63850 1291.62 -309977 -1003.09 167548 72.9225 72.9225 36.382 120
63900 1292.54 -309977 -984.509 167528 72.9195 72.9195 36.3806 120
63950 1300.99 -309993 812.816 167508 72.9167 72.9167 36.3791 120
64000 1299.72 -309990 820.06 167492 72.9143 72.9143 36.378 120
64050 1288.69 -309964 1101.44 167481 72.9126 72.9126 36.3771 120
64100 1312.96 -310001 -925.564 167472 72.9114 72.9114 36.3765 120
64150 1302.76 -309961 1101.74 167463 72.9101 72.9101 36.3759 120
64200 1307.34 -309954 117.349 167458 72.9093 72.9093 36.3755 120
64250 1313.91 -309963 -854.944 167456 72.9091 72.9091 36.3754 120
64300 1312.81 -309970 743.57 167456 72.9091 72.9091 36.3754 120
64350 1300.93 -309968 960.591 167459 72.9095 72.9096 36.3756 120
64400 1301.91 -309989 1037.63 167466 72.9105 72.9105 36.3761 120
64450 1303.42 -310001 -1423.94 167476 72.9119 72.9119 36.3768 120
64500 1297.82 -309992 -1864.34 167484 72.9132 72.9132 36.3774 120
64550 1294.75 -309985 -658.414 167491 72.9141 72.9141 36.3779 120
64600 1305.65 -309999 327.664 167497 72.915 72.915 36.3783 120
64650 1305.3 -309990 1024.23 167504 72.916 72.916 36.3788 120
64700 1302.13 -309971 424.839 167512 72.9171 72.9171 36.3794 120
64750 1304.2 -309962 1768.99 167520 72.9183 72.9183 36.38 120
64800 1304.02 -309949 745.132 167531 72.9199 72.9199 36.3808 120
64850 1324.63 -309974 658.836 167543 72.9217 72.9217 36.3817 120
64900 1313.17 -309939 1175.4 167556 72.9235 72.9235 36.3826 120
64950 1320.38 -309954 906.489 167570 72.9256 72.9256 36.3836 120
65000 1310.53 -309958 597.201 167586 72.9279 72.9279 36.3848 120
65050 1300.71 -309964 805.816 167601 72.9301 72.9301 36.3859 120
65100 1298.33 -309975 1698.77 167619 72.9326 72.9326 36.3871 120
65150 1304.85 -309998 -1290.94 167639 72.9356 72.9356 36.3886 120
65200 1293.82 -309984 -1663.83 167657 72.9383 72.9383 36.3899 120
65250 1299.29 -309997 -274.768 167670 72.9401 72.9401 36.3908 120
65300 1298.96 -309993 -130.333 167680 72.9415 72.9415 36.3915 120
65350 1297.01 -309984 -1963.42 167688 72.9428 72.9428 36.3922 120
65400 1298.39 -309977 -664.513 167694 72.9436 72.9436 36.3926 120
65450 1299.16 -309962 -1592.79 167698 72.9441 72.9441 36.3928 120
65500 1307.02 -309962 -856.444 167697 72.944 72.944 36.3928 120
65550 1321.6 -309979 -947.169 167693 72.9435 72.9435 36.3925 120
65600 1313.05 -309966 650.103 167686 72.9424 72.9424 36.392 120
65650 1312.8 -309984 -1808.18 167677 72.9412 72.9412 36.3914 120
65700 1295.03 -309979 -2563.98 167666 72.9395 72.9395 36.3905 120
65750 1293.84 -309988 -1482.98 167649 72.9371 72.9371 36.3893 120
65800 1304.04 -310011 43.7244 167630 72.9343 72.9343 36.3879 120
65850 1295.52 -309994 434.881 167610 72.9314 72.9314 36.3865 120
65900 1286.01 -309973 -294.543 167589 72.9284 72.9284 36.385 120
65950 1300.84 -309994 -41.8538 167568 72.9253 72.9253 36.3834 120
66000 1296.58 -309978 -928.544 167545 72.9219 72.9219 36.3818 120
66050 1296.24 -309968 857.144 167520 72.9183 72.9183 36.38 120
66100 1307.91 -309979 551.981 167495 72.9146 72.9146 36.3781 120
66150 1305.42 -309965 -56.9098 167471 72.9113 72.9113 36.3764 120
66200 1310.61 -309968 1512.95 167450 72.9082 72.9082 36.3749 120
66250 1304.73 -309962 1489.64 167434 72.9058 72.9058 36.3737 120
66300 1303.14 -309981 1761.94 167420 72.9039 72.9039 36.3728 120
66350 1299.61 -309997 2713.58 167411 72.9026 72.9026 36.3721 120
66400 1295.56 -310002 610.447 167409 72.9022 72.9022 36.3719 120
66450 1295.6 -310006 1548.96 167411 72.9026 72.9026 36.3721 120
66500 1294.97 -310003 -324.684 167417 72.9035 72.9035 36.3726 120
66550 1298.75 -310000 961.382 167425 72.9046 72.9046 36.3731 120
66600 1298 -309985 -353.591 167436 72.9062 72.9062 36.3739 120
66650 1306.72 -309986 -24.8363 167448 72.9078 72.9078 36.3747 120
66700 1296.8 -309952 1747.4 167459 72.9094 72.9094 36.3755 120
66750 1303.7 -309958 257.424 167472 72.9113 72.9113 36.3765 120
66800 1308.62 -309970 -1524.65 167487 72.9135 72.9135 36.3776 120
66850 1313.12 -309985 -1133.17 167502 72.9157 72.9157 36.3787 120
66900 1306.27 -309977 1748.72 167516 72.9178 72.9178 36.3797 120
66950 1310.58 -309992 -699.597 167532 72.9201 72.9201 36.3808 120
67000 1307.85 -309992 -718.765 167547 72.9222 72.9222 36.3819 120
67050 1307.29 -310000 -1090.1 167559 72.924 72.924 36.3828 120
67100 1295.71 -309986 62.4293 167568 72.9254 72.9254 36.3835 120
67150 1292.15 -309988 -58.2369 167578 72.9268 72.9268 36.3842 120
67200 1299.42 -310006 -363.633 167587 72.9281 72.9281 36.3848 120
67250 1282.32 -309975 -735 167596 72.9293 72.9293 36.3854 120
67300 1300.64 -310000 -1510.53 167602 72.9302 72.9302 36.3859 120
67350 1292.3 -309962 1381.29 167605 72.9307 72.9307 36.3861 120
67400 1302.34 -309963 -1738.31 167607 72.931 72.931 36.3863 120
67450 1300.64 -309951 -63.2289 167605 72.9307 72.9307 36.3861 120
67500 1304.16 -309956 75.3893 167602 72.9302 72.9302 36.3859 120
67550 1312.06 -309979 -859.695 167597 72.9295 72.9295 36.3856 120
67600 1306.87 -309983 -504.903 167591 72.9286 72.9286 36.3851 120
67650 1300.36 -309989 -438 167584 72.9276 72.9276 36.3846 120
67700 1299.66 -310000 -404.47 167576 72.9264 72.9264 36.384 120
67750 1303.81 -310011 1078.5 167568 72.9253 72.9253 36.3834 120
67800 1297.89 -310000 -994.132 167562 72.9245 72.9245 36.3831 120
67850 1293.92 -309988 157.766 167555 72.9235 72.9235 36.3825 120
67900 1290.01 -309975 1158 167548 72.9224 72.9224 36.382 120
67950 1303.73 -309998 -165.193 167542 72.9216 72.9216 36.3816 120
68000 1293.4 -309975 -568.339 167538 72.921 72.921 36.3813 120
68050 1300.92 -309986 1615.63 167535 72.9206 72.9206 36.3811 120
68100 1288.17 -309955 -1234.52 167537 72.9208 72.9208 36.3812 120
68150 1305.65 -309972 -36.9787 167539 72.9211 72.9211 36.3814 120
68200 1319.09 -309978 422.352 167544 72.9218 72.9218 36.3817 120
68250 1314.33 -309957 400.115 167551 72.9228 72.9228 36.3822 120
68300 1313.33 -309959 1142.83 167559 72.9241 72.9241 36.3828 120
68350 1297.62 -309948 1413.84 167569 72.9255 72.9255 36.3836 120
68400 1302.69 -309981 198.263 167581 72.9273 72.9273 36.3844 120
68450 1307.87 -310002 271.086 167594 72.9291 72.9291 36.3853 120
68500 1298.27 -309989 -826.662 167607 72.931 72.931 36.3863 120
68550 1296.79 -309989 -1012.48 167619 72.9327 72.9327 36.3871 120
68600 1292.58 -309986 -2201.83 167628 72.934 72.934 36.3878 120
68650 1307.62 -310017 -1421.09 167631 72.9344 72.9344 36.388 120
68700 1290.79 -309984 -2339.53 167630 72.9343 72.9343 36.388 120
68750 1292.94 -309982 828.07 167626 72.9338 72.9338 36.3877 120
68800 1296.77 -309972 630.707 167623 72.9333 72.9333 36.3874 120
68850 1306.23 -309970 -490.555 167621 72.9329 72.9329 36.3873 120
68900 1301.2 -309950 -750.431 167618 72.9325 72.9325 36.3871 120
68950 1307.07 -309962 1640.84 167614 72.932 72.932 36.3868 120
69000 1306.73 -309972 -1710.36 167612 72.9317 72.9317 36.3866 120
69050 1302.96 -309982 183.798 167609 72.9312 72.9312 36.3864 120
69100 1304.51 -309999 -539.043 167607 72.9309 72.9309 36.3863 120
69150 1296.24 -309989 415.041 167604 72.9305 72.9305 36.3861 120
69200 1296.46 -309990 733.104 167600 72.93 72.93 36.3858 120
69250 1308.32 -310010 981.207 167597 72.9295 72.9295 36.3855 120
69300 1290.02 -309974 -146.055 167594 72.9291 72.9291 36.3853 120
69350 1295.53 -309980 56.394 167590 72.9285 72.9285 36.3851 120
69400 1312.34 -310005 -3218.29 167585 72.9278 72.9278 36.3847 120
69450 1304.34 -309981 552.548 167574 72.9261 72.9261 36.3839 120
69500 1306.28 -309972 73.1514 167561 72.9243 72.9243 36.383 120
69550 1305.18 -309956 -321.241 167548 72.9225 72.9225 36.382 120
69600 1309.09 -309957 913.335 167534 72.9204 72.9204 36.381 120
69650 1313.74 -309965 1427.72 167522 72.9187 72.9187 36.3801 120
69700 1312.35 -309979 1374.21 167512 72.9171 72.9171 36.3794 120
69750 1303.99 -309988 178.914 167503 72.9159 72.9159 36.3788 120
69800 1290.63 -309979 679.948 167495 72.9148 72.9148 36.3782 120
69850 1293.61 -309990 750.229 167488 72.9137 72.9137 36.3777 120
69900 1285.84 -309976 19.8971 167483 72.913 72.913 36.3773 120
69950 1301.53 -310002 1270.28 167480 72.9126 72.9126 36.3771 120
70000 1306.56 -310003 892.449 167483 72.913 72.913 36.3773 120
70050 1311.38 -309999 -31.6368 167489 72.9138 72.9138 36.3777 120
70100 1314.25 -309988 -1048.41 167495 72.9147 72.9147 36.3782 120
70150 1310.78 -309968 -783.246 167502 72.9157 72.9157 36.3787 120
70200 1304.81 -309947 -162.511 167508 72.9167 72.9167 36.3791 120
70250 1319.5 -309971 232.888 167517 72.9179 72.9179 36.3798 120
70300 1312.29 -309973 1145.42 167528 72.9195 72.9195 36.3806 120
70350 1296.66 -309975 -441.593 167540 72.9212 72.9212 36.3814 120
70400 1289.31 -309978 -696.797 167551 72.9229 72.9229 36.3822 120
70450 1301.13 -310007 -2039.1 167560 72.9241 72.9241 36.3829 120
70500 1295.09 -310000 400.643 167565 72.9249 72.9249 36.3832 120
