-473.892015
-473.886198
-473.884883
-473.884355
-473.882867
-473.881771
-473.881334
-473.880482
-473.879817
-473.879559
-473.880327
-473.891464
-473.879950
-473.879766
-473.879461
-473.879798
-473.878011
-473.878703
-473.878287
-473.878333
-473.877796
-473.875604
-473.890917
-473.876200
-473.875612
-473.874819
-473.873521
-473.873520
-473.872989
-473.873251
-473.873940
-473.874535
-473.874768
-473.891343
-473.875096
-473.874966
-473.875661
-473.875054
-473.874899
-473.874694
-473.874361
-473.873836
-473.873271
-473.872912
-473.890606
-473.889981
-473.889574
-473.888720
-473.887819
-473.887251
