# Time-averaged data for fix 2
# TimeStep c_thermo_temp c_thermo_pe c_thermo_press v_myVol v_myCella v_myCellb v_myCellc v_myCellgamma
0 727.732 -310368 -4247.64 165192 72.5789 72.5789 36.2106 120
50 722.574 -310369 -3576.55 165148 72.5726 72.5726 36.2075 120
100 721.378 -310376 -3857.66 165106 72.5663 72.5663 36.2044 120
150 722.33 -310388 -4309.22 165064 72.5602 72.5602 36.2013 120
200 714.186 -310383 -4320.34 165023 72.5543 72.5543 36.1984 120
250 718.483 -310401 -4733.39 164984 72.5485 72.5485 36.1954 120
300 719.771 -310414 -5064.36 164945 72.5428 72.5428 36.1926 120
350 713.767 -310413 -5356.34 164907 72.5372 72.5372 36.1898 120
400 714.615 -310424 -5503.89 164869 72.5317 72.5317 36.1871 120
450 713.521 -310432 -5149.25 164833 72.5263 72.5263 36.1844 120
500 709.485 -310434 -4807.55 164797 72.521 72.521 36.1818 120
550 704.661 -310435 -4209.4 164761 72.5158 72.5158 36.1792 120
600 706.17 -310448 -3587.83 164727 72.5108 72.5108 36.1766 120
650 704.976 -310456 -2823.78 164693 72.5058 72.5058 36.1742 120
700 704.839 -310465 -2276.11 164660 72.5009 72.5009 36.1717 120
750 697.104 -310459 -1715.37 164627 72.4962 72.4962 36.1694 120
800 692.398 -310460 -1121.65 164596 72.4916 72.4916 36.1671 120
850 695.758 -310475 -636.374 164565 72.487 72.487 36.1648 120
900 691.696 -310477 -74.3284 164535 72.4826 72.4826 36.1626 120
950 685.822 -310474 394.217 164506 72.4784 72.4784 36.1605 120
1000 685.03 -310482 644.293 164478 72.4742 72.4742 36.1584 120
1050 683.634 -310487 892.61 164450 72.4701 72.4701 36.1564 120
1100 684.15 -310496 937.903 164423 72.4662 72.4662 36.1544 120
1150 687.148 -310510 517.972 164397 72.4624 72.4624 36.1525 120
1200 685.407 -310516 -91.3435 164372 72.4587 72.4587 36.1506 120
1250 681.174 -310516 -496.814 164347 72.4551 72.4551 36.1488 120
1300 682.298 -310527 -842.807 164323 72.4515 72.4515 36.1471 120
1350 681.952 -310534 -1118.91 164300 72.4481 72.4481 36.1454 120
1400 674.369 -310528 -914.974 164277 72.4447 72.4447 36.1437 120
1450 670.794 -310530 -486.476 164254 72.4414 72.4414 36.142 120
1500 667.867 -310532 -41.4544 164232 72.4382 72.4382 36.1404 120
1550 668.089 -310540 511.344 164211 72.4351 72.4351 36.1389 120
1600 667.776 -310547 1323.83 164190 72.432 72.432 36.1373 120
1650 664.134 -310548 2070.57 164170 72.429 72.429 36.1359 120
1700 662.337 -310552 2768.96 164151 72.4262 72.4262 36.1344 120
1750 664.634 -310564 3230.84 164132 72.4234 72.4234 36.133 120
1800 658.885 -310559 3483.46 164114 72.4207 72.4207 36.1317 120
1850 655.404 -310560 3547.12 164096 72.4181 72.4181 36.1304 120
1900 657.362 -310571 3572.1 164079 72.4156 72.4156 36.1292 120
1950 658.016 -310579 3548.04 164063 72.4132 72.4132 36.128 120
2000 655.301 -310581 3582.49 164047 72.4109 72.4109 36.1268 120
2050 655.025 -310587 3443.25 164032 72.4087 72.4087 36.1257 120
2100 651.9 -310588 2986.35 164018 72.4066 72.4066 36.1247 120
2150 647.901 -310587 2545.65 164004 72.4045 72.4045 36.1236 120
2200 653.663 -310604 2145.35 163990 72.4025 72.4025 36.1226 120
2250 650.586 -310605 2212.76 163977 72.4006 72.4006 36.1217 120
2300 649.063 -310608 2248.18 163964 72.3988 72.3988 36.1208 120
2350 648.396 -310613 2382.08 163952 72.397 72.397 36.1199 120
2400 644.52 -310612 2619.13 163940 72.3952 72.3952 36.119 120
2450 640.454 -310611 2789.18 163929 72.3936 72.3936 36.1182 120
2500 640.923 -310617 2795.59 163918 72.392 72.392 36.1174 120
2550 638.506 -310618 2973.37 163908 72.3904 72.3904 36.1166 120
2600 638.165 -310624 3122.91 163898 72.3889 72.3889 36.1158 120
2650 640.978 -310635 3280.99 163888 72.3875 72.3875 36.1151 120
2700 636.518 -310632 3810.71 163879 72.3861 72.3861 36.1145 120
2750 635.264 -310635 4201.29 163870 72.3848 72.3848 36.1138 120
2800 638.212 -310646 4228.81 163862 72.3836 72.3836 36.1132 120
2850 635.397 -310647 4410.02 163854 72.3824 72.3824 36.1126 120
2900 633.375 -310647 4821.74 163846 72.3813 72.3813 36.1121 120
2950 635.051 -310656 5280.38 163839 72.3803 72.3803 36.1116 120
3000 634.208 -310659 5420.36 163833 72.3793 72.3794 36.1111 120
3050 630.191 -310657 5004.41 163827 72.3785 72.3785 36.1106 120
3100 623.887 -310649 4625.63 163821 72.3776 72.3776 36.1102 120
3150 626.736 -310659 4341.74 163816 72.3769 72.3769 36.1098 120
3200 627.741 -310666 4314.58 163811 72.3761 72.3761 36.1095 120
3250 625.058 -310666 4297.73 163806 72.3755 72.3755 36.1091 120
3300 624.453 -310669 4315.41 163802 72.3749 72.3749 36.1088 120
3350 626.114 -310677 4423.26 163798 72.3743 72.3743 36.1086 120
3400 625.621 -310680 4593.47 163795 72.3738 72.3738 36.1083 120
3450 625.524 -310684 4930.84 163792 72.3734 72.3734 36.1081 120
3500 620.301 -310678 5450.67 163789 72.373 72.373 36.1079 120
3550 617.848 -310677 5801.29 163787 72.3726 72.3726 36.1077 120
3600 622.896 -310690 6026.13 163785 72.3724 72.3724 36.1076 120
3650 622.667 -310694 6416.25 163784 72.3721 72.3721 36.1075 120
3700 618.213 -310690 6568.2 163783 72.372 72.372 36.1074 120
3750 616.687 -310690 6276.8 163782 72.3719 72.3719 36.1074 120
3800 615.707 -310692 5826.05 163782 72.3719 72.3719 36.1073 120
3850 612.273 -310689 5588.33 163782 72.3719 72.3719 36.1073 120
3900 615.062 -310698 5171.19 163782 72.372 72.372 36.1074 120
3950 608.499 -310689 5064.68 163783 72.3721 72.3721 36.1074 120
4000 602.678 -310680 5208.69 163784 72.3723 72.3723 36.1075 120
4050 608.382 -310694 5063.14 163786 72.3725 72.3725 36.1076 120
4100 609.071 -310698 5039.62 163788 72.3727 72.3727 36.1078 120
4150 610.431 -310703 5226.49 163790 72.373 72.373 36.1079 120
4200 615.282 -310715 5420.95 163792 72.3733 72.3733 36.1081 120
4250 611.338 -310710 6003.67 163794 72.3737 72.3737 36.1083 120
4300 609.818 -310709 6248.79 163797 72.3742 72.3742 36.1085 120
4350 610.783 -310713 5930.84 163801 72.3746 72.3746 36.1087 120
4400 609.665 -310712 5510.24 163804 72.3752 72.3752 36.109 120
4450 607.401 -310709 5308.06 163808 72.3757 72.3757 36.1093 120
4500 612.545 -310721 4978.56 163812 72.3763 72.3763 36.1096 120
4550 615.266 -310727 4667.02 163817 72.377 72.377 36.1099 120
4600 606.829 -310713 4792.77 163821 72.3777 72.3777 36.1102 120
4650 610.38 -310721 4524.09 163826 72.3784 72.3784 36.1106 120
4700 602.303 -310707 4689.67 163831 72.3791 72.3791 36.1109 120
4750 598.328 -310700 4884.98 163836 72.3799 72.3799 36.1113 120
4800 604.904 -310714 5016.7 163842 72.3807 72.3807 36.1117 120
4850 607.122 -310720 5229.89 163847 72.3815 72.3815 36.1121 120
4900 605.284 -310717 5348.65 163853 72.3824 72.3824 36.1126 120
4950 604.673 -310716 5488.64 163859 72.3833 72.3833 36.113 120
5000 609.354 -310725 5614.59 163865 72.3842 72.3842 36.1135 120
5050 613.878 -310734 5454.53 163872 72.3852 72.3852 36.114 120
5100 607.869 -310723 5397.72 163879 72.3862 72.3862 36.1145 120
5150 607.387 -310722 5156.22 163886 72.3872 72.3872 36.115 120
5200 613.549 -310734 4605.23 163893 72.3883 72.3883 36.1155 120
5250 612.573 -310732 4480.91 163901 72.3894 72.3894 36.1161 120
5300 608.333 -310723 4671.79 163908 72.3905 72.3905 36.1166 120
5350 606.332 -310719 4479.45 163916 72.3916 72.3916 36.1172 120
5400 606.723 -310719 4238.39 163924 72.3928 72.3928 36.1178 120
5450 610.354 -310725 4413.8 163932 72.394 72.394 36.1184 120
5500 612.309 -310729 4867.37 163940 72.3952 72.3952 36.119 120
5550 615.59 -310734 5169.94 163948 72.3964 72.3964 36.1196 120
5600 613.422 -310729 5405.56 163957 72.3977 72.3977 36.1202 120
5650 610.031 -310722 5367.55 163966 72.3989 72.3989 36.1208 120
5700 607.671 -310716 4859.11 163975 72.4003 72.4003 36.1215 120
5750 606.546 -310713 4131.23 163984 72.4016 72.4016 36.1222 120
5800 601.311 -310701 3727.96 163993 72.4029 72.4029 36.1228 120
5850 603.943 -310704 3074.61 164002 72.4043 72.4043 36.1235 120
5900 607.632 -310710 2694.71 164011 72.4057 72.4057 36.1242 120
5950 612.768 -310718 2801.91 164021 72.4071 72.4071 36.1249 120
6000 615.061 -310721 3048.88 164030 72.4084 72.4084 36.1256 120
6050 608.738 -310706 3374.73 164040 72.4098 72.4098 36.1263 120
6100 613.183 -310713 3205.01 164049 72.4112 72.4112 36.127 120
6150 617.36 -310719 3280.36 164059 72.4126 72.4126 36.1277 120
6200 615.443 -310713 3746.76 164068 72.414 72.414 36.1284 120
6250 617.911 -310716 3784.26 164078 72.4155 72.4155 36.1291 120
6300 618.011 -310714 3704.73 164088 72.4169 72.4169 36.1298 120
6350 615.837 -310708 3889.53 164098 72.4183 72.4183 36.1305 120
6400 615.854 -310705 4247.49 164107 72.4198 72.4198 36.1313 120
6450 616.451 -310704 4382.74 164118 72.4213 72.4213 36.132 120
6500 616.624 -310702 4008.19 164128 72.4228 72.4228 36.1327 120
6550 622.9 -310711 3136.75 164138 72.4243 72.4243 36.1335 120
6600 620.539 -310705 3182.43 164148 72.4258 72.4258 36.1342 120
6650 620.867 -310703 3773.44 164159 72.4273 72.4273 36.135 120
6700 621.094 -310702 3834 164169 72.4288 72.4288 36.1358 120
6750 615.51 -310689 3331.09 164179 72.4304 72.4304 36.1365 120
6800 618.818 -310692 2709.17 164190 72.4319 72.4319 36.1373 120
6850 620.873 -310694 2530.67 164201 72.4335 72.4335 36.1381 120
6900 621.691 -310693 2414.06 164211 72.435 72.435 36.1389 120
6950 623.259 -310694 2331.93 164222 72.4366 72.4366 36.1396 120
7000 625.661 -310697 2061.64 164232 72.4381 72.4381 36.1404 120
7050 626.595 -310696 1914.26 164243 72.4397 72.4397 36.1412 120
7100 624.821 -310690 2115.35 164253 72.4412 72.4412 36.1419 120
7150 621.788 -310683 2262.91 164263 72.4427 72.4427 36.1427 120
7200 623.623 -310685 2090.04 164274 72.4443 72.4443 36.1435 120
7250 625.276 -310686 2006.22 164284 72.4458 72.4458 36.1442 120
7300 625.85 -310685 2073.5 164295 72.4473 72.4473 36.145 120
7350 626.004 -310683 2293.53 164305 72.4488 72.4488 36.1457 120
7400 624.535 -310678 2503.51 164315 72.4504 72.4504 36.1465 120
7450 627.62 -310683 2420.92 164326 72.4519 72.4519 36.1473 120
7500 632.634 -310691 2368.4 164336 72.4534 72.4534 36.148 120
7550 637.61 -310699 2183.63 164346 72.4549 72.4549 36.1488 120
7600 633.435 -310690 2065.19 164356 72.4564 72.4564 36.1495 120
7650 623.845 -310670 2302.71 164367 72.4579 72.4579 36.1503 120
7700 629.9 -310680 2175.94 164377 72.4594 72.4594 36.151 120
7750 631.368 -310682 2166.57 164387 72.4609 72.4609 36.1518 120
7800 634.506 -310687 1981.52 164397 72.4624 72.4624 36.1525 120
7850 636.087 -310689 1956.79 164408 72.4639 72.4639 36.1533 120
7900 636.647 -310689 2021.96 164418 72.4654 72.4654 36.154 120
7950 635.403 -310685 2065.05 164428 72.4669 72.4669 36.1548 120
8000 628.644 -310672 1947.84 164438 72.4684 72.4684 36.1555 120
8050 627.169 -310669 1587.48 164448 72.4699 72.4699 36.1562 120
8100 628.404 -310671 1655.58 164458 72.4714 72.4714 36.157 120
8150 631.118 -310676 2267.81 164468 72.4728 72.4728 36.1577 120
8200 635.014 -310683 2504.47 164478 72.4743 72.4743 36.1584 120
8250 631.571 -310676 2136.47 164488 72.4758 72.4758 36.1592 120
8300 630.976 -310675 1525.61 164498 72.4773 72.4773 36.1599 120
8350 635.045 -310683 1072.98 164508 72.4787 72.4787 36.1606 120
8400 632.963 -310679 987.038 164518 72.4802 72.4802 36.1614 120
8450 630.33 -310674 884.753 164528 72.4816 72.4816 36.1621 120
8500 632.041 -310678 292.542 164538 72.483 72.483 36.1628 120
8550 625.725 -310667 87.8727 164547 72.4844 72.4844 36.1635 120
8600 630.323 -310676 98.8856 164557 72.4858 72.4858 36.1642 120
8650 631.551 -310679 344.362 164566 72.4872 72.4872 36.1649 120
8700 631.604 -310680 15.6506 164575 72.4885 72.4885 36.1655 120
8750 630.853 -310680 -532.336 164584 72.4899 72.4899 36.1662 120
8800 631.107 -310681 -370.579 164593 72.4912 72.4912 36.1669 120
8850 631.83 -310683 285.762 164602 72.4925 72.4925 36.1675 120
8900 628.988 -310679 592.173 164611 72.4937 72.4937 36.1681 120
8950 627.857 -310679 166.55 164619 72.495 72.495 36.1688 120
9000 629.356 -310682 -551.629 164628 72.4962 72.4962 36.1694 120
9050 630.162 -310685 -970.98 164636 72.4975 72.4975 36.17 120
9100 628.098 -310683 -611.208 164644 72.4986 72.4986 36.1706 120
9150 631.047 -310690 -238.921 164652 72.4998 72.4998 36.1712 120
9200 629.75 -310689 -174.493 164660 72.501 72.501 36.1717 120
9250 628.056 -310687 -238.753 164668 72.5021 72.5021 36.1723 120
9300 630.759 -310694 -117.197 164675 72.5032 72.5032 36.1729 120
9350 629.631 -310694 61.9299 164683 72.5043 72.5043 36.1734 120
9400 623.14 -310684 -140.016 164690 72.5054 72.5054 36.1739 120
9450 624.502 -310689 -742.297 164697 72.5064 72.5064 36.1745 120
9500 628.435 -310699 -1141.14 164704 72.5075 72.5075 36.175 120
9550 627.673 -310699 -1065.23 164711 72.5085 72.5085 36.1755 120
9600 623.785 -310694 -778.469 164718 72.5095 72.5095 36.176 120
9650 624.662 -310698 -945.466 164725 72.5105 72.5105 36.1765 120
9700 621.65 -310694 -1297.4 164731 72.5114 72.5114 36.177 120
9750 618.885 -310691 -1464.24 164737 72.5123 72.5123 36.1774 120
9800 626.447 -310707 -1470.66 164743 72.5132 72.5132 36.1779 120
9850 626.23 -310708 -1411.08 164749 72.5141 72.5141 36.1783 120
9900 623.098 -310704 -1631.22 164755 72.515 72.515 36.1787 120
9950 625.703 -310711 -1792.61 164761 72.5158 72.5158 36.1791 120
10000 626.098 -310714 -1784.58 164766 72.5166 72.5166 36.1795 120
10050 616.671 -310699 -1334.56 164771 72.5173 72.5173 36.1799 120
10100 621.062 -310709 -944.836 164776 72.5181 72.5181 36.1803 120
10150 627.466 -310724 -742.694 164781 72.5188 72.5188 36.1806 120
10200 618.431 -310708 -376.803 164786 72.5195 72.5195 36.181 120
10250 618.107 -310710 -472.789 164791 72.5202 72.5202 36.1813 120
10300 619.2 -310715 -762.347 164795 72.5209 72.5209 36.1817 120
10350 614.962 -310708 -941.184 164800 72.5215 72.5215 36.182 120
10400 616.79 -310714 -1397.52 164804 72.5222 72.5222 36.1823 120
10450 619.661 -310721 -1951.48 164809 72.5228 72.5228 36.1826 120
10500 616.317 -310717 -2063.51 164813 72.5234 72.5234 36.1829 120
10550 615.683 -310717 -2302.58 164817 72.524 72.524 36.1832 120
10600 613.969 -310716 -2484.73 164820 72.5245 72.5245 36.1835 120
10650 612.925 -310716 -2045.35 164824 72.525 72.525 36.1837 120
10700 617.799 -310727 -1369.53 164827 72.5255 72.5255 36.184 120
10750 617.607 -310728 -729.144 164830 72.5259 72.526 36.1842 120
10800 615.036 -310725 -580.245 164833 72.5264 72.5264 36.1844 120
10850 613.86 -310724 -681.964 164836 72.5268 72.5268 36.1847 120
10900 612.503 -310722 -823.845 164839 72.5273 72.5273 36.1849 120
10950 614.107 -310727 -1015.69 164842 72.5277 72.5277 36.1851 120
11000 618.542 -310737 -890.483 164845 72.5281 72.5281 36.1853 120
11050 620.381 -310741 -684.451 164847 72.5285 72.5285 36.1855 120
11100 615.617 -310734 -778.686 164850 72.5288 72.5288 36.1856 120
11150 611.608 -310727 -1308.8 164852 72.5292 72.5292 36.1858 120
11200 608.909 -310723 -1966.79 164855 72.5295 72.5295 36.186 120
11250 608.656 -310723 -2096.96 164857 72.5299 72.5299 36.1862 120
11300 610.865 -310728 -1802.99 164859 72.5302 72.5302 36.1863 120
11350 614.774 -310736 -1621.25 164861 72.5304 72.5304 36.1864 120
11400 616.618 -310740 -1415.91 164862 72.5307 72.5307 36.1866 120
11450 615.432 -310739 -1011.22 164864 72.5309 72.5309 36.1867 120
11500 611.879 -310733 -751.892 164866 72.5312 72.5312 36.1868 120
11550 604.834 -310720 -802.319 164867 72.5314 72.5314 36.1869 120
11600 604.86 -310720 -1053.93 164869 72.5316 72.5316 36.187 120
11650 606.192 -310723 -1179.12 164870 72.5318 72.5318 36.1871 120
11700 606.149 -310723 -1143.96 164871 72.532 72.532 36.1872 120
11750 612.17 -310734 -1160.14 164872 72.5321 72.5321 36.1873 120
11800 614.461 -310739 -1263.55 164873 72.5323 72.5323 36.1874 120
11850 616.28 -310742 -1613.66 164874 72.5324 72.5324 36.1874 120
11900 619.639 -310749 -2021.89 164875 72.5326 72.5326 36.1875 120
11950 611.209 -310732 -1799.95 164876 72.5327 72.5327 36.1876 120
12000 608.538 -310726 -1749.2 164877 72.5328 72.5328 36.1876 120
12050 612.387 -310733 -1710.13 164877 72.5328 72.5328 36.1876 120
12100 617.866 -310743 -1441.01 164877 72.5329 72.5329 36.1877 120
12150 617.517 -310742 -963.851 164878 72.5329 72.5329 36.1877 120
12200 611.889 -310730 -305.933 164878 72.5329 72.5329 36.1877 120
12250 613.172 -310732 -110.605 164878 72.533 72.533 36.1877 120
12300 615.588 -310736 -486.51 164878 72.533 72.533 36.1877 120
12350 611.124 -310727 -690.329 164878 72.533 72.533 36.1877 120
12400 614.424 -310732 -828.43 164878 72.533 72.533 36.1877 120
12450 619.985 -310742 -900.301 164878 72.533 72.533 36.1877 120
12500 616.146 -310733 -959.222 164878 72.533 72.533 36.1877 120
12550 613.796 -310727 -1349.01 164878 72.533 72.533 36.1877 120
12600 613.755 -310726 -1491.3 164878 72.533 72.533 36.1877 120
12650 614.032 -310726 -1370.76 164878 72.533 72.533 36.1877 120
12700 616.616 -310730 -1276.82 164878 72.5329 72.5329 36.1877 120
12750 618.661 -310733 -1024.69 164877 72.5328 72.5328 36.1876 120
12800 615.942 -310726 -685.805 164877 72.5328 72.5328 36.1876 120
12850 614.741 -310723 -593.102 164876 72.5327 72.5327 36.1876 120
12900 616.967 -310726 -763.419 164876 72.5326 72.5326 36.1875 120
12950 617.13 -310725 -1042.46 164875 72.5325 72.5325 36.1875 120
13000 614.631 -310719 -1119.61 164874 72.5324 72.5324 36.1874 120
13050 612.189 -310712 -1008.77 164874 72.5323 72.5323 36.1874 120
13100 615.883 -310718 -888.533 164873 72.5322 72.5322 36.1873 120
13150 620.245 -310724 -796.673 164872 72.5321 72.5321 36.1873 120
13200 622.837 -310728 -1046.12 164871 72.532 72.532 36.1872 120
13250 620.634 -310722 -1477.23 164870 72.5318 72.5318 36.1871 120
13300 619.822 -310719 -1804.62 164869 72.5317 72.5317 36.1871 120
13350 622.801 -310723 -1876.79 164868 72.5315 72.5315 36.187 120
13400 624.762 -310725 -1691.95 164867 72.5313 72.5313 36.1869 120
13450 621.879 -310718 -1256.81 164866 72.5312 72.5312 36.1868 120
13500 626.302 -310725 -1203.89 164864 72.531 72.531 36.1867 120
13550 625.875 -310722 -861.69 164863 72.5307 72.5307 36.1866 120
13600 621.183 -310712 -220.493 164861 72.5305 72.5305 36.1865 120
13650 623.917 -310716 -43.0315 164860 72.5303 72.5303 36.1864 120
13700 624.536 -310715 -85.3989 164858 72.5301 72.5301 36.1863 120
13750 624.238 -310714 -48.8897 164857 72.5299 72.5299 36.1862 120
13800 625.016 -310714 157.323 164856 72.5297 72.5297 36.1861 120
13850 624.45 -310712 372.203 164854 72.5295 72.5295 36.186 120
13900 624.061 -310710 270.143 164853 72.5293 72.5293 36.1859 120
13950 624.897 -310711 -171.104 164852 72.5291 72.5291 36.1858 120
14000 629.245 -310717 -864.465 164850 72.5289 72.5289 36.1857 120
14050 628.334 -310715 -1125.24 164849 72.5287 72.5287 36.1856 120
14100 624.689 -310706 -1081.98 164847 72.5285 72.5285 36.1855 120
14150 623.399 -310703 -1148.68 164846 72.5283 72.5283 36.1854 120
14200 622.563 -310701 -1177.75 164844 72.528 72.528 36.1853 120
14250 623.95 -310702 -1010.05 164843 72.5278 72.5278 36.1851 120
14300 624.756 -310703 -632.519 164841 72.5276 72.5276 36.185 120
14350 631.042 -310714 -784.383 164840 72.5273 72.5273 36.1849 120
14400 630.395 -310712 -771.491 164838 72.5271 72.5271 36.1848 120
14450 628.755 -310708 -359.261 164836 72.5268 72.5268 36.1847 120
14500 629.293 -310708 21.4043 164834 72.5266 72.5266 36.1845 120
14550 628.142 -310706 94.5091 164833 72.5263 72.5263 36.1844 120
14600 630.72 -310710 -380.937 164831 72.5261 72.5261 36.1843 120
14650 631.752 -310712 -849.737 164829 72.5259 72.5259 36.1842 120
14700 632.889 -310714 -1127.59 164828 72.5256 72.5256 36.184 120
14750 630.557 -310709 -1210.41 164826 72.5253 72.5253 36.1839 120
14800 632.479 -310713 -1406.65 164824 72.5251 72.5251 36.1838 120
14850 631.783 -310712 -1215.86 164822 72.5248 72.5248 36.1836 120
14900 628.208 -310705 -725.537 164820 72.5245 72.5245 36.1835 120
14950 625.24 -310699 -478.125 164818 72.5242 72.5242 36.1834 120
15000 626.933 -310702 -626.24 164816 72.5239 72.5239 36.1832 120
15050 633.263 -310715 -1163.7 164814 72.5237 72.5237 36.1831 120
15100 630.804 -310711 -1518.26 164812 72.5234 72.5234 36.1829 120
15150 628.075 -310706 -1868.49 164810 72.523 72.523 36.1828 120
15200 626.036 -310703 -2214.43 164808 72.5227 72.5227 36.1826 120
15250 626.151 -310704 -2689.13 164806 72.5224 72.5224 36.1824 120
15300 625.149 -310702 -3077.45 164803 72.522 72.522 36.1822 120
15350 624.871 -310703 -3064.59 164801 72.5216 72.5216 36.1821 120
15400 628.079 -310710 -2577.82 164798 72.5212 72.5212 36.1818 120
15450 631.547 -310717 -2103.39 164795 72.5208 72.5208 36.1816 120
15500 628.25 -310712 -1389.48 164792 72.5203 72.5203 36.1814 120
15550 624.631 -310706 -883.919 164789 72.5199 72.5199 36.1812 120
15600 623.922 -310705 -940.777 164786 72.5194 72.5194 36.181 120
15650 626.135 -310711 -961.448 164783 72.519 72.519 36.1807 120
15700 631.215 -310722 -786.666 164779 72.5185 72.5185 36.1805 120
15750 632.638 -310726 -477.657 164776 72.518 72.518 36.1803 120
15800 627.395 -310716 28.4772 164773 72.5176 72.5176 36.18 120
15850 626.62 -310717 324.853 164770 72.5171 72.5171 36.1798 120
15900 624.329 -310714 635.526 164767 72.5167 72.5167 36.1796 120
15950 622.115 -310711 782.241 164764 72.5162 72.5162 36.1794 120
16000 622.633 -310713 858.54 164761 72.5158 72.5158 36.1791 120
16050 627.944 -310725 889.27 164758 72.5154 72.5154 36.1789 120
16100 627.14 -310725 1062.17 164755 72.515 72.515 36.1787 120
16150 627.441 -310727 918.273 164753 72.5146 72.5146 36.1785 120
16200 620.598 -310716 703.435 164750 72.5142 72.5142 36.1784 120
16250 625.013 -310726 -22.7906 164748 72.5138 72.5138 36.1782 120
16300 626.003 -310729 -92.0612 164745 72.5135 72.5135 36.178 120
16350 623.685 -310726 433.627 164743 72.5131 72.5131 36.1778 120
16400 623.428 -310728 913.769 164740 72.5128 72.5128 36.1776 120
16450 622.045 -310727 1088.09 164738 72.5124 72.5124 36.1775 120
16500 623.597 -310732 795.866 164736 72.5121 72.5121 36.1773 120
16550 618.724 -310724 846.203 164734 72.5118 72.5118 36.1771 120
16600 619.941 -310728 702.102 164732 72.5115 72.5115 36.177 120
16650 618.003 -310726 418.383 164730 72.5112 72.5112 36.1769 120
16700 614.435 -310721 189.283 164728 72.5109 72.5109 36.1767 120
16750 619.755 -310733 -21.205 164726 72.5106 72.5106 36.1766 120
16800 619.609 -310735 -175.354 164724 72.5104 72.5104 36.1764 120
16850 614.843 -310727 -169.04 164722 72.5101 72.5101 36.1763 120
16900 616.265 -310731 69.4104 164720 72.5098 72.5098 36.1762 120
16950 619.95 -310739 278.307 164718 72.5095 72.5095 36.176 120
17000 620.427 -310742 248.642 164716 72.5093 72.5093 36.1759 120
17050 617.256 -310737 146.412 164715 72.509 72.509 36.1758 120
17100 618.348 -310741 -34.869 164713 72.5087 72.5087 36.1756 120
17150 617.282 -310740 125.809 164711 72.5085 72.5085 36.1755 120
17200 613.66 -310734 399.683 164709 72.5082 72.5082 36.1754 120
17250 616.223 -310741 278.883 164708 72.508 72.508 36.1753 120
17300 617.342 -310744 -137.507 164706 72.5078 72.5078 36.1751 120
17350 615.329 -310741 -433.723 164704 72.5075 72.5075 36.175 120
17400 617.936 -310748 -371.365 164703 72.5073 72.5073 36.1749 120
17450 612.228 -310737 -44.25 164701 72.507 72.507 36.1748 120
17500 609.261 -310732 -139.07 164700 72.5068 72.5068 36.1747 120
17550 616.86 -310748 -230.623 164698 72.5066 72.5066 36.1745 120
17600 612.843 -310742 360.991 164696 72.5063 72.5063 36.1744 120
17650 610.12 -310737 730.04 164695 72.5061 72.5061 36.1743 120
17700 613.275 -310744 562.054 164693 72.5059 72.5059 36.1742 120
17750 614.742 -310747 303.938 164692 72.5057 72.5057 36.1741 120
17800 615.513 -310749 388.902 164690 72.5055 72.5055 36.174 120
17850 613.969 -310747 833.33 164689 72.5053 72.5053 36.1739 120
17900 613.171 -310745 1265.47 164688 72.5051 72.5051 36.1738 120
17950 613.816 -310747 1416.5 164686 72.5049 72.5049 36.1737 120
18000 613.275 -310746 1377.39 164685 72.5047 72.5047 36.1736 120
18050 610.832 -310741 1737.04 164684 72.5046 72.5046 36.1735 120
18100 616.462 -310752 1919.07 164683 72.5044 72.5044 36.1735 120
18150 614.008 -310747 1826.12 164683 72.5043 72.5043 36.1734 120
18200 612.47 -310744 1512.34 164682 72.5042 72.5042 36.1734 120
18250 616.866 -310753 1184.63 164682 72.5041 72.5041 36.1733 120
18300 616.645 -310752 1269.17 164681 72.5041 72.5041 36.1733 120
18350 611.751 -310742 1523.5 164681 72.504 72.504 36.1733 120
18400 610.863 -310740 1357.23 164680 72.504 72.504 36.1733 120
18450 610.931 -310740 990.612 164680 72.504 72.504 36.1732 120
18500 615.116 -310747 891.678 164680 72.5039 72.5039 36.1732 120
18550 620.533 -310757 1224.09 164680 72.5039 72.5039 36.1732 120
18600 617.334 -310751 1374.07 164680 72.5039 72.5039 36.1732 120
18650 613.467 -310743 1169.08 164680 72.5039 72.5039 36.1732 120
18700 612.367 -310740 1178.36 164680 72.504 72.504 36.1732 120
18750 615.924 -310746 1013.47 164681 72.504 72.504 36.1733 120
18800 615.738 -310746 670.991 164681 72.5041 72.5041 36.1733 120
18850 618.781 -310750 305.126 164681 72.5041 72.5041 36.1733 120
18900 614.44 -310741 544.392 164682 72.5042 72.5042 36.1733 120
18950 612.994 -310737 803.015 164682 72.5042 72.5042 36.1734 120
19000 614.998 -310740 1042.3 164682 72.5043 72.5043 36.1734 120
19050 622.095 -310752 1185.99 164683 72.5044 72.5044 36.1734 120
19100 619.252 -310746 1684.87 164684 72.5044 72.5044 36.1735 120
19150 615.222 -310737 1970.39 164684 72.5045 72.5045 36.1735 120
19200 617.277 -310740 1845.16 164685 72.5047 72.5047 36.1736 120
19250 618.581 -310742 1518.95 164686 72.5048 72.5048 36.1737 120
19300 615.305 -310734 1205.51 164687 72.5049 72.5049 36.1737 120
19350 612.765 -310728 1289.15 164688 72.5051 72.5051 36.1738 120
19400 620.207 -310741 1363.43 164689 72.5053 72.5053 36.1739 120
19450 622.702 -310745 1364.73 164690 72.5054 72.5054 36.174 120
19500 622.77 -310743 1431.89 164692 72.5056 72.5056 36.1741 120
19550 626.13 -310748 1714.14 164693 72.5058 72.5058 36.1742 120
19600 619.84 -310735 2262.68 164694 72.506 72.506 36.1743 120
19650 617.075 -310729 2522.14 164696 72.5063 72.5063 36.1744 120
19700 621.416 -310736 2454.4 164698 72.5065 72.5065 36.1745 120
19750 621.42 -310735 2258.8 164700 72.5068 72.5068 36.1747 120
19800 624.277 -310739 1881.9 164702 72.5071 72.5071 36.1748 120
19850 627.277 -310744 1368.81 164704 72.5074 72.5074 36.175 120
19900 625.224 -310738 973.078 164706 72.5077 72.5077 36.1751 120
19950 623.42 -310734 820.137 164708 72.508 72.508 36.1753 120
20000 622.279 -310731 711.69 164710 72.5084 72.5084 36.1754 120
20050 626.78 -310738 683.646 164713 72.5087 72.5087 36.1756 120
20100 624.996 -310734 1287.41 164715 72.509 72.509 36.1758 120
20150 624.212 -310731 1666.95 164717 72.5094 72.5094 36.1759 120
20200 622.51 -310727 1880.62 164720 72.5097 72.5097 36.1761 120
20250 623.528 -310728 1930.32 164722 72.5101 72.5101 36.1763 120
20300 626.307 -310733 1664.24 164725 72.5105 72.5105 36.1765 120
20350 626.789 -310733 1369.27 164727 72.5109 72.5109 36.1767 120
20400 624.092 -310727 1207.79 164730 72.5113 72.5113 36.1769 120
20450 622.519 -310723 1126.99 164733 72.5117 72.5117 36.1771 120
20500 624.032 -310725 1164.22 164736 72.5121 72.5121 36.1773 120
20550 622.016 -310721 1275.51 164739 72.5125 72.5125 36.1775 120
20600 621.911 -310720 1199.45 164742 72.513 72.513 36.1777 120
20650 625.537 -310726 1053.9 164745 72.5134 72.5134 36.178 120
20700 627.822 -310729 932.682 164748 72.5139 72.5139 36.1782 120
20750 620.783 -310715 1011.31 164751 72.5143 72.5143 36.1784 120
20800 622.668 -310719 781.673 164754 72.5148 72.5148 36.1786 120
20850 627.946 -310728 488.513 164757 72.5152 72.5152 36.1789 120
20900 626.931 -310725 464.13 164760 72.5157 72.5157 36.1791 120
20950 630.117 -310731 560.055 164763 72.5161 72.5161 36.1793 120
21000 633.692 -310738 1012.6 164766 72.5166 72.5166 36.1795 120
21050 628.606 -310728 1858.39 164769 72.5171 72.5171 36.1798 120
21100 626.461 -310723 2223.82 164773 72.5175 72.5175 36.18 120
21150 628.029 -310727 2068.25 164776 72.518 72.518 36.1803 120
21200 625.69 -310722 1798.79 164780 72.5185 72.5185 36.1805 120
21250 629.841 -310731 1638.76 164783 72.519 72.519 36.1808 120
21300 629.671 -310730 1992.48 164787 72.5196 72.5196 36.181 120
21350 628.944 -310728 1944.8 164790 72.5201 72.5201 36.1813 120
21400 625.955 -310723 1852.29 164794 72.5207 72.5207 36.1816 120
21450 629.798 -310731 1793.07 164798 72.5212 72.5212 36.1819 120
21500 630.127 -310732 1703.52 164802 72.5218 72.5218 36.1822 120
21550 626.904 -310726 1343.89 164806 72.5224 72.5224 36.1824 120
21600 627.339 -310727 859.964 164810 72.523 72.523 36.1827 120
21650 626.655 -310726 537.146 164814 72.5236 72.5236 36.183 120
21700 627.678 -310729 246.956 164818 72.5242 72.5242 36.1833 120
21750 627.496 -310730 269.931 164822 72.5248 72.5248 36.1836 120
21800 627.251 -310730 137.609 164826 72.5254 72.5254 36.1839 120
21850 622.467 -310721 185.893 164830 72.526 72.526 36.1842 120
21900 623.188 -310724 357.966 164834 72.5266 72.5266 36.1845 120
21950 624.733 -310727 312.615 164838 72.5271 72.5271 36.1848 120
22000 626.142 -310731 -178.375 164842 72.5277 72.5277 36.1851 120
22050 626.087 -310731 -731.204 164846 72.5283 72.5283 36.1854 120
22100 625.233 -310731 -957.354 164850 72.5289 72.5289 36.1857 120
22150 625.888 -310733 -1008.88 164854 72.5294 72.5294 36.1859 120
22200 621.492 -310725 -956.169 164857 72.5299 72.5299 36.1862 120
22250 619.303 -310722 -1062.2 164861 72.5304 72.5304 36.1865 120
22300 621.755 -310728 -1125.77 164864 72.531 72.531 36.1867 120
22350 623.79 -310734 -980.337 164868 72.5314 72.5314 36.1869 120
22400 623.724 -310734 -613.566 164871 72.5319 72.5319 36.1872 120
22450 624.216 -310737 -271.12 164874 72.5324 72.5324 36.1874 120
22500 619.789 -310729 73.4318 164877 72.5328 72.5328 36.1876 120
22550 621.761 -310734 31.3801 164880 72.5333 72.5333 36.1879 120
22600 620.416 -310733 50.3619 164883 72.5337 72.5337 36.1881 120
22650 618.723 -310731 149.817 164886 72.5342 72.5342 36.1883 120
22700 623.575 -310741 202.684 164889 72.5346 72.5346 36.1885 120
22750 627.842 -310750 220.399 164892 72.5351 72.5351 36.1888 120
22800 625.009 -310746 415.895 164895 72.5355 72.5355 36.189 120
22850 620.154 -310738 430.576 164898 72.5359 72.5359 36.1892 120
22900 626.1 -310751 -80.1765 164901 72.5364 72.5364 36.1894 120
22950 626.825 -310754 -338.131 164904 72.5368 72.5368 36.1896 120
23000 621.809 -310745 -445.777 164907 72.5372 72.5372 36.1898 120
23050 615.581 -310734 -373.756 164910 72.5376 72.5376 36.19 120
23100 614.77 -310734 -308.093 164913 72.5381 72.5381 36.1903 120
23150 617.604 -310740 -216.886 164915 72.5385 72.5385 36.1905 120
23200 612.642 -310731 90.8442 164918 72.5389 72.5389 36.1907 120
23250 619.839 -310746 -52.8664 164921 72.5393 72.5393 36.1908 120
23300 617.368 -310742 -2.59861 164924 72.5396 72.5396 36.191 120
23350 613.374 -310736 -143.988 164926 72.54 72.54 36.1912 120
23400 616.521 -310743 -269.86 164929 72.5404 72.5404 36.1914 120
23450 616.472 -310744 -160.266 164931 72.5408 72.5408 36.1916 120
23500 618.996 -310749 -107.163 164934 72.5412 72.5412 36.1918 120
23550 621.101 -310754 -95.6683 164936 72.5415 72.5415 36.192 120
23600 617.265 -310748 -403.125 164939 72.5419 72.5419 36.1922 120
23650 615.809 -310747 -814.396 164941 72.5422 72.5422 36.1923 120
23700 613.413 -310742 -721.858 164944 72.5426 72.5426 36.1925 120
23750 617.341 -310751 -867.699 164946 72.5429 72.5429 36.1927 120
23800 619.31 -310755 -1136.09 164948 72.5432 72.5432 36.1928 120
23850 616.398 -310750 -1173.51 164950 72.5436 72.5436 36.193 120
23900 614.922 -310748 -1140.79 164952 72.5439 72.5439 36.1931 120
23950 611.629 -310742 -743.51 164954 72.5441 72.5441 36.1933 120
24000 614.471 -310748 -583.788 164956 72.5444 72.5444 36.1934 120
24050 613.251 -310746 -587.9 164958 72.5447 72.5447 36.1936 120
24100 614.648 -310749 -606.449 164960 72.5449 72.5449 36.1937 120
24150 615.044 -310750 -470.068 164961 72.5452 72.5452 36.1938 120
24200 616.914 -310753 -625.687 164963 72.5454 72.5454 36.1939 120
24250 615.05 -310750 -789.044 164965 72.5457 72.5457 36.194 120
24300 616.76 -310753 -820.552 164966 72.5459 72.5459 36.1942 120
24350 618.323 -310756 -602.089 164968 72.5461 72.5461 36.1943 120
24400 612.912 -310746 -250.032 164969 72.5463 72.5463 36.1944 120
24450 618.574 -310757 -471.819 164970 72.5465 72.5465 36.1945 120
24500 621.059 -310762 -419.371 164972 72.5467 72.5467 36.1946 120
24550 615.644 -310751 5.06901 164973 72.5469 72.5469 36.1947 120
24600 612.569 -310745 328.223 164974 72.5471 72.5471 36.1948 120
24650 616.936 -310753 591.626 164976 72.5473 72.5473 36.1949 120
24700 620.592 -310760 889.648 164977 72.5475 72.5475 36.195 120
24750 621.011 -310760 901.727 164978 72.5477 72.5477 36.1951 120
24800 619.028 -310756 730.079 164980 72.5479 72.5479 36.1952 120
24850 616.802 -310751 382.673 164981 72.5481 72.5481 36.1953 120
24900 614.475 -310747 -248.475 164983 72.5483 72.5483 36.1954 120
24950 610.471 -310739 -689.252 164984 72.5485 72.5485 36.1955 120
25000 613.029 -310744 -886.589 164985 72.5487 72.5487 36.1956 120
25050 615.634 -310748 -643.816 164987 72.5489 72.5489 36.1957 120
25100 617.078 -310751 -120.327 164988 72.5491 72.5491 36.1958 120
25150 617.712 -310751 154.718 164989 72.5493 72.5493 36.1959 120
25200 615.52 -310747 -136.924 164991 72.5495 72.5495 36.1959 120
25250 612.732 -310741 -499.062 164992 72.5496 72.5496 36.196 120
25300 613.446 -310741 -534.642 164993 72.5498 72.5498 36.1961 120
25350 620.586 -310754 -361.612 164994 72.55 72.55 36.1962 120
25400 620.978 -310754 -3.81384 164995 72.5501 72.5501 36.1963 120
25450 615.44 -310742 -118.96 164996 72.5503 72.5503 36.1964 120
25500 614.358 -310739 -696.922 164997 72.5505 72.5505 36.1964 120
25550 619.114 -310748 -1085.09 164998 72.5506 72.5506 36.1965 120
25600 622.048 -310753 -1050.28 164999 72.5507 72.5507 36.1966 120
25650 621.183 -310750 -1020.11 165000 72.5509 72.5509 36.1966 120
25700 615.173 -310737 -848.212 165001 72.551 72.551 36.1967 120
25750 616.796 -310739 -976.785 165002 72.5511 72.5511 36.1968 120
25800 615.223 -310735 -1101.14 165002 72.5512 72.5512 36.1968 120
25850 615.461 -310734 -1222.57 165003 72.5513 72.5513 36.1968 120
25900 621.015 -310744 -1447.7 165003 72.5514 72.5514 36.1969 120
25950 627.277 -310754 -1700.8 165004 72.5514 72.5514 36.1969 120
26000 624.058 -310747 -1418.13 165004 72.5515 72.5515 36.1969 120
26050 619.284 -310737 -1074.11 165004 72.5515 72.5515 36.197 120
26100 618.297 -310734 -1312.14 165004 72.5515 72.5515 36.197 120
26150 618.096 -310733 -1831.61 165004 72.5515 72.5515 36.197 120
26200 623.224 -310742 -2055.23 165004 72.5515 72.5515 36.197 120
26250 625.041 -310744 -1701.93 165004 72.5515 72.5515 36.1969 120
26300 625.03 -310743 -1622.27 165004 72.5514 72.5514 36.1969 120
26350 621.226 -310734 -1395.11 165003 72.5514 72.5514 36.1969 120
26400 617.864 -310727 -972.798 165003 72.5513 72.5513 36.1969 120
26450 618.426 -310726 -717.998 165002 72.5512 72.5512 36.1968 120
26500 625.752 -310740 -621.42 165002 72.5511 72.5511 36.1968 120
26550 631.001 -310749 -393.395 165001 72.551 72.551 36.1967 120
26600 626.257 -310739 -33.3947 165001 72.5509 72.5509 36.1967 120
26650 624.54 -310734 -388.78 165000 72.5508 72.5508 36.1966 120
26700 623.37 -310731 -1003.71 164999 72.5507 72.5507 36.1966 120
26750 624.914 -310733 -1397.17 164999 72.5506 72.5506 36.1965 120
26800 625.017 -310733 -1513.13 164998 72.5505 72.5505 36.1965 120
26850 623.778 -310730 -1727.78 164997 72.5504 72.5504 36.1964 120
26900 624.528 -310730 -1775.08 164996 72.5502 72.5502 36.1963 120
26950 630.701 -310741 -1630.46 164995 72.5501 72.5501 36.1962 120
27000 627.747 -310735 -1113.36 164994 72.5499 72.5499 36.1962 120
27050 623.322 -310726 -681.265 164992 72.5497 72.5497 36.1961 120
27100 626.325 -310731 -745.698 164991 72.5495 72.5495 36.196 120
27150 622.431 -310723 -560.327 164990 72.5493 72.5493 36.1959 120
27200 624.875 -310727 -326.732 164988 72.5491 72.5491 36.1958 120
27250 631.127 -310738 -54.3554 164987 72.5489 72.5489 36.1957 120
27300 627.416 -310731 435.474 164986 72.5487 72.5487 36.1956 120
27350 624.666 -310726 547.529 164984 72.5485 72.5485 36.1955 120
27400 629.422 -310735 -144.051 164983 72.5484 72.5484 36.1954 120
27450 624.531 -310725 -630.502 164982 72.5482 72.5482 36.1953 120
27500 627.091 -310730 -688.903 164980 72.548 72.548 36.1952 120
27550 632.801 -310741 -364.639 164979 72.5478 72.5478 36.1951 120
27600 628.259 -310733 207.34 164978 72.5476 72.5476 36.195 120
27650 629.704 -310735 246.694 164976 72.5474 72.5474 36.1949 120
27700 632.605 -310742 -342.799 164975 72.5472 72.5472 36.1948 120
27750 627.202 -310731 -847.155 164974 72.547 72.547 36.1947 120
27800 631.514 -310740 -1219.44 164972 72.5468 72.5468 36.1946 120
27850 631.081 -310740 -1260.69 164971 72.5466 72.5466 36.1945 120
27900 621.015 -310721 -932.153 164970 72.5464 72.5464 36.1944 120
27950 622.982 -310725 -567.327 164968 72.5462 72.5462 36.1943 120
28000 624.881 -310729 -90.9123 164967 72.5459 72.5459 36.1942 120
28050 621.04 -310722 586.251 164965 72.5457 72.5457 36.1941 120
28100 630.038 -310740 617.764 164963 72.5455 72.5455 36.194 120
28150 628.904 -310739 588.962 164962 72.5453 72.5453 36.1939 120
28200 626.962 -310737 501.498 164961 72.5451 72.5451 36.1938 120
28250 627.534 -310738 501.073 164959 72.5449 72.5449 36.1937 120
28300 625.175 -310735 425.946 164958 72.5447 72.5447 36.1936 120
28350 624.344 -310734 370.535 164957 72.5445 72.5445 36.1935 120
28400 627.238 -310741 82.102 164955 72.5443 72.5443 36.1934 120
28450 625.462 -310739 -370.994 164954 72.5442 72.5442 36.1933 120
28500 619.677 -310728 -296.855 164953 72.544 72.544 36.1932 120
28550 622.296 -310735 -200.311 164952 72.5438 72.5438 36.1931 120
28600 627.162 -310745 -200.288 164951 72.5436 72.5436 36.193 120
28650 627.729 -310747 25.0726 164949 72.5434 72.5434 36.1929 120
28700 625.106 -310743 98.9249 164948 72.5432 72.5432 36.1928 120
28750 622.777 -310740 -104.235 164947 72.5431 72.5431 36.1928 120
28800 625.068 -310746 100.031 164946 72.5429 72.5429 36.1927 120
28850 628.584 -310754 547.149 164944 72.5427 72.5427 36.1926 120
28900 623.765 -310746 952.34 164943 72.5425 72.5425 36.1925 120
28950 622.21 -310744 784.512 164942 72.5424 72.5424 36.1924 120
29000 624.164 -310749 374.44 164941 72.5422 72.5422 36.1923 120
29050 618.8 -310740 393.864 164940 72.5421 72.5421 36.1923 120
29100 619.818 -310744 628.581 164939 72.5419 72.5419 36.1922 120
29150 624.982 -310755 987.449 164938 72.5418 72.5418 36.1921 120
29200 623.021 -310753 1166.04 164937 72.5417 72.5417 36.1921 120
29250 621.392 -310751 883.456 164937 72.5416 72.5416 36.192 120
29300 619.156 -310748 495.428 164936 72.5415 72.5415 36.192 120
29350 612.494 -310736 332.205 164935 72.5414 72.5414 36.1919 120
29400 615.514 -310743 69.8955 164935 72.5413 72.5413 36.1919 120
29450 620.456 -310755 286.486 164934 72.5412 72.5412 36.1918 120
29500 626.137 -310767 713.212 164934 72.5411 72.5411 36.1918 120
29550 623.348 -310763 1052.59 164933 72.541 72.541 36.1917 120
29600 614.065 -310746 1287.9 164932 72.541 72.541 36.1917 120
29650 610.798 -310741 1492.84 164932 72.5409 72.5409 36.1917 120
29700 617.296 -310755 1320.62 164932 72.5409 72.5409 36.1917 120
29750 618.561 -310759 1069.46 164932 72.5408 72.5408 36.1916 120
29800 622.045 -310766 893 164931 72.5408 72.5408 36.1916 120
29850 620.519 -310764 1031.54 164931 72.5408 72.5408 36.1916 120
29900 610.562 -310746 1172.26 164931 72.5408 72.5408 36.1916 120
29950 609.51 -310745 724.273 164931 72.5408 72.5408 36.1916 120
30000 615.277 -310757 202.265 164932 72.5408 72.5408 36.1916 120
30050 617.697 -310763 119.385 164932 72.5408 72.5408 36.1916 120
30100 615.267 -310759 355.539 164932 72.5409 72.5409 36.1916 120
30150 609.963 -310749 570.659 164932 72.5409 72.5409 36.1917 120
30200 612.096 -310754 313.111 164932 72.5409 72.5409 36.1917 120
30250 612.03 -310754 -98.8644 164932 72.5409 72.5409 36.1917 120
30300 611.84 -310754 -293.107 164933 72.541 72.541 36.1917 120
30350 614.537 -310760 -237.436 164933 72.541 72.541 36.1917 120
30400 617.488 -310766 -343.027 164933 72.541 72.541 36.1917 120
30450 619.177 -310769 -502.733 164933 72.541 72.541 36.1917 120
30500 616.587 -310765 -122.886 164933 72.541 72.5411 36.1917 120
30550 618.145 -310768 234.665 164933 72.5411 72.5411 36.1918 120
30600 620.408 -310772 334.331 164933 72.5411 72.5411 36.1918 120
30650 620.23 -310772 442.557 164933 72.5411 72.5411 36.1918 120
30700 619.428 -310771 521.331 164934 72.5411 72.5411 36.1918 120
30750 614.133 -310760 513.766 164934 72.5411 72.5411 36.1918 120
30800 614.564 -310761 182.761 164934 72.5412 72.5412 36.1918 120
30850 614.638 -310761 -147.339 164934 72.5412 72.5412 36.1918 120
30900 608.323 -310749 -20.8035 164934 72.5412 72.5412 36.1918 120
30950 611.47 -310756 47.4901 164935 72.5413 72.5413 36.1919 120
31000 615.901 -310764 -26.5088 164935 72.5413 72.5413 36.1919 120
31050 619.443 -310770 -187.019 164935 72.5413 72.5413 36.1919 120
31100 619.236 -310769 109.126 164935 72.5414 72.5414 36.1919 120
31150 618.316 -310767 593.322 164935 72.5414 72.5414 36.1919 120
31200 614.127 -310759 978.088 164936 72.5414 72.5414 36.1919 120
31250 613.144 -310756 843.268 164936 72.5415 72.5415 36.192 120
31300 612.261 -310753 494.719 164936 72.5415 72.5415 36.192 120
31350 610.013 -310749 542.51 164937 72.5416 72.5416 36.192 120
31400 620.458 -310768 307.061 164937 72.5416 72.5416 36.192 120
31450 618.366 -310764 213.313 164938 72.5417 72.5417 36.1921 120
31500 613.985 -310755 127.439 164938 72.5418 72.5418 36.1921 120
31550 609.906 -310747 173.305 164938 72.5418 72.5418 36.1921 120
31600 612.582 -310751 -2.77405 164939 72.5419 72.5419 36.1922 120
31650 616.489 -310757 155.192 164939 72.542 72.542 36.1922 120
31700 615.851 -310755 613.083 164940 72.542 72.542 36.1922 120
31750 621.676 -310765 514.432 164940 72.5421 72.5421 36.1923 120
31800 621.016 -310762 676.001 164941 72.5422 72.5422 36.1923 120
31850 623.807 -310766 563.247 164941 72.5423 72.5423 36.1924 120
31900 617.783 -310754 289.871 164942 72.5424 72.5424 36.1924 120
31950 610.685 -310740 -19.3728 164943 72.5424 72.5424 36.1924 120
32000 614.555 -310746 -339.064 164943 72.5425 72.5425 36.1925 120
32050 615.608 -310747 -289.939 164944 72.5426 72.5426 36.1925 120
32100 616.272 -310747 -18.7713 164944 72.5427 72.5427 36.1926 120
32150 618.358 -310750 400.327 164945 72.5428 72.5428 36.1926 120
32200 620.939 -310753 676.594 164945 72.5429 72.5429 36.1926 120
32250 617.32 -310744 871.612 164946 72.5429 72.5429 36.1927 120
32300 617.988 -310744 628.811 164947 72.543 72.543 36.1927 120
32350 621.114 -310749 359.913 164947 72.5431 72.5431 36.1928 120
32400 622.389 -310750 302.811 164948 72.5432 72.5432 36.1928 120
32450 621.558 -310748 297.341 164949 72.5433 72.5434 36.1929 120
32500 626.444 -310756 -32.4015 164950 72.5435 72.5435 36.1929 120
32550 627.224 -310756 -298.137 164950 72.5436 72.5436 36.193 120
32600 623.829 -310748 -221.418 164951 72.5437 72.5437 36.193 120
32650 623.629 -310747 -33.4595 164952 72.5438 72.5438 36.1931 120
32700 624.348 -310747 -45.2837 164952 72.5439 72.5439 36.1931 120
32750 627.248 -310751 -129.391 164953 72.544 72.544 36.1932 120
32800 625.197 -310746 1.39417 164954 72.5441 72.5441 36.1932 120
32850 619.519 -310735 165.276 164954 72.5442 72.5442 36.1933 120
32900 621.502 -310738 253.025 164955 72.5442 72.5442 36.1933 120
32950 624.384 -310742 559.62 164956 72.5443 72.5443 36.1934 120
33000 621.575 -310736 1109.07 164956 72.5444 72.5444 36.1934 120
33050 623.878 -310739 1449.26 164957 72.5446 72.5446 36.1935 120
33100 629.09 -310748 1534.67 164958 72.5447 72.5447 36.1936 120
33150 629.007 -310747 1029.79 164959 72.5448 72.5448 36.1936 120
33200 621.301 -310731 478.807 164960 72.545 72.545 36.1937 120
33250 622.53 -310733 507.018 164961 72.5451 72.5451 36.1938 120
33300 628.34 -310743 660.646 164962 72.5453 72.5453 36.1939 120
33350 622.871 -310732 786.289 164963 72.5454 72.5454 36.1939 120
33400 626.589 -310738 650.564 164964 72.5456 72.5456 36.194 120
33450 631.488 -310747 356.448 164965 72.5458 72.5458 36.1941 120
33500 627.371 -310738 40.0235 164966 72.5459 72.5459 36.1942 120
33550 626.178 -310736 -121.081 164968 72.5461 72.5461 36.1943 120
33600 629.811 -310742 -84.649 164969 72.5463 72.5463 36.1943 120
33650 625.163 -310733 407.477 164970 72.5464 72.5464 36.1944 120
33700 624.048 -310730 907.051 164971 72.5466 72.5466 36.1945 120
33750 629.275 -310740 908.3 164972 72.5468 72.5468 36.1946 120
33800 622.663 -310727 836.665 164973 72.547 72.547 36.1947 120
33850 624.652 -310731 519.107 164975 72.5472 72.5472 36.1948 120
33900 626.318 -310734 776.686 164976 72.5473 72.5473 36.1949 120
33950 631.07 -310743 1053.06 164977 72.5475 72.5475 36.195 120
34000 630.227 -310741 1242.85 164979 72.5478 72.5478 36.1951 120
34050 630.704 -310742 866.217 164980 72.548 72.548 36.1952 120
34100 626.955 -310735 489.606 164982 72.5482 72.5482 36.1953 120
34150 625.425 -310733 196.142 164983 72.5484 72.5484 36.1954 120
34200 627.824 -310737 -262.448 164985 72.5486 72.5486 36.1955 120
34250 628.437 -310739 -888.362 164986 72.5489 72.5489 36.1956 120
34300 624.836 -310733 -940.232 164988 72.5491 72.5491 36.1957 120
34350 628.268 -310740 -194.623 164989 72.5493 72.5493 36.1958 120
34400 632.416 -310749 570.596 164991 72.5495 72.5495 36.1959 120
34450 626.706 -310739 715.196 164992 72.5497 72.5497 36.1961 120
34500 628.132 -310742 61.8368 164993 72.5499 72.5499 36.1962 120
34550 625.722 -310737 -227.63 164995 72.5501 72.5501 36.1963 120
34600 627.769 -310742 87.3321 164996 72.5503 72.5503 36.1964 120
34650 628.362 -310744 906.379 164998 72.5505 72.5505 36.1965 120
34700 629.463 -310747 722.423 164999 72.5507 72.5507 36.1966 120
34750 628.186 -310746 -206.908 165000 72.5509 72.5509 36.1967 120
34800 627.179 -310745 -471.141 165002 72.5511 72.5511 36.1968 120
34850 624.036 -310740 -25.1915 165003 72.5513 72.5513 36.1969 120
34900 624.802 -310743 45.6575 165005 72.5515 72.5515 36.197 120
34950 624.761 -310743 -17.8232 165006 72.5517 72.5517 36.1971 120
35000 628.74 -310752 -366.186 165007 72.5519 72.5519 36.1972 120
35050 625.336 -310747 -292.519 165009 72.5521 72.5521 36.1973 120
35100 623.219 -310744 47.4932 165010 72.5523 72.5523 36.1974 120
35150 619.495 -310738 187.849 165011 72.5525 72.5525 36.1975 120
35200 623.027 -310747 -477.521 165013 72.5527 72.5527 36.1976 120
35250 622.781 -310747 -686.845 165014 72.5529 72.5529 36.1977 120
35300 624.399 -310752 -607.673 165015 72.5531 72.5531 36.1977 120
35350 623.358 -310751 -350.837 165016 72.5532 72.5532 36.1978 120
35400 624.536 -310755 54.06 165017 72.5534 72.5534 36.1979 120
35450 619.182 -310746 570.107 165019 72.5536 72.5536 36.198 120
35500 618.436 -310746 591.002 165020 72.5537 72.5537 36.1981 120
35550 625.223 -310761 334.062 165021 72.5539 72.5539 36.1982 120
35600 624.634 -310761 269.983 165022 72.5541 72.5541 36.1982 120
35650 619.443 -310752 283.642 165023 72.5543 72.5543 36.1983 120
35700 621.071 -310757 124.639 165024 72.5544 72.5544 36.1984 120
35750 620.321 -310756 -159.521 165026 72.5546 72.5546 36.1985 120
35800 616.525 -310751 -555.953 165027 72.5548 72.5548 36.1986 120
35850 617.486 -310754 -990.06 165028 72.555 72.555 36.1987 120
35900 617.806 -310756 -832.157 165029 72.5551 72.5551 36.1988 120
35950 621.101 -310763 -426.411 165030 72.5553 72.5553 36.1988 120
36000 618.754 -310760 103.934 165031 72.5554 72.5554 36.1989 120
36050 616.674 -310758 655.667 165032 72.5556 72.5556 36.199 120
36100 611.601 -310749 1195.86 165033 72.5557 72.5557 36.1991 120
36150 613.515 -310754 1182.17 165034 72.5559 72.5559 36.1991 120
36200 615.502 -310759 1176.65 165035 72.556 72.556 36.1992 120
36250 615.588 -310760 1246.06 165036 72.5562 72.5562 36.1993 120
36300 616.981 -310764 1080.13 165038 72.5564 72.5564 36.1994 120
36350 611.82 -310755 1011.33 165039 72.5566 72.5566 36.1995 120
36400 612.129 -310756 610.41 165041 72.5568 72.5568 36.1996 120
36450 614.842 -310762 -79.9632 165042 72.557 72.557 36.1997 120
36500 616.299 -310765 -386.855 165043 72.5572 72.5572 36.1998 120
36550 616.113 -310766 -189.205 165045 72.5574 72.5574 36.1999 120
36600 613.209 -310761 9.28538 165046 72.5576 72.5576 36.2 120
36650 614.329 -310764 -66.8167 165047 72.5578 72.5578 36.2001 120
36700 618.028 -310771 -174.508 165049 72.558 72.558 36.2002 120
36750 616.43 -310769 -87.819 165050 72.5582 72.5582 36.2003 120
36800 617.98 -310772 -17.2831 165051 72.5584 72.5584 36.2004 120
36850 616.079 -310769 452.368 165053 72.5586 72.5586 36.2005 120
36900 617.09 -310771 929.877 165054 72.5588 72.5588 36.2006 120
36950 618.571 -310774 949.973 165055 72.559 72.559 36.2007 120
37000 606.316 -310751 1099.37 165057 72.5592 72.5592 36.2008 120
37050 613.186 -310764 694.107 165058 72.5594 72.5594 36.2009 120
37100 617.8 -310773 284.871 165060 72.5596 72.5596 36.201 120
37150 614.958 -310767 -253.689 165061 72.5598 72.5598 36.2011 120
37200 614.658 -310766 -761.309 165063 72.56 72.56 36.2012 120
37250 609.23 -310756 -1056.34 165064 72.5603 72.5603 36.2013 120
37300 611.995 -310761 -1405.64 165065 72.5605 72.5605 36.2014 120
37350 620.94 -310778 -1427.18 165067 72.5606 72.5606 36.2015 120
37400 616.683 -310770 -1087.46 165068 72.5608 72.5608 36.2016 120
37450 614.589 -310765 -1074.35 165069 72.561 72.561 36.2017 120
37500 613.036 -310761 -841.541 165070 72.5611 72.5611 36.2017 120
37550 614.775 -310764 -691.663 165071 72.5612 72.5612 36.2018 120
37600 611.565 -310757 -585.209 165072 72.5614 72.5614 36.2019 120
37650 613.61 -310761 -791.611 165073 72.5615 72.5615 36.2019 120
37700 618.57 -310770 -766.881 165073 72.5616 72.5616 36.202 120
37750 620.295 -310772 -652.05 165074 72.5617 72.5617 36.2021 120
37800 613.567 -310758 -567.814 165075 72.5618 72.5618 36.2021 120
37850 612.856 -310757 -735.521 165075 72.5619 72.5619 36.2021 120
37900 615.179 -310760 -1078.36 165076 72.562 72.562 36.2022 120
37950 614.354 -310758 -1118.19 165076 72.5621 72.5621 36.2022 120
38000 620.49 -310768 -840.276 165077 72.5621 72.5621 36.2023 120
38050 621.496 -310769 -407.851 165077 72.5622 72.5622 36.2023 120
38100 614.125 -310754 -183.314 165078 72.5622 72.5622 36.2023 120
38150 618.775 -310762 -439.84 165078 72.5623 72.5623 36.2023 120
38200 618.951 -310762 -467.031 165078 72.5623 72.5623 36.2024 120
38250 615.503 -310754 -64.231 165079 72.5624 72.5624 36.2024 120
38300 619.233 -310759 365.628 165079 72.5624 72.5624 36.2024 120
38350 619.581 -310759 567.981 165079 72.5624 72.5625 36.2024 120
38400 621.397 -310761 459.083 165079 72.5625 72.5625 36.2024 120
38450 623.353 -310763 164.986 165080 72.5625 72.5625 36.2025 120
38500 615.813 -310748 71.113 165080 72.5626 72.5626 36.2025 120
38550 619.481 -310754 -343.702 165080 72.5627 72.5627 36.2025 120
38600 618.911 -310751 -297.931 165081 72.5627 72.5627 36.2025 120
38650 617.921 -310748 -123.535 165081 72.5627 72.5627 36.2026 120
38700 618.191 -310747 -6.72851 165081 72.5628 72.5628 36.2026 120
38750 620.839 -310750 -324.459 165082 72.5628 72.5628 36.2026 120
38800 624.13 -310755 -954.423 165082 72.5629 72.5629 36.2026 120
38850 618.659 -310743 -739.083 165082 72.5629 72.5629 36.2026 120
38900 618.306 -310741 -248.816 165082 72.5629 72.5629 36.2027 120
38950 623.444 -310750 15.0024 165083 72.563 72.563 36.2027 120
39000 625.025 -310752 33.1204 165083 72.563 72.563 36.2027 120
39050 623.531 -310748 -138.834 165083 72.563 72.563 36.2027 120
39100 625.554 -310751 -221.861 165083 72.563 72.563 36.2027 120
39150 626.286 -310751 19.5141 165083 72.563 72.563 36.2027 120
39200 630.329 -310758 80.262 165083 72.5631 72.5631 36.2027 120
39250 630.002 -310757 347.667 165083 72.5631 72.5631 36.2027 120
39300 627.2 -310750 621.23 165084 72.5631 72.5631 36.2027 120
39350 623.669 -310743 777.18 165084 72.5631 72.5631 36.2028 120
39400 622.105 -310739 683.203 165084 72.5632 72.5632 36.2028 120
39450 623.461 -310740 201.454 165084 72.5632 72.5632 36.2028 120
39500 625.678 -310743 -49.7375 165085 72.5632 72.5632 36.2028 120
39550 632.408 -310756 91.4881 165085 72.5633 72.5633 36.2028 120
39600 630.928 -310753 667.306 165085 72.5633 72.5633 36.2029 120
39650 623.297 -310737 1025.33 165085 72.5634 72.5634 36.2029 120
39700 625.97 -310741 641.566 165086 72.5634 72.5634 36.2029 120
39750 631.061 -310751 79.3691 165086 72.5635 72.5635 36.2029 120
39800 629.758 -310748 -64.7494 165087 72.5636 72.5636 36.203 120
39850 630.388 -310749 -104.558 165087 72.5636 72.5636 36.203 120
39900 625.948 -310741 8.104 165088 72.5637 72.5637 36.203 120
39950 625.677 -310740 93.5171 165088 72.5637 72.5637 36.2031 120
40000 629.275 -310747 24.379 165088 72.5638 72.5638 36.2031 120
40050 626.139 -310741 -23.1497 165089 72.5639 72.5639 36.2031 120
40100 625.581 -310740 62.2297 165089 72.5639 72.5639 36.2032 120
40150 630.273 -310749 370.526 165090 72.564 72.564 36.2032 120
40200 628.803 -310746 789.767 165090 72.564 72.564 36.2032 120
40250 628.886 -310747 725.934 165090 72.5641 72.5641 36.2033 120
40300 625.683 -310741 531.454 165091 72.5642 72.5642 36.2033 120
40350 619.035 -310729 587.447 165092 72.5643 72.5643 36.2033 120
40400 621.947 -310734 649.109 165092 72.5644 72.5644 36.2034 120
40450 624.376 -310739 737.652 165093 72.5645 72.5645 36.2034 120
40500 624.614 -310740 807.882 165093 72.5646 72.5646 36.2035 120
40550 624.601 -310740 985.477 165094 72.5647 72.5647 36.2035 120
