# Time-averaged data for fix 2
# TimeStep c_thermo_temp c_thermo_pe c_thermo_press v_myVol v_myCella v_myCellb v_myCellc v_myCellgamma
0 738.015 -310340 -4394.36 165260 72.589 72.589 36.2156 120
50 736.635 -310348 -3752.11 165216 72.5826 72.5826 36.2125 120
100 736.552 -310358 -4015.57 165174 72.5763 72.5763 36.2093 120
150 735.761 -310366 -4533.27 165132 72.5702 72.5702 36.2063 120
200 728.742 -310363 -4452.38 165091 72.5642 72.5642 36.2033 120
250 728.397 -310373 -4291.31 165051 72.5584 72.5584 36.2004 120
300 731.373 -310388 -4547.83 165012 72.5526 72.5526 36.1975 120
350 727.305 -310390 -4939.26 164974 72.547 72.547 36.1947 120
400 727.135 -310400 -5006.26 164936 72.5415 72.5415 36.192 120
450 725.903 -310408 -4576.44 164900 72.5361 72.5361 36.1893 120
500 721.249 -310408 -4248.62 164863 72.5308 72.5308 36.1867 120
550 719.297 -310415 -3785.43 164828 72.5257 72.5257 36.1841 120
600 720.221 -310426 -3137.95 164794 72.5206 72.5206 36.1815 120
650 719.83 -310436 -2502.07 164760 72.5156 72.5156 36.1791 120
700 719.61 -310445 -2163.84 164727 72.5108 72.5108 36.1766 120
750 711.458 -310438 -1831.71 164694 72.506 72.506 36.1743 120
800 708.401 -310442 -1534.78 164663 72.5014 72.5014 36.172 120
850 708.442 -310451 -1104.08 164632 72.4969 72.4969 36.1697 120
900 704.371 -310452 -530.221 164602 72.4924 72.4924 36.1675 120
950 704.8 -310462 -77.8801 164572 72.4881 72.4881 36.1653 120
1000 700.565 -310462 629.221 164544 72.484 72.484 36.1633 120
1050 688.869 -310448 1508.38 164516 72.4799 72.4799 36.1612 120
1100 691.033 -310461 1501.64 164489 72.4759 72.4759 36.1593 120
1150 699.626 -310486 458.75 164463 72.4721 72.4721 36.1573 120
1200 697.633 -310490 -776.682 164438 72.4684 72.4684 36.1555 120
1250 694.457 -310493 -1712.55 164413 72.4647 72.4647 36.1537 120
1300 697.585 -310507 -2216.44 164389 72.4611 72.4611 36.1519 120
1350 692.347 -310506 -2145.19 164365 72.4576 72.4576 36.1501 120
1400 690.68 -310510 -2015.35 164342 72.4542 72.4542 36.1484 120
1450 690.623 -310518 -1666.23 164319 72.4509 72.4509 36.1467 120
1500 684.065 -310514 -915.373 164296 72.4476 72.4476 36.1451 120
1550 681.731 -310517 158.612 164274 72.4443 72.4444 36.1435 120
1600 682.353 -310526 1151.18 164253 72.4412 72.4412 36.1419 120
1650 676.824 -310523 1804.51 164232 72.4382 72.4382 36.1404 120
1700 676.649 -310531 2497.56 164212 72.4352 72.4352 36.1389 120
1750 678.617 -310542 3312.2 164193 72.4323 72.4323 36.1375 120
1800 675.822 -310543 3552.69 164174 72.4296 72.4296 36.1361 120
1850 673.735 -310546 3335.51 164156 72.4269 72.4269 36.1348 120
1900 675.387 -310557 2925.75 164138 72.4243 72.4243 36.1335 120
1950 671.461 -310557 2623.67 164121 72.4218 72.4218 36.1323 120
2000 666.116 -310554 2651.81 164105 72.4194 72.4194 36.1311 120
2050 665.632 -310560 2541.09 164089 72.4171 72.4171 36.1299 120
2100 666.984 -310569 2106.07 164074 72.4149 72.4149 36.1288 120
2150 669.503 -310580 1958.17 164059 72.4127 72.4127 36.1277 120
2200 666.305 -310581 2641.64 164045 72.4106 72.4106 36.1267 120
2250 665.1 -310585 3292.12 164031 72.4085 72.4085 36.1256 120
2300 663.71 -310588 3311.18 164018 72.4066 72.4066 36.1247 120
2350 665.486 -310598 2768.52 164005 72.4047 72.4047 36.1237 120
2400 663.617 -310601 2631.93 163992 72.4029 72.4029 36.1228 120
2450 651.875 -310585 3152.52 163980 72.4011 72.4011 36.1219 120
2500 648.757 -310585 3329.17 163969 72.3994 72.3994 36.1211 120
2550 649.188 -310592 3159.25 163958 72.3978 72.3978 36.1203 120
2600 647.531 -310594 3075.39 163947 72.3962 72.3962 36.1195 120
2650 649.256 -310603 3567.57 163937 72.3947 72.3947 36.1188 120
2700 647.298 -310605 4780.11 163927 72.3933 72.3933 36.118 120
2750 650.7 -310617 5456.93 163918 72.392 72.392 36.1174 120
2800 653.807 -310628 5793.69 163910 72.3907 72.3907 36.1167 120
2850 650.824 -310627 6329.86 163901 72.3895 72.3895 36.1161 120
2900 648.186 -310628 6781.6 163894 72.3884 72.3884 36.1156 120
2950 651.194 -310639 6635.22 163887 72.3873 72.3873 36.115 120
3000 648.602 -310639 6097.47 163880 72.3864 72.3864 36.1146 120
3050 640.478 -310628 5269.01 163874 72.3855 72.3855 36.1141 120
3100 638.435 -310629 4260.27 163869 72.3847 72.3847 36.1137 120
3150 638.203 -310633 3628.1 163864 72.3839 72.3839 36.1133 120
3200 636.135 -310634 3614.27 163859 72.3832 72.3832 36.113 120
3250 636.954 -310640 3805.35 163854 72.3825 72.3825 36.1127 120
3300 636.369 -310643 4062.54 163850 72.3819 72.3819 36.1124 120
3350 635.052 -310645 4267.59 163846 72.3814 72.3814 36.1121 120
3400 634.305 -310648 4432.08 163843 72.3808 72.3808 36.1118 120
3450 636.904 -310657 4681.1 163840 72.3804 72.3804 36.1116 120
3500 636.055 -310659 5323.64 163837 72.3799 72.3799 36.1114 120
3550 634.425 -310660 6201.04 163834 72.3796 72.3796 36.1112 120
3600 638.222 -310670 6747.13 163832 72.3793 72.3793 36.111 120
3650 635.483 -310669 7240.61 163831 72.3791 72.3791 36.1109 120
3700 633.76 -310669 7405.85 163830 72.3789 72.3789 36.1108 120
3750 632.356 -310670 7144.1 163829 72.3788 72.3788 36.1108 120
3800 633.548 -310676 6430.36 163829 72.3788 72.3788 36.1108 120
3850 631.93 -310677 5680.41 163829 72.3788 72.3788 36.1108 120
3900 626.632 -310670 5234.63 163830 72.3789 72.3789 36.1108 120
3950 625.246 -310670 4932.5 163830 72.379 72.379 36.1109 120
4000 624.52 -310672 4593.59 163832 72.3792 72.3792 36.111 120
4050 620.058 -310666 4333.46 163833 72.3794 72.3794 36.1111 120
4100 621.914 -310672 4504.72 163835 72.3797 72.3797 36.1112 120
4150 626.411 -310684 4940 163837 72.3799 72.3799 36.1114 120
4200 625.207 -310684 5225.41 163839 72.3803 72.3803 36.1115 120
4250 621.498 -310679 5400.72 163841 72.3806 72.3806 36.1117 120
4300 621.834 -310682 5506.45 163844 72.381 72.381 36.1119 120
4350 623.057 -310687 5744.51 163847 72.3815 72.3815 36.1121 120
4400 626.542 -310695 5910.21 163850 72.382 72.382 36.1124 120
4450 624.624 -310693 5914.53 163854 72.3825 72.3825 36.1126 120
4500 619.967 -310686 5835.42 163858 72.3831 72.3831 36.1129 120
4550 620.118 -310688 5833.38 163862 72.3837 72.3837 36.1132 120
4600 618.099 -310686 6053.63 163867 72.3844 72.3844 36.1136 120
4650 621.1 -310693 6069.91 163871 72.3851 72.3851 36.1139 120
4700 625.831 -310703 5693.77 163877 72.3858 72.3858 36.1143 120
4750 626.031 -310705 5090.99 163882 72.3866 72.3866 36.1147 120
4800 624.825 -310703 4676.97 163888 72.3874 72.3874 36.1151 120
4850 623.94 -310702 4646 163893 72.3883 72.3883 36.1155 120
4900 623.866 -310703 4754.18 163899 72.3892 72.3892 36.116 120
4950 620.174 -310697 4942.6 163905 72.3901 72.3901 36.1164 120
5000 617.791 -310693 5032.01 163912 72.391 72.391 36.1169 120
5050 623.724 -310704 5060.89 163918 72.392 72.392 36.1174 120
5100 623.441 -310704 5739.98 163925 72.393 72.393 36.1179 120
5150 620.869 -310699 6334.98 163932 72.394 72.394 36.1184 120
5200 617.947 -310694 6459.11 163939 72.3951 72.3951 36.1189 120
5250 618.4 -310694 6294.06 163947 72.3962 72.3962 36.1195 120
5300 617.57 -310692 6104.46 163955 72.3973 72.3973 36.12 120
5350 620.695 -310697 5418.17 163963 72.3985 72.3985 36.1206 120
5400 621.218 -310697 4575.29 163971 72.3997 72.3997 36.1212 120
5450 621.964 -310698 4203.64 163979 72.4009 72.4009 36.1218 120
5500 627.56 -310707 4390.16 163988 72.4022 72.4022 36.1225 120
5550 626.123 -310704 4995.4 163996 72.4035 72.4035 36.1231 120
5600 625.746 -310702 5290.32 164005 72.4048 72.4048 36.1237 120
5650 624.855 -310700 5270.54 164014 72.4061 72.4061 36.1244 120
5700 622.443 -310693 5206.86 164023 72.4074 72.4074 36.1251 120
5750 623.55 -310695 5285.16 164033 72.4088 72.4088 36.1258 120
5800 627.222 -310701 5312.61 164042 72.4102 72.4102 36.1265 120
5850 628 -310700 5228.35 164052 72.4116 72.4116 36.1272 120
5900 625.898 -310695 5352.17 164062 72.4131 72.4131 36.1279 120
5950 626.77 -310695 5235.64 164072 72.4146 72.4146 36.1286 120
6000 627.426 -310694 4673.29 164082 72.4161 72.4161 36.1294 120
6050 630.728 -310699 3880.86 164092 72.4176 72.4176 36.1301 120
6100 629.88 -310695 3439.64 164103 72.4191 72.4191 36.1309 120
6150 629.746 -310693 3292.6 164113 72.4206 72.4206 36.1317 120
6200 626.215 -310685 3866.33 164124 72.4222 72.4222 36.1324 120
6250 625.813 -310682 4430.84 164134 72.4237 72.4237 36.1332 120
6300 628.057 -310683 4675.78 164145 72.4253 72.4253 36.134 120
6350 634.158 -310693 4864.9 164156 72.4269 72.4269 36.1348 120
6400 635.4 -310693 5197.25 164167 72.4285 72.4285 36.1356 120
6450 630.876 -310683 5413.31 164178 72.4301 72.4301 36.1364 120
6500 629.334 -310678 5400.63 164189 72.4318 72.4318 36.1372 120
6550 628.734 -310674 4994.71 164200 72.4335 72.4335 36.1381 120
6600 625.668 -310666 4515.66 164212 72.4351 72.4352 36.1389 120
6650 635.679 -310683 3997.59 164223 72.4369 72.4369 36.1398 120
6700 640.613 -310691 3831.53 164235 72.4386 72.4386 36.1406 120
6750 635.46 -310678 3934.46 164247 72.4403 72.4403 36.1415 120
6800 633.4 -310672 4097.21 164259 72.442 72.442 36.1423 120
6850 639.027 -310681 3855.81 164271 72.4438 72.4438 36.1432 120
6900 639.852 -310679 3421.93 164282 72.4455 72.4455 36.1441 120
6950 640.425 -310679 3012.48 164294 72.4473 72.4473 36.145 120
7000 639.514 -310676 2743.68 164306 72.4491 72.4491 36.1458 120
7050 641.118 -310677 2540.19 164318 72.4508 72.4508 36.1467 120
7100 639.96 -310672 2533.89 164330 72.4526 72.4526 36.1476 120
7150 634.508 -310660 2366.2 164342 72.4543 72.4543 36.1485 120
7200 638.992 -310667 1964.09 164354 72.4561 72.4561 36.1493 120
7250 643.984 -310675 1714.54 164366 72.4578 72.4578 36.1502 120
7300 641.847 -310669 1500.76 164378 72.4595 72.4595 36.1511 120
7350 639.175 -310662 1617.51 164389 72.4612 72.4612 36.1519 120
7400 641.124 -310664 1862.88 164401 72.4629 72.4629 36.1528 120
7450 649.503 -310679 1804.23 164412 72.4646 72.4646 36.1536 120
7500 649.695 -310678 1941.16 164424 72.4663 72.4663 36.1544 120
7550 645.197 -310668 2266.14 164435 72.468 72.468 36.1553 120
7600 646.888 -310669 2361.03 164446 72.4696 72.4696 36.1561 120
7650 646.951 -310669 2268.44 164458 72.4713 72.4713 36.1569 120
7700 644.882 -310664 2004.38 164469 72.473 72.473 36.1578 120
7750 646.587 -310666 1568.99 164480 72.4746 72.4746 36.1586 120
7800 644.365 -310661 1250.66 164492 72.4763 72.4763 36.1594 120
7850 643.15 -310658 1081.67 164503 72.4779 72.4779 36.1602 120
7900 646.239 -310663 907.894 164514 72.4795 72.4795 36.161 120
7950 641.605 -310654 994.352 164525 72.4811 72.4811 36.1618 120
8000 642.539 -310655 919.956 164535 72.4827 72.4827 36.1626 120
8050 643.909 -310658 890.953 164546 72.4843 72.4843 36.1634 120
8100 647.151 -310664 844.635 164557 72.4858 72.4858 36.1642 120
8150 650.757 -310671 630.927 164567 72.4874 72.4874 36.165 120
8200 645.371 -310660 838.731 164578 72.4889 72.4889 36.1657 120
8250 646.494 -310663 1139.59 164588 72.4904 72.4904 36.1665 120
8300 646.691 -310664 1348.84 164598 72.4919 72.4919 36.1672 120
8350 641.699 -310655 1196.32 164608 72.4934 72.4934 36.168 120
8400 642.118 -310656 829.04 164618 72.4949 72.4949 36.1687 120
8450 648.57 -310668 598.677 164628 72.4963 72.4963 36.1694 120
8500 646.653 -310665 791.554 164638 72.4978 72.4978 36.1701 120
8550 644.711 -310662 905.255 164648 72.4992 72.4992 36.1709 120
8600 645.878 -310665 837.067 164657 72.5006 72.5006 36.1716 120
8650 645.035 -310664 844.091 164667 72.502 72.502 36.1723 120
8700 647.483 -310670 568.338 164676 72.5034 72.5034 36.173 120
8750 646.181 -310669 377.629 164686 72.5048 72.5048 36.1736 120
8800 648.626 -310675 16.23 164695 72.5061 72.5061 36.1743 120
8850 643.698 -310667 -149.557 164704 72.5075 72.5075 36.175 120
8900 637.407 -310657 5.59738 164713 72.5088 72.5088 36.1757 120
8950 646.183 -310675 -129.902 164722 72.5101 72.5101 36.1763 120
9000 646.101 -310676 -90.6888 164731 72.5114 72.5114 36.1769 120
9050 642.65 -310671 412.271 164739 72.5126 72.5126 36.1776 120
9100 642.845 -310673 995.721 164748 72.5139 72.5139 36.1782 120
9150 639.358 -310669 1324.35 164756 72.5151 72.5151 36.1788 120
9200 635.315 -310663 1576.56 164765 72.5164 72.5164 36.1794 120
9250 641.876 -310677 1337.85 164773 72.5176 72.5176 36.18 120
9300 645.015 -310686 989.028 164782 72.5188 72.5188 36.1807 120
9350 645.743 -310689 643.435 164790 72.52 72.52 36.1813 120
9400 639.305 -310678 611.025 164798 72.5212 72.5212 36.1819 120
9450 638.824 -310679 334.737 164806 72.5224 72.5224 36.1825 120
9500 632.536 -310670 186.911 164814 72.5236 72.5236 36.183 120
9550 637.151 -310681 -170.787 164822 72.5248 72.5248 36.1836 120
9600 640.769 -310690 -402.178 164830 72.5259 72.5259 36.1842 120
9650 638.43 -310687 -889.098 164838 72.5271 72.5271 36.1848 120
9700 636.016 -310685 -1299 164845 72.5282 72.5282 36.1853 120
9750 633.815 -310683 -1143.81 164852 72.5292 72.5292 36.1858 120
9800 636.772 -310690 -1208.13 164860 72.5303 72.5303 36.1864 120
9850 633.915 -310687 -1087.59 164867 72.5313 72.5313 36.1869 120
9900 636.618 -310694 -1209.51 164873 72.5323 72.5323 36.1874 120
9950 632.865 -310689 -1275.17 164880 72.5333 72.5333 36.1879 120
10000 633.983 -310694 -1575.71 164887 72.5342 72.5342 36.1883 120
10050 634.878 -310697 -1608.4 164893 72.5351 72.5351 36.1888 120
10100 633.087 -310697 -1550.29 164899 72.536 72.536 36.1892 120
10150 628.126 -310689 -1385.3 164905 72.5369 72.5369 36.1897 120
10200 628.887 -310692 -1046.03 164911 72.5378 72.5378 36.1901 120
10250 634.118 -310704 -1019.15 164916 72.5386 72.5386 36.1905 120
10300 629.468 -310697 -1248.48 164922 72.5394 72.5394 36.1909 120
10350 629.625 -310699 -1692.38 164927 72.5402 72.5402 36.1913 120
10400 628.09 -310698 -1749.34 164932 72.5409 72.5409 36.1917 120
10450 628.808 -310701 -1712.65 164937 72.5416 72.5416 36.192 120
10500 631.281 -310707 -1895.45 164942 72.5423 72.5423 36.1924 120
10550 628.836 -310704 -2222.99 164947 72.543 72.543 36.1927 120
10600 627.614 -310703 -2283.93 164951 72.5437 72.5437 36.193 120
10650 629.574 -310708 -1695.55 164955 72.5443 72.5443 36.1934 120
10700 630.188 -310710 -1059.49 164959 72.5449 72.5449 36.1936 120
10750 627.292 -310706 -968.756 164963 72.5454 72.5454 36.1939 120
10800 627.099 -310707 -1281.48 164967 72.546 72.546 36.1942 120
10850 626.243 -310706 -1511.06 164971 72.5465 72.5465 36.1945 120
10900 623.598 -310702 -1461.51 164974 72.5471 72.5471 36.1947 120
10950 626.236 -310708 -1468.23 164977 72.5476 72.5476 36.195 120
11000 628.482 -310713 -1595.9 164981 72.548 72.548 36.1952 120
11050 628.168 -310714 -1743.38 164984 72.5485 72.5485 36.1955 120
11100 624.792 -310708 -1426.64 164987 72.5489 72.5489 36.1957 120
11150 623.933 -310707 -943.709 164990 72.5493 72.5493 36.1959 120
11200 627.838 -310715 -914.971 164992 72.5497 72.5497 36.1961 120
11250 624.769 -310710 -1107.63 164995 72.5501 72.5501 36.1963 120
11300 625.444 -310711 -1461.55 164998 72.5505 72.5505 36.1965 120
11350 626.759 -310714 -1512.17 165000 72.5509 72.5509 36.1966 120
11400 625.595 -310712 -1282.47 165002 72.5512 72.5512 36.1968 120
11450 624.987 -310711 -1211.13 165004 72.5515 72.5515 36.197 120
11500 624.818 -310711 -1652.99 165007 72.5518 72.5518 36.1971 120
11550 624.424 -310710 -1974.95 165008 72.5521 72.5521 36.1973 120
11600 629.374 -310719 -2111.82 165010 72.5524 72.5524 36.1974 120
11650 627.958 -310716 -1911.64 165012 72.5526 72.5526 36.1975 120
11700 624.921 -310710 -1545.9 165013 72.5528 72.5528 36.1976 120
11750 628.176 -310716 -1761.78 165015 72.553 72.553 36.1977 120
11800 629.732 -310719 -2222.83 165016 72.5532 72.5532 36.1978 120
11850 628.955 -310716 -2445.82 165017 72.5534 72.5534 36.1979 120
11900 623.918 -310706 -2379.51 165018 72.5535 72.5535 36.198 120
11950 624.049 -310706 -2184.14 165019 72.5536 72.5536 36.198 120
12000 622.313 -310701 -1633.13 165019 72.5537 72.5537 36.1981 120
12050 622.107 -310701 -1178.66 165020 72.5538 72.5538 36.1981 120
12100 625.543 -310706 -976.922 165020 72.5539 72.5539 36.1981 120
12150 629.685 -310713 -1236.09 165021 72.5539 72.5539 36.1982 120
12200 632.092 -310717 -1713.48 165021 72.554 72.554 36.1982 120
12250 626.769 -310705 -1782.26 165021 72.554 72.554 36.1982 120
12300 626.856 -310705 -1591.32 165021 72.554 72.554 36.1982 120
12350 630.328 -310710 -1131.63 165021 72.554 72.554 36.1982 120
12400 633.973 -310715 -711.688 165021 72.554 72.554 36.1982 120
12450 636.314 -310718 -472.122 165021 72.5539 72.5539 36.1982 120
12500 631.516 -310707 -353.102 165021 72.5539 72.5539 36.1982 120
12550 633.046 -310709 -748.012 165021 72.5539 72.5539 36.1982 120
12600 633.256 -310708 -965.085 165020 72.5539 72.5539 36.1981 120
12650 632.863 -310707 -877.671 165020 72.5538 72.5538 36.1981 120
12700 633.932 -310707 -919.302 165020 72.5538 72.5538 36.1981 120
12750 629.511 -310697 -892.092 165019 72.5537 72.5537 36.1981 120
12800 631.377 -310699 -1084.66 165019 72.5536 72.5536 36.198 120
12850 631.52 -310697 -1183.58 165018 72.5536 72.5536 36.198 120
12900 629.278 -310692 -1083.26 165018 72.5535 72.5535 36.1979 120
12950 633.251 -310697 -999.335 165017 72.5534 72.5534 36.1979 120
13000 634.921 -310699 -742.637 165017 72.5533 72.5533 36.1978 120
13050 639.547 -310706 -511.712 165016 72.5532 72.5532 36.1978 120
13100 637.991 -310702 -69.7714 165015 72.5531 72.5531 36.1977 120
13150 638.366 -310701 -88.6534 165014 72.553 72.553 36.1977 120
13200 636.353 -310696 -39.5577 165014 72.5529 72.5529 36.1976 120
13250 635.17 -310692 -50.9991 165013 72.5527 72.5527 36.1976 120
13300 635.19 -310691 -386.936 165012 72.5526 72.5526 36.1975 120
13350 636.8 -310692 -646.801 165011 72.5525 72.5525 36.1975 120
13400 641.118 -310698 -899.794 165011 72.5524 72.5524 36.1974 120
13450 641.098 -310697 -1120.37 165010 72.5523 72.5523 36.1974 120
13500 639.728 -310693 -1384.12 165009 72.5522 72.5522 36.1973 120
13550 643.343 -310699 -1697.8 165008 72.552 72.552 36.1972 120
13600 641.711 -310695 -1862.76 165007 72.5519 72.5519 36.1971 120
13650 643.099 -310696 -1873.18 165006 72.5517 72.5517 36.1971 120
13700 644.433 -310698 -1554.86 165004 72.5515 72.5515 36.197 120
13750 642.779 -310694 -1440.08 165003 72.5513 72.5513 36.1969 120
13800 643.241 -310694 -1632.73 165002 72.5511 72.5511 36.1968 120
13850 643.462 -310694 -1330.56 165000 72.5509 72.5509 36.1966 120
13900 640.575 -310688 -535.867 164999 72.5507 72.5507 36.1965 120
13950 640.935 -310688 164.011 164997 72.5504 72.5504 36.1964 120
14000 648.435 -310701 -101.613 164995 72.5502 72.5502 36.1963 120
14050 646.75 -310698 -655.549 164994 72.55 72.55 36.1962 120
14100 642.48 -310689 -1042.05 164992 72.5497 72.5497 36.1961 120
14150 641.315 -310687 -1505.96 164991 72.5495 72.5495 36.196 120
14200 638.897 -310682 -1744.24 164989 72.5492 72.5492 36.1958 120
14250 639.195 -310683 -1590.99 164987 72.549 72.549 36.1957 120
14300 641.709 -310687 -1123.19 164985 72.5487 72.5487 36.1956 120
14350 646.314 -310696 -753.506 164983 72.5484 72.5484 36.1954 120
14400 645.307 -310694 -477.5 164982 72.5482 72.5482 36.1953 120
14450 643.97 -310691 -763.067 164980 72.5479 72.5479 36.1951 120
14500 639.692 -310683 -1108.84 164978 72.5476 72.5476 36.195 120
14550 639.287 -310683 -1165.52 164976 72.5473 72.5473 36.1949 120
14600 643.615 -310692 -1224.86 164974 72.547 72.547 36.1947 120
14650 645.934 -310697 -1418.99 164971 72.5467 72.5467 36.1946 120
14700 646.838 -310699 -1546.97 164969 72.5464 72.5464 36.1944 120
14750 640.77 -310688 -1520.28 164967 72.546 72.546 36.1942 120
14800 641.092 -310690 -1486.53 164965 72.5457 72.5457 36.1941 120
14850 637.024 -310682 -754.091 164962 72.5453 72.5453 36.1939 120
14900 637.206 -310683 -262.667 164960 72.545 72.545 36.1937 120
14950 639.551 -310688 124.948 164958 72.5446 72.5446 36.1935 120
15000 641.664 -310693 510.847 164955 72.5443 72.5443 36.1934 120
15050 641.354 -310693 759.891 164953 72.544 72.544 36.1932 120
15100 643.602 -310699 855.767 164951 72.5436 72.5436 36.193 120
15150 647.821 -310707 431.344 164949 72.5433 72.5433 36.1929 120
15200 643.157 -310700 139.82 164946 72.543 72.543 36.1927 120
15250 640.341 -310696 208.609 164944 72.5427 72.5427 36.1926 120
15300 641.315 -310699 165.482 164942 72.5424 72.5424 36.1924 120
15350 635.273 -310689 221.518 164940 72.5421 72.5421 36.1923 120
15400 638.603 -310697 -120.915 164938 72.5418 72.5418 36.1921 120
15450 641.064 -310703 -204.396 164936 72.5415 72.5415 36.192 120
15500 643.521 -310709 -69.1321 164935 72.5413 72.5413 36.1918 120
15550 640.361 -310704 -130.012 164933 72.541 72.541 36.1917 120
15600 636.538 -310699 -262.936 164931 72.5407 72.5407 36.1916 120
15650 636.944 -310701 -116.787 164929 72.5404 72.5404 36.1914 120
15700 635.347 -310699 368.361 164927 72.5401 72.5401 36.1913 120
15750 636.131 -310702 770.982 164925 72.5399 72.5399 36.1912 120
15800 636.806 -310705 946.289 164923 72.5396 72.5396 36.191 120
15850 635.506 -310704 811.548 164922 72.5394 72.5394 36.1909 120
15900 636.32 -310708 652.551 164920 72.5391 72.5391 36.1908 120
15950 635.87 -310708 786.742 164918 72.5389 72.5389 36.1907 120
16000 636.278 -310711 966.092 164917 72.5387 72.5387 36.1906 120
16050 637.222 -310714 1123.55 164916 72.5385 72.5385 36.1905 120
16100 633.777 -310709 1302.16 164914 72.5383 72.5383 36.1904 120
16150 631.981 -310707 1267.94 164913 72.5381 72.5381 36.1903 120
16200 636.13 -310716 1004.3 164912 72.5379 72.5379 36.1902 120
16250 635.536 -310717 853.551 164911 72.5378 72.5378 36.1901 120
16300 632.651 -310713 871.553 164910 72.5376 72.5376 36.19 120
16350 628.349 -310706 1226.23 164909 72.5375 72.5375 36.19 120
16400 622.647 -310697 1538.37 164908 72.5374 72.5374 36.1899 120
16450 628.749 -310710 1187.65 164907 72.5372 72.5372 36.1898 120
16500 636.379 -310726 938.989 164906 72.5371 72.5371 36.1898 120
16550 634.674 -310724 982.155 164906 72.5371 72.5371 36.1898 120
16600 626.152 -310709 1180.78 164905 72.537 72.537 36.1897 120
16650 630.658 -310718 745.663 164905 72.5369 72.5369 36.1897 120
16700 628.418 -310715 481.343 164904 72.5369 72.5369 36.1897 120
16750 630.685 -310720 596.703 164904 72.5368 72.5368 36.1896 120
16800 632.266 -310724 804.104 164904 72.5368 72.5368 36.1896 120
16850 629.516 -310721 996.427 164904 72.5367 72.5367 36.1896 120
16900 630.825 -310723 1440.36 164903 72.5367 72.5367 36.1896 120
16950 631.231 -310725 1537.11 164903 72.5367 72.5367 36.1896 120
17000 622.122 -310708 1320.17 164903 72.5367 72.5367 36.1896 120
17050 620.549 -310706 949.796 164903 72.5367 72.5367 36.1896 120
17100 629.628 -310724 313.767 164903 72.5367 72.5367 36.1896 120
17150 630.65 -310727 -141.504 164903 72.5367 72.5367 36.1896 120
17200 627.086 -310721 -304.857 164904 72.5367 72.5367 36.1896 120
17250 628.347 -310724 -199.723 164904 72.5367 72.5367 36.1896 120
17300 631.978 -310731 1.58651 164904 72.5368 72.5368 36.1896 120
17350 630.193 -310728 149.137 164904 72.5368 72.5368 36.1896 120
17400 628.204 -310724 284.325 164904 72.5368 72.5368 36.1896 120
17450 631.111 -310730 648.738 164904 72.5368 72.5368 36.1896 120
17500 630.853 -310729 1199.82 164904 72.5368 72.5368 36.1896 120
17550 630.501 -310729 1469.33 164905 72.5369 72.5369 36.1897 120
17600 628.73 -310726 1476.63 164905 72.5369 72.5369 36.1897 120
17650 630.996 -310731 1131.28 164905 72.537 72.537 36.1897 120
17700 631.783 -310732 852.871 164906 72.537 72.537 36.1897 120
17750 624.88 -310719 1021.36 164906 72.5371 72.5371 36.1898 120
17800 623.586 -310716 1076.81 164907 72.5372 72.5372 36.1898 120
17850 623.595 -310716 939.922 164907 72.5373 72.5373 36.1899 120
17900 628.589 -310725 396.918 164908 72.5374 72.5374 36.1899 120
17950 630.166 -310728 137.939 164909 72.5375 72.5375 36.19 120
18000 626.519 -310721 248.242 164910 72.5376 72.5376 36.19 120
18050 631.115 -310729 -200.485 164910 72.5377 72.5377 36.1901 120
18100 632.861 -310731 -647.037 164911 72.5378 72.5378 36.1901 120
18150 622.909 -310712 -569.998 164912 72.5379 72.5379 36.1902 120
18200 621.018 -310707 -482.525 164912 72.538 72.538 36.1902 120
18250 630.58 -310725 -422.577 164913 72.5381 72.5381 36.1903 120
18300 633.809 -310730 -60.2695 164913 72.5382 72.5382 36.1903 120
18350 635.156 -310732 272.919 164914 72.5382 72.5382 36.1903 120
18400 635.568 -310732 159.95 164914 72.5383 72.5383 36.1904 120
18450 626.781 -310714 290.104 164915 72.5384 72.5384 36.1904 120
18500 630.493 -310720 635.889 164916 72.5385 72.5385 36.1905 120
18550 634.579 -310726 1081.08 164916 72.5386 72.5386 36.1905 120
18600 631.777 -310720 1365.78 164917 72.5387 72.5387 36.1906 120
18650 633.062 -310721 1319.59 164918 72.5388 72.5388 36.1906 120
18700 629.355 -310713 1271.99 164918 72.5389 72.5389 36.1907 120
18750 627.81 -310709 1050.2 164919 72.539 72.539 36.1907 120
18800 630.745 -310714 710.854 164920 72.5392 72.5392 36.1908 120
18850 630.091 -310712 509.138 164921 72.5393 72.5393 36.1909 120
18900 636.343 -310723 328.005 164922 72.5394 72.5394 36.1909 120
18950 633.725 -310716 797.081 164923 72.5396 72.5396 36.191 120
19000 634.436 -310716 1123.51 164924 72.5397 72.5397 36.1911 120
19050 635.756 -310718 1213.03 164925 72.5399 72.5399 36.1912 120
19100 633.869 -310713 1146.17 164926 72.5401 72.5401 36.1913 120
19150 635.521 -310715 1041.89 164928 72.5403 72.5403 36.1913 120
19200 637.552 -310718 1045.84 164929 72.5404 72.5404 36.1914 120
19250 634.813 -310711 1221.31 164930 72.5406 72.5406 36.1915 120
19300 634.286 -310709 1511.58 164932 72.5408 72.5408 36.1916 120
19350 639.771 -310718 1623.31 164933 72.5411 72.5411 36.1917 120
19400 639.166 -310716 1724.6 164935 72.5413 72.5413 36.1919 120
19450 635.52 -310708 1679.63 164936 72.5415 72.5415 36.192 120
19500 638.067 -310712 1286.49 164938 72.5418 72.5418 36.1921 120
19550 639.373 -310713 1004.84 164940 72.542 72.542 36.1922 120
19600 635.793 -310706 1116.76 164942 72.5423 72.5423 36.1924 120
19650 639.597 -310712 1203.53 164944 72.5426 72.5426 36.1925 120
19700 638.596 -310709 1649.48 164946 72.5429 72.5429 36.1927 120
19750 635.465 -310702 2323.84 164948 72.5432 72.5432 36.1928 120
19800 636.666 -310703 2965.79 164950 72.5435 72.5435 36.193 120
19850 640.869 -310710 3100.73 164952 72.5438 72.5438 36.1931 120
19900 642.305 -310711 2836.08 164955 72.5442 72.5442 36.1933 120
19950 641.384 -310709 2478.21 164957 72.5446 72.5446 36.1935 120
20000 636.943 -310700 2035.62 164960 72.545 72.545 36.1937 120
20050 638.149 -310702 1302.05 164963 72.5454 72.5454 36.1939 120
20100 640.465 -310705 580.1 164966 72.5459 72.5459 36.1941 120
20150 637.726 -310699 242.615 164969 72.5463 72.5463 36.1944 120
20200 641.001 -310705 -25.5028 164972 72.5467 72.5467 36.1946 120
20250 639.62 -310702 -280.992 164975 72.5471 72.5471 36.1948 120
20300 637.102 -310697 -409.488 164978 72.5476 72.5476 36.195 120
20350 641.47 -310705 -248.687 164980 72.548 72.548 36.1952 120
20400 640.589 -310703 331.524 164983 72.5484 72.5484 36.1954 120
20450 641.258 -310703 952.185 164986 72.5488 72.5488 36.1956 120
20500 645.838 -310712 1528.16 164989 72.5492 72.5492 36.1958 120
20550 639.465 -310699 2191.61 164991 72.5496 72.5496 36.196 120
20600 638.91 -310698 2331.25 164994 72.55 72.55 36.1962 120
20650 645.496 -310710 2271.04 164998 72.5505 72.5505 36.1965 120
20700 646.653 -310712 2324.23 165001 72.551 72.551 36.1967 120
20750 643.983 -310707 2318.21 165004 72.5514 72.5514 36.1969 120
20800 642.388 -310704 2042.63 165007 72.5519 72.5519 36.1972 120
20850 640.016 -310700 1613.25 165011 72.5525 72.5525 36.1974 120
20900 642.079 -310704 1081.71 165014 72.553 72.553 36.1977 120
20950 642.891 -310706 670.682 165018 72.5535 72.5535 36.198 120
21000 638.584 -310698 470.541 165022 72.554 72.554 36.1982 120
21050 639.718 -310701 -70.2034 165025 72.5546 72.5546 36.1985 120
21100 635.621 -310693 -350.106 165029 72.5551 72.5551 36.1988 120
21150 641.521 -310705 -582.891 165032 72.5556 72.5556 36.199 120
21200 644.186 -310711 -577.822 165036 72.5561 72.5561 36.1993 120
21250 638.109 -310700 -456.333 165039 72.5566 72.5566 36.1995 120
21300 639.925 -310704 -478.058 165043 72.5571 72.5571 36.1997 120
21350 640.844 -310707 -338.351 165046 72.5576 72.5576 36.2 120
21400 642.398 -310710 -251.17 165049 72.558 72.558 36.2002 120
21450 642.065 -310711 -137.811 165052 72.5585 72.5585 36.2005 120
21500 640.383 -310708 -68.741 165055 72.559 72.559 36.2007 120
21550 635.915 -310701 250.094 165058 72.5594 72.5594 36.2009 120
21600 641.74 -310713 335.936 165061 72.5599 72.5599 36.2011 120
21650 643.168 -310717 596.95 165065 72.5603 72.5603 36.2014 120
21700 638.899 -310710 1075.92 165068 72.5608 72.5608 36.2016 120
21750 633.18 -310700 1505.65 165071 72.5612 72.5612 36.2018 120
21800 638.104 -310711 1227.44 165074 72.5617 72.5617 36.202 120
21850 636.157 -310708 675.111 165077 72.5622 72.5622 36.2023 120
21900 636.207 -310710 -51.5583 165080 72.5626 72.5626 36.2025 120
21950 639.984 -310719 -632.156 165084 72.5631 72.5631 36.2027 120
22000 635.605 -310712 -1207.18 165087 72.5636 72.5636 36.203 120
22050 634.153 -310710 -1741.2 165090 72.564 72.564 36.2032 120
22100 640.517 -310723 -1495.31 165093 72.5644 72.5644 36.2034 120
22150 639.395 -310722 -932.978 165095 72.5648 72.5648 36.2036 120
22200 635.063 -310715 -563.375 165098 72.5652 72.5652 36.2038 120
22250 632.414 -310712 -103.535 165101 72.5656 72.5656 36.204 120
22300 632.522 -310713 162.556 165103 72.566 72.566 36.2042 120
22350 633.395 -310715 453.76 165106 72.5664 72.5664 36.2044 120
22400 638.034 -310725 566.93 165108 72.5667 72.5667 36.2046 120
22450 635.212 -310721 682.313 165111 72.5671 72.5671 36.2048 120
22500 637.342 -310726 483.579 165114 72.5675 72.5675 36.2049 120
22550 634.366 -310722 411.147 165116 72.5679 72.5679 36.2051 120
22600 633.932 -310722 439.651 165119 72.5683 72.5683 36.2053 120
22650 634.416 -310724 425.012 165122 72.5687 72.5687 36.2055 120
22700 627.599 -310713 121.246 165124 72.569 72.569 36.2057 120
22750 630.892 -310720 -188.538 165127 72.5694 72.5694 36.2059 120
22800 631.293 -310722 291.977 165129 72.5698 72.5698 36.2061 120
22850 631.229 -310723 575.408 165132 72.5702 72.5702 36.2063 120
22900 631.674 -310724 382.912 165134 72.5706 72.5706 36.2065 120
22950 631.351 -310725 -80.4916 165137 72.5709 72.5709 36.2067 120
23000 627.097 -310718 -264.822 165140 72.5713 72.5713 36.2068 120
23050 631.8 -310728 -439.794 165142 72.5717 72.5717 36.207 120
23100 634.193 -310734 -486.866 165145 72.572 72.572 36.2072 120
23150 630.057 -310727 -542.144 165147 72.5724 72.5724 36.2074 120
23200 625.753 -310719 -863.497 165149 72.5727 72.5727 36.2076 120
23250 631.151 -310730 -1318.23 165152 72.5731 72.5731 36.2077 120
23300 632.612 -310734 -928.4 165154 72.5734 72.5734 36.2079 120
23350 630.445 -310730 -111.131 165156 72.5737 72.5737 36.208 120
23400 631.058 -310732 0.871194 165158 72.574 72.574 36.2082 120
23450 623.861 -310719 135.522 165160 72.5743 72.5743 36.2083 120
23500 628.84 -310729 -2.59243 165162 72.5746 72.5746 36.2085 120
23550 631.394 -310735 -16.4019 165164 72.5749 72.5749 36.2086 120
23600 628.263 -310729 192.711 165166 72.5752 72.5752 36.2088 120
23650 629.495 -310731 -157.032 165168 72.5755 72.5755 36.2089 120
