# Time-averaged data for fix 2
# TimeStep c_thermo_temp c_thermo_pe c_thermo_press v_myVol v_myCella v_myCellb v_myCellc v_myCellgamma
0 731.395 -310362 -4537.55 165209 72.5815 72.5815 36.2119 120
50 726.798 -310363 -3873.68 165165 72.5751 72.5751 36.2087 120
100 725.898 -310372 -4188.3 165123 72.5689 72.5689 36.2056 120
150 725.869 -310382 -4586.42 165081 72.5627 72.5627 36.2026 120
200 718.641 -310378 -4424.12 165040 72.5567 72.5567 36.1996 120
250 721.463 -310394 -4647.71 165000 72.5509 72.5509 36.1967 120
300 722.087 -310405 -5009.43 164961 72.5452 72.5452 36.1938 120
350 716.101 -310404 -5288.06 164923 72.5395 72.5395 36.191 120
400 716.101 -310414 -5274.37 164885 72.534 72.534 36.1882 120
450 718.492 -310428 -4999.88 164848 72.5286 72.5286 36.1855 120
500 713.683 -310429 -4628.25 164812 72.5233 72.5233 36.1829 120
550 709.941 -310432 -4097.08 164777 72.5181 72.5181 36.1803 120
600 712.95 -310448 -3575.72 164742 72.513 72.513 36.1778 120
650 711.32 -310454 -2790.44 164708 72.508 72.508 36.1753 120
700 711.449 -310464 -2269.33 164675 72.5031 72.5031 36.1728 120
750 703.931 -310459 -1748.62 164642 72.4984 72.4984 36.1705 120
800 701.372 -310463 -1404.87 164611 72.4937 72.4937 36.1681 120
850 699.59 -310470 -996.34 164580 72.4892 72.4892 36.1659 120
900 696.809 -310474 -456.239 164550 72.4848 72.4848 36.1637 120
950 693.201 -310475 79.966 164520 72.4805 72.4805 36.1615 120
1000 690.768 -310480 383.72 164492 72.4763 72.4763 36.1594 120
1050 687.181 -310481 628.746 164464 72.4722 72.4722 36.1574 120
1100 689.081 -310493 628.174 164437 72.4682 72.4682 36.1554 120
1150 690.479 -310504 340.776 164411 72.4644 72.4644 36.1535 120
1200 688.276 -310508 -307.634 164385 72.4606 72.4606 36.1516 120
1250 684.348 -310510 -1034.12 164360 72.457 72.457 36.1498 120
1300 682.978 -310515 -1457.93 164336 72.4534 72.4534 36.148 120
1350 683.828 -310525 -1825.08 164312 72.4499 72.4499 36.1463 120
1400 681.084 -310529 -1878.34 164289 72.4465 72.4465 36.1446 120
1450 678.212 -310532 -1618.05 164266 72.4431 72.4431 36.1429 120
1500 674.249 -310532 -1261.31 164244 72.4398 72.4398 36.1412 120
1550 674.828 -310541 -573.749 164222 72.4366 72.4366 36.1396 120
1600 673.788 -310547 529.102 164200 72.4335 72.4335 36.1381 120
1650 667.848 -310543 1456.25 164180 72.4304 72.4304 36.1366 120
1700 664.802 -310545 2190.88 164160 72.4275 72.4275 36.1351 120
1750 669.422 -310561 2614.3 164140 72.4246 72.4246 36.1336 120
1800 666.067 -310562 2860.4 164121 72.4218 72.4218 36.1323 120
1850 660.881 -310559 3072.33 164103 72.4191 72.4191 36.1309 120
1900 661.26 -310567 3421.53 164085 72.4165 72.4165 36.1296 120
1950 662.792 -310577 3633.62 164068 72.414 72.414 36.1284 120
2000 662.353 -310583 3642.27 164052 72.4116 72.4116 36.1272 120
2050 660.198 -310586 3495.74 164036 72.4093 72.4093 36.126 120
2100 656.79 -310586 3069.35 164021 72.4071 72.4071 36.1249 120
2150 656.599 -310592 2669.57 164006 72.4049 72.4049 36.1238 120
2200 656.198 -310598 2762.43 163992 72.4028 72.4028 36.1228 120
2250 654.092 -310601 3026.75 163979 72.4008 72.4008 36.1218 120
2300 651.158 -310601 3202.3 163965 72.3989 72.3989 36.1208 120
2350 653.688 -310612 3118.2 163953 72.397 72.397 36.1199 120
2400 650.034 -310612 3371.92 163941 72.3953 72.3953 36.119 120
2450 645.275 -310609 3902.31 163929 72.3935 72.3935 36.1181 120
2500 646.222 -310616 4152.55 163918 72.3919 72.3919 36.1173 120
2550 642.259 -310615 4319.53 163907 72.3903 72.3903 36.1165 120
2600 642.499 -310621 4255.6 163897 72.3888 72.3888 36.1158 120
2650 643.106 -310628 4081.38 163887 72.3874 72.3874 36.1151 120
2700 636.991 -310622 4277.52 163878 72.3861 72.3861 36.1144 120
2750 637.276 -310628 4800.99 163869 72.3848 72.3848 36.1138 120
2800 644.489 -310647 5207.52 163861 72.3836 72.3836 36.1132 120
2850 636.458 -310637 5696.64 163853 72.3824 72.3824 36.1126 120
2900 633.614 -310636 6030.6 163846 72.3813 72.3813 36.1121 120
2950 642.091 -310657 6160.46 163839 72.3804 72.3804 36.1116 120
3000 634.596 -310649 6645.2 163833 72.3794 72.3794 36.1111 120
3050 636.234 -310657 6328.87 163828 72.3786 72.3786 36.1107 120
3100 636.924 -310663 5672.74 163822 72.3779 72.3779 36.1103 120
3150 629.255 -310653 5369.99 163818 72.3772 72.3772 36.11 120
3200 630.017 -310659 5113.12 163814 72.3765 72.3765 36.1097 120
3250 628.855 -310662 5168.9 163810 72.376 72.376 36.1094 120
3300 628.572 -310666 5285.81 163806 72.3755 72.3755 36.1091 120
3350 632.096 -310677 5242.89 163803 72.375 72.375 36.1089 120
3400 629.146 -310676 5395.49 163801 72.3746 72.3746 36.1087 120
3450 624.478 -310671 5756.18 163798 72.3743 72.3743 36.1086 120
3500 625.413 -310677 5862.5 163796 72.374 72.374 36.1084 120
3550 622.899 -310676 6036.32 163795 72.3738 72.3738 36.1083 120
3600 626.454 -310686 6169.35 163794 72.3737 72.3737 36.1082 120
3650 624.555 -310687 6455.48 163793 72.3736 72.3736 36.1082 120
3700 621.155 -310684 6806.93 163793 72.3735 72.3735 36.1082 120
3750 622.932 -310691 6858.92 163793 72.3735 72.3735 36.1082 120
3800 619.835 -310689 6473.95 163794 72.3736 72.3736 36.1082 120
3850 612.373 -310678 5758.97 163795 72.3738 72.3738 36.1083 120
3900 612.697 -310682 4914.04 163796 72.374 72.374 36.1084 120
3950 611.916 -310684 4534.61 163798 72.3742 72.3742 36.1085 120
4000 612.375 -310688 4517.67 163800 72.3745 72.3745 36.1086 120
4050 617.614 -310700 4566.32 163802 72.3748 72.3748 36.1088 120
4100 619.046 -310706 4761.71 163804 72.3752 72.3752 36.109 120
4150 614.098 -310698 5070.52 163807 72.3755 72.3755 36.1092 120
4200 610.429 -310694 5280.28 163810 72.376 72.376 36.1094 120
4250 613.015 -310701 5214.88 163813 72.3764 72.3764 36.1096 120
4300 613.954 -310705 5019.22 163816 72.3769 72.3769 36.1099 120
4350 610.776 -310701 5130.25 163820 72.3775 72.3775 36.1101 120
4400 613.31 -310707 5198.45 163824 72.3781 72.3781 36.1104 120
4450 610.03 -310703 5239.66 163828 72.3787 72.3787 36.1107 120
4500 610.397 -310705 5006.33 163832 72.3793 72.3793 36.1111 120
4550 613.239 -310712 4884.64 163837 72.38 72.38 36.1114 120
4600 613.14 -310713 4985.75 163842 72.3807 72.3807 36.1118 120
4650 611.614 -310711 5224.43 163847 72.3815 72.3815 36.1121 120
4700 611.73 -310713 5365.59 163852 72.3823 72.3823 36.1125 120
4750 612.295 -310715 5397.54 163858 72.3831 72.3831 36.1129 120
4800 612.368 -310716 5662.11 163864 72.384 72.384 36.1134 120
4850 613.753 -310719 6304.21 163870 72.3849 72.3849 36.1138 120
4900 609.785 -310712 7027.19 163876 72.3858 72.3858 36.1143 120
4950 610.432 -310714 6796.29 163883 72.3868 72.3868 36.1148 120
5000 616.795 -310727 5983.01 163890 72.3878 72.3878 36.1153 120
5050 612.829 -310719 5781.35 163897 72.3889 72.3889 36.1158 120
5100 612.121 -310718 5780.44 163905 72.39 72.39 36.1164 120
5150 613.117 -310720 6078.01 163913 72.3911 72.3911 36.1169 120
5200 618.757 -310730 6073.45 163921 72.3923 72.3923 36.1175 120
5250 614.446 -310723 6074.24 163929 72.3935 72.3935 36.1181 120
5300 612.234 -310718 5926.81 163937 72.3948 72.3948 36.1188 120
5350 614.66 -310723 5552.25 163946 72.3961 72.3961 36.1194 120
5400 613.485 -310720 5589.75 163955 72.3974 72.3974 36.1201 120
5450 615.25 -310722 5804.83 163964 72.3987 72.3987 36.1207 120
5500 614.253 -310720 5974.24 163973 72.4001 72.4001 36.1214 120
5550 613.526 -310717 6247.69 163983 72.4015 72.4015 36.1221 120
5600 616.688 -310722 6197.25 163993 72.4029 72.4029 36.1228 120
5650 614.245 -310717 5649.37 164003 72.4044 72.4044 36.1236 120
5700 615.783 -310719 4866.73 164013 72.4059 72.4059 36.1243 120
5750 617.869 -310721 4430.82 164023 72.4074 72.4074 36.1251 120
5800 613.864 -310712 4477.8 164034 72.4089 72.4089 36.1258 120
5850 615.122 -310714 4571.52 164044 72.4105 72.4105 36.1266 120
5900 616.499 -310715 4536.61 164055 72.4121 72.4121 36.1274 120
5950 611.669 -310704 4583.24 164066 72.4137 72.4137 36.1282 120
6000 613.022 -310705 4318.55 164077 72.4153 72.4153 36.129 120
6050 614.757 -310707 4150.65 164088 72.4169 72.4169 36.1298 120
6100 617.232 -310709 4115.25 164099 72.4185 72.4185 36.1306 120
6150 619.11 -310711 3909.85 164110 72.4201 72.4201 36.1314 120
6200 612.932 -310698 3820.35 164121 72.4218 72.4218 36.1322 120
6250 614.903 -310699 3444.45 164132 72.4235 72.4235 36.1331 120
6300 622.074 -310711 2943.15 164144 72.4251 72.4251 36.1339 120
6350 621.322 -310707 2909.14 164155 72.4268 72.4268 36.1347 120
6400 619.485 -310702 3153.28 164166 72.4284 72.4284 36.1356 120
6450 618.282 -310697 3507.62 164178 72.4301 72.4301 36.1364 120
6500 619.462 -310697 3596.61 164189 72.4318 72.4318 36.1372 120
6550 623.45 -310703 3201.84 164200 72.4335 72.4335 36.1381 120
6600 620.712 -310695 3058.77 164212 72.4352 72.4352 36.1389 120
6650 624.637 -310700 3029.02 164223 72.4368 72.4368 36.1398 120
6700 627.166 -310703 3229.22 164235 72.4385 72.4385 36.1406 120
6750 626.536 -310699 3403.9 164246 72.4402 72.4402 36.1414 120
6800 627.502 -310699 3320.68 164258 72.4419 72.4419 36.1423 120
6850 627.142 -310697 3007.26 164269 72.4436 72.4436 36.1431 120
6900 628.256 -310696 2577.68 164281 72.4453 72.4453 36.144 120
6950 629.923 -310697 2352.25 164293 72.447 72.447 36.1448 120
7000 626.568 -310689 2436.65 164304 72.4487 72.4487 36.1457 120
7050 626.552 -310687 2369.36 164316 72.4504 72.4504 36.1465 120
7100 629.513 -310690 2281.1 164327 72.4521 72.4521 36.1474 120
7150 623.647 -310677 2706.89 164338 72.4538 72.4538 36.1482 120
7200 628.588 -310684 2819.29 164350 72.4554 72.4554 36.149 120
7250 635.665 -310696 2607.9 164361 72.4571 72.4571 36.1499 120
7300 631.898 -310687 2562.2 164373 72.4588 72.4588 36.1507 120
7350 631.27 -310684 2605.02 164384 72.4605 72.4605 36.1515 120
7400 630.492 -310681 2977.38 164396 72.4622 72.4622 36.1524 120
7450 637.42 -310692 3157.94 164407 72.4638 72.4638 36.1532 120
7500 638.608 -310693 3412.53 164418 72.4655 72.4655 36.1541 120
7550 633.838 -310683 3619.77 164430 72.4672 72.4672 36.1549 120
7600 633.987 -310682 3727.65 164441 72.4689 72.4689 36.1557 120
7650 638.988 -310690 3577.01 164453 72.4706 72.4706 36.1566 120
7700 635.353 -310682 3181.9 164465 72.4723 72.4723 36.1574 120
7750 632.401 -310675 2535.53 164476 72.474 72.474 36.1583 120
7800 633.293 -310676 2129.45 164488 72.4757 72.4757 36.1592 120
7850 636.085 -310680 2105.89 164500 72.4774 72.4774 36.16 120
7900 633.124 -310674 2501.99 164511 72.4791 72.4791 36.1609 120
7950 637.941 -310683 2638.41 164523 72.4808 72.4808 36.1617 120
8000 640.252 -310687 2542.72 164534 72.4825 72.4825 36.1625 120
8050 637.66 -310681 2607.58 164546 72.4842 72.4842 36.1634 120
8100 637.953 -310681 2920.61 164557 72.4859 72.4859 36.1642 120
8150 637.632 -310681 3265 164569 72.4876 72.4876 36.1651 120
8200 636.769 -310679 3326.7 164580 72.4893 72.4893 36.1659 120
8250 631.664 -310669 3047.15 164592 72.491 72.491 36.1668 120
8300 627.54 -310662 2399.84 164604 72.4927 72.4927 36.1676 120
8350 631.114 -310669 1757.18 164615 72.4944 72.4944 36.1685 120
8400 639.494 -310686 1517.65 164627 72.4961 72.4961 36.1693 120
8450 637.64 -310683 1776.49 164638 72.4978 72.4978 36.1702 120
8500 639.477 -310687 1451.81 164650 72.4994 72.4994 36.171 120
8550 639.994 -310689 1024.4 164661 72.5011 72.5011 36.1718 120
8600 637.001 -310684 961.682 164672 72.5028 72.5028 36.1726 120
8650 640.181 -310691 811.604 164683 72.5044 72.5044 36.1735 120
8700 637.727 -310687 740.239 164694 72.506 72.506 36.1743 120
8750 639.765 -310692 153.467 164705 72.5076 72.5076 36.1751 120
8800 639.797 -310693 -305.245 164716 72.5092 72.5092 36.1758 120
8850 640.207 -310696 -428.776 164726 72.5107 72.5107 36.1766 120
8900 635.781 -310689 -128.893 164737 72.5122 72.5122 36.1774 120
8950 630.789 -310681 199.514 164747 72.5137 72.5137 36.1781 120
9000 632.209 -310685 231.295 164757 72.5152 72.5152 36.1789 120
9050 630.777 -310684 470.807 164767 72.5167 72.5167 36.1796 120
9100 631.403 -310688 551.962 164777 72.5181 72.5181 36.1803 120
9150 633.308 -310694 543.752 164787 72.5196 72.5196 36.181 120
9200 632.037 -310693 508.107 164796 72.521 72.521 36.1817 120
9250 631.013 -310693 195.405 164806 72.5224 72.5224 36.1824 120
9300 632.023 -310697 -316.856 164815 72.5237 72.5237 36.1831 120
9350 630.946 -310697 -950.837 164824 72.5251 72.5251 36.1838 120
9400 627.314 -310692 -1358.84 164833 72.5264 72.5264 36.1844 120
9450 630.587 -310701 -1726 164842 72.5277 72.5277 36.1851 120
9500 629.375 -310701 -1845.55 164851 72.529 72.529 36.1857 120
9550 624.322 -310693 -1381.07 164859 72.5302 72.5302 36.1863 120
9600 622.332 -310691 -746.413 164867 72.5314 72.5314 36.1869 120
9650 625.622 -310700 -890.455 164875 72.5326 72.5326 36.1875 120
9700 624.454 -310700 -922.786 164883 72.5337 72.5337 36.1881 120
9750 630.507 -310714 -954.002 164891 72.5348 72.5348 36.1886 120
9800 625.709 -310707 -564.88 164898 72.5359 72.5359 36.1892 120
9850 625.588 -310709 -259.864 164905 72.537 72.537 36.1897 120
9900 621.275 -310703 138.801 164913 72.538 72.538 36.1902 120
9950 620.88 -310704 216.629 164920 72.5391 72.5391 36.1908 120
10000 623.508 -310711 -131.62 164927 72.5401 72.5401 36.1913 120
10050 625.257 -310716 -561.819 164934 72.5411 72.5411 36.1918 120
10100 626.643 -310721 -868.596 164940 72.5421 72.5421 36.1923 120
10150 622.35 -310715 -1128.69 164947 72.5431 72.5431 36.1928 120
10200 620.309 -310713 -1311.87 164953 72.544 72.544 36.1932 120
10250 623.921 -310722 -1226.93 164960 72.545 72.545 36.1937 120
10300 620.649 -310717 -945.734 164966 72.5459 72.5459 36.1941 120
10350 619.651 -310717 -779.906 164972 72.5467 72.5467 36.1946 120
10400 621.078 -310722 -908.494 164978 72.5476 72.5476 36.195 120
10450 621.405 -310724 -1517.04 164983 72.5484 72.5484 36.1954 120
10500 621.596 -310726 -2292.85 164989 72.5492 72.5492 36.1958 120
10550 611.688 -310708 -2484.2 164994 72.55 72.55 36.1962 120
10600 609.6 -310706 -2828.45 164999 72.5508 72.5508 36.1966 120
10650 610.336 -310709 -3114.29 165004 72.5515 72.5515 36.1969 120
10700 614.68 -310719 -3344.5 165009 72.5521 72.5521 36.1973 120
10750 615.839 -310723 -3345.31 165013 72.5528 72.5528 36.1976 120
10800 615.468 -310723 -3310.96 165017 72.5534 72.5534 36.1979 120
10850 616.057 -310725 -3298.03 165021 72.5539 72.5539 36.1982 120
10900 615.037 -310724 -3080.55 165024 72.5544 72.5544 36.1984 120
10950 618.47 -310731 -2778.7 165028 72.5549 72.5549 36.1987 120
11000 621.378 -310738 -2406.73 165031 72.5554 72.5554 36.1989 120
11050 620.031 -310735 -2088.55 165034 72.5558 72.5558 36.1991 120
11100 620.027 -310736 -1920.15 165036 72.5562 72.5562 36.1993 120
11150 619.74 -310736 -1699.59 165039 72.5565 72.5565 36.1995 120
11200 614.365 -310726 -1362.18 165041 72.5569 72.5569 36.1996 120
11250 612.714 -310723 -1379.91 165043 72.5572 72.5572 36.1998 120
11300 612.585 -310723 -1448.66 165045 72.5575 72.5575 36.2 120
11350 616.49 -310731 -1360.68 165047 72.5578 72.5578 36.2001 120
11400 616.835 -310732 -1259.24 165049 72.5581 72.5581 36.2002 120
11450 610.646 -310720 -1299.74 165051 72.5584 72.5584 36.2004 120
11500 615.718 -310730 -1786.46 165053 72.5586 72.5586 36.2005 120
11550 615.103 -310729 -1923.84 165054 72.5588 72.5588 36.2006 120
11600 613.959 -310726 -1837.87 165056 72.559 72.559 36.2007 120
11650 620.443 -310738 -1862.13 165057 72.5592 72.5592 36.2008 120
11700 621.691 -310741 -2053.23 165058 72.5594 72.5594 36.2009 120
11750 614.553 -310726 -2063.68 165059 72.5595 72.5595 36.201 120
11800 616.688 -310730 -2171.16 165060 72.5597 72.5597 36.201 120
11850 618.854 -310734 -2316.44 165061 72.5598 72.5598 36.2011 120
11900 613.447 -310723 -2212.15 165061 72.5599 72.5599 36.2011 120
11950 619.258 -310733 -2221.32 165062 72.5599 72.5599 36.2012 120
12000 615.387 -310725 -1987.1 165062 72.56 72.56 36.2012 120
12050 612.941 -310719 -2065.85 165062 72.56 72.56 36.2012 120
12100 615.462 -310723 -2155.23 165062 72.56 72.56 36.2012 120
12150 616.894 -310724 -2286.38 165062 72.5599 72.5599 36.2012 120
12200 613.813 -310717 -2452.44 165062 72.5599 72.5599 36.2012 120
12250 615.454 -310719 -2663.08 165061 72.5598 72.5598 36.2011 120
12300 618.301 -310724 -2809.87 165061 72.5598 72.5598 36.2011 120
12350 614.976 -310716 -2614.22 165060 72.5596 72.5596 36.201 120
12400 618.783 -310722 -2330.88 165059 72.5595 72.5595 36.201 120
12450 626.827 -310735 -2118.59 165058 72.5594 72.5594 36.2009 120
12500 626.197 -310733 -1841.13 165057 72.5592 72.5592 36.2008 120
12550 622.393 -310724 -1456.34 165056 72.559 72.559 36.2007 120
12600 621.162 -310720 -1217.43 165054 72.5588 72.5588 36.2006 120
12650 621.626 -310719 -1071.77 165053 72.5586 72.5586 36.2005 120
12700 623.222 -310720 -1024.46 165051 72.5584 72.5584 36.2004 120
12750 626.42 -310724 -1330.21 165050 72.5581 72.5581 36.2003 120
12800 629.612 -310729 -1723.95 165048 72.5579 72.5579 36.2002 120
12850 631.454 -310731 -1945.33 165046 72.5577 72.5577 36.2 120
12900 626.807 -310720 -1573.38 165045 72.5574 72.5574 36.1999 120
12950 624.858 -310715 -994.373 165043 72.5571 72.5571 36.1998 120
13000 628.692 -310721 -647.57 165041 72.5569 72.5569 36.1996 120
13050 626.6 -310716 -134.446 165039 72.5566 72.5566 36.1995 120
13100 626.684 -310714 244.938 165037 72.5563 72.5563 36.1994 120
13150 625.147 -310710 456.511 165035 72.556 72.556 36.1992 120
13200 628.344 -310714 378.574 165034 72.5558 72.5558 36.1991 120
13250 627.865 -310712 682.767 165032 72.5555 72.5555 36.199 120
13300 627.458 -310710 849.625 165030 72.5553 72.5553 36.1988 120
13350 625.97 -310705 646.269 165028 72.555 72.555 36.1987 120
13400 627.428 -310707 327.689 165027 72.5548 72.5548 36.1986 120
13450 635.613 -310722 -142.688 165025 72.5546 72.5546 36.1985 120
13500 630.668 -310711 -287.626 165024 72.5544 72.5544 36.1984 120
13550 627.301 -310703 -381.676 165022 72.5541 72.5541 36.1983 120
13600 633.632 -310715 -663.726 165021 72.5539 72.5539 36.1982 120
13650 634.599 -310716 -1133.64 165019 72.5537 72.5537 36.198 120
13700 627.373 -310701 -1860.17 165018 72.5535 72.5535 36.1979 120
13750 629.423 -310704 -2622.83 165016 72.5532 72.5532 36.1978 120
13800 631.767 -310708 -2351.37 165014 72.5529 72.5529 36.1977 120
13850 631.831 -310708 -1337.73 165012 72.5526 72.5526 36.1975 120
13900 631.833 -310706 -284.091 165010 72.5524 72.5524 36.1974 120
13950 636.398 -310715 20.2714 165008 72.5521 72.5521 36.1972 120
14000 630.481 -310703 134.416 165006 72.5518 72.5518 36.1971 120
14050 630.277 -310702 3.03519 165004 72.5515 72.5515 36.1969 120
14100 631.147 -310702 190.715 165002 72.5512 72.5512 36.1968 120
14150 629.464 -310699 401.444 165000 72.5509 72.5509 36.1967 120
14200 632.048 -310704 330.23 164999 72.5506 72.5506 36.1965 120
14250 634.164 -310707 265.54 164997 72.5504 72.5504 36.1964 120
14300 630.375 -310700 246.536 164995 72.5501 72.5501 36.1963 120
14350 631.554 -310702 34.9339 164993 72.5499 72.5499 36.1961 120
14400 630.53 -310700 -181.05 164992 72.5496 72.5496 36.196 120
14450 629.99 -310700 -927.107 164990 72.5494 72.5494 36.1959 120
14500 632.067 -310704 -1751.19 164988 72.5491 72.5491 36.1958 120
14550 635.684 -310711 -1837.54 164986 72.5488 72.5488 36.1956 120
14600 640.618 -310720 -1484.7 164984 72.5486 72.5486 36.1955 120
14650 637.777 -310716 -1069.97 164982 72.5483 72.5483 36.1953 120
14700 633.186 -310707 -1070.11 164980 72.548 72.548 36.1952 120
14750 631.656 -310705 -1339.19 164978 72.5477 72.5477 36.195 120
14800 631 -310704 -1457.82 164976 72.5473 72.5473 36.1949 120
14850 632.958 -310709 -1460.65 164974 72.547 72.547 36.1947 120
14900 634.154 -310713 -1294.67 164972 72.5467 72.5467 36.1946 120
14950 634.836 -310715 -1261.88 164969 72.5463 72.5463 36.1944 120
15000 630.988 -310708 -1407.22 164967 72.546 72.546 36.1942 120
15050 628.123 -310704 -1710.32 164964 72.5456 72.5456 36.194 120
15100 628.194 -310705 -2179.98 164962 72.5453 72.5453 36.1938 120
15150 632.119 -310714 -2574.03 164959 72.5449 72.5449 36.1937 120
15200 635.216 -310721 -2553.62 164956 72.5445 72.5445 36.1935 120
15250 631.572 -310715 -2070.66 164954 72.544 72.544 36.1932 120
15300 627.765 -310709 -1604.93 164951 72.5436 72.5436 36.193 120
15350 625.958 -310707 -1421.28 164947 72.5432 72.5432 36.1928 120
15400 628.573 -310713 -1412.95 164944 72.5427 72.5427 36.1926 120
15450 628.018 -310713 -1140.01 164941 72.5422 72.5422 36.1923 120
15500 632.168 -310722 -1197.56 164938 72.5418 72.5418 36.1921 120
15550 631.103 -310722 -1240.85 164935 72.5413 72.5413 36.1919 120
15600 631.249 -310723 -1212.54 164931 72.5408 72.5408 36.1916 120
15650 627.313 -310718 -661.411 164928 72.5403 72.5403 36.1914 120
15700 626.364 -310717 2.48053 164925 72.5398 72.5398 36.1911 120
15750 626.478 -310719 400.109 164921 72.5393 72.5393 36.1909 120
15800 629.193 -310726 330.883 164918 72.5389 72.5389 36.1907 120
15850 631.146 -310731 258.721 164915 72.5384 72.5384 36.1904 120
15900 627.44 -310725 438.434 164912 72.5379 72.5379 36.1902 120
15950 629.223 -310731 511.433 164909 72.5375 72.5375 36.19 120
16000 631.547 -310737 468.543 164906 72.5371 72.5371 36.1897 120
16050 624.93 -310726 362.686 164903 72.5366 72.5366 36.1895 120
16100 620.433 -310719 168.889 164900 72.5362 72.5362 36.1893 120
16150 616.667 -310714 145.597 164897 72.5358 72.5358 36.1891 120
16200 621.066 -310724 1.01477 164894 72.5354 72.5354 36.1889 120
16250 626.648 -310736 99.6599 164892 72.535 72.535 36.1887 120
16300 628.584 -310741 163.281 164889 72.5346 72.5346 36.1885 120
16350 621.962 -310731 296.378 164886 72.5342 72.5342 36.1883 120
16400 619.471 -310727 280.286 164884 72.5338 72.5338 36.1881 120
16450 620.283 -310730 182.274 164881 72.5334 72.5334 36.1879 120
16500 624.632 -310740 -101.698 164878 72.533 72.533 36.1877 120
16550 624.736 -310741 -264.629 164876 72.5327 72.5327 36.1876 120
16600 616.676 -310728 229.637 164873 72.5323 72.5323 36.1874 120
16650 621.857 -310739 570.276 164871 72.5319 72.5319 36.1872 120
16700 620.922 -310738 1344.11 164868 72.5316 72.5316 36.187 120
16750 622.863 -310743 2076.95 164866 72.5312 72.5312 36.1868 120
16800 622.331 -310744 2707.1 164864 72.5309 72.5309 36.1867 120
16850 619.427 -310740 2767.95 164862 72.5306 72.5306 36.1865 120
16900 622.565 -310747 2274.93 164860 72.5304 72.5304 36.1864 120
16950 623.201 -310749 1729.47 164859 72.5301 72.5301 36.1863 120
17000 618.803 -310742 1356.11 164857 72.5299 72.5299 36.1862 120
17050 621.566 -310748 1033.52 164856 72.5297 72.5297 36.1861 120
17100 622.442 -310750 1049.44 164855 72.5295 72.5295 36.186 120
17150 619.693 -310746 1083.55 164853 72.5294 72.5294 36.1859 120
17200 614.577 -310737 1101.17 164852 72.5292 72.5292 36.1858 120
17250 614.976 -310739 1048.37 164851 72.529 72.529 36.1858 120
17300 616.843 -310743 982.144 164850 72.5289 72.5289 36.1857 120
17350 618.386 -310746 1021.74 164849 72.5288 72.5288 36.1856 120
17400 618.3 -310747 1403.98 164849 72.5287 72.5287 36.1856 120
17450 616.938 -310745 1701.39 164848 72.5286 72.5286 36.1855 120
17500 615.32 -310743 1625.69 164847 72.5285 72.5285 36.1855 120
17550 618.574 -310750 1717.45 164847 72.5284 72.5284 36.1854 120
17600 622.439 -310757 1721.97 164846 72.5283 72.5283 36.1854 120
17650 618.339 -310750 1552.98 164846 72.5283 72.5283 36.1854 120
17700 618.849 -310751 1397.62 164846 72.5283 72.5283 36.1854 120
17750 620.173 -310754 1243.23 164846 72.5283 72.5283 36.1854 120
17800 612.216 -310739 1099.8 164846 72.5283 72.5283 36.1854 120
17850 613.723 -310741 625.03 164846 72.5283 72.5283 36.1854 120
17900 615.615 -310745 223.885 164846 72.5283 72.5283 36.1854 120
17950 616.054 -310746 -225.83 164846 72.5283 72.5283 36.1854 120
18000 614.738 -310743 -366.873 164846 72.5283 72.5283 36.1854 120
18050 615.802 -310745 -293.53 164846 72.5283 72.5283 36.1854 120
18100 614.239 -310741 123.954 164846 72.5283 72.5283 36.1854 120
18150 616.202 -310745 722.312 164847 72.5284 72.5284 36.1854 120
18200 616.947 -310746 1097.89 164847 72.5284 72.5284 36.1854 120
18250 617.097 -310746 733.1 164847 72.5284 72.5284 36.1854 120
18300 618.316 -310747 381.391 164847 72.5284 72.5284 36.1855 120
18350 619.408 -310748 693.315 164847 72.5285 72.5285 36.1855 120
18400 623.502 -310755 1016.85 164848 72.5285 72.5285 36.1855 120
18450 623.411 -310754 1009 164848 72.5286 72.5286 36.1855 120
18500 621.888 -310750 611.673 164848 72.5286 72.5286 36.1855 120
18550 620.972 -310748 252.269 164849 72.5287 72.5287 36.1856 120
18600 618.178 -310741 253.475 164849 72.5288 72.5288 36.1856 120
18650 622.847 -310749 396.089 164850 72.5288 72.5288 36.1856 120
18700 623.587 -310749 556.793 164850 72.5289 72.5289 36.1857 120
18750 617.425 -310736 562.106 164851 72.529 72.529 36.1857 120
18800 620.568 -310741 601.862 164851 72.5291 72.5291 36.1858 120
18850 623.166 -310744 956.643 164852 72.5291 72.5291 36.1858 120
18900 622.045 -310741 982.441 164853 72.5292 72.5292 36.1859 120
18950 620.675 -310737 804.326 164853 72.5293 72.5293 36.1859 120
19000 623.498 -310741 484.607 164854 72.5295 72.5295 36.186 120
19050 621.11 -310735 613.52 164855 72.5296 72.5296 36.186 120
19100 622.604 -310736 954.449 164856 72.5297 72.5297 36.1861 120
19150 622.706 -310735 1080.23 164856 72.5298 72.5298 36.1861 120
19200 619.002 -310727 1392.71 164857 72.5299 72.5299 36.1862 120
19250 624.752 -310736 1639.57 164858 72.5301 72.5301 36.1863 120
19300 627.153 -310740 1827.99 164859 72.5302 72.5302 36.1864 120
19350 632.033 -310748 1818.63 164861 72.5304 72.5304 36.1864 120
19400 629.528 -310741 2087.32 164862 72.5306 72.5306 36.1865 120
19450 630.381 -310742 1986.6 164863 72.5308 72.5308 36.1866 120
19500 629.775 -310739 2015.11 164865 72.531 72.531 36.1867 120
19550 623.47 -310726 2300.69 164866 72.5313 72.5313 36.1869 120
19600 621.738 -310721 2014.67 164868 72.5315 72.5315 36.187 120
19650 626.974 -310730 1398.37 164870 72.5318 72.5318 36.1871 120
19700 630.217 -310735 953.014 164872 72.5321 72.5321 36.1873 120
19750 631.835 -310737 546.022 164874 72.5324 72.5324 36.1874 120
19800 629.056 -310731 390.869 164876 72.5327 72.5327 36.1876 120
19850 625.786 -310723 576.173 164878 72.533 72.533 36.1877 120
19900 626.967 -310725 924.18 164880 72.5333 72.5333 36.1879 120
19950 629.664 -310729 1143.53 164882 72.5336 72.5336 36.188 120
20000 634.014 -310736 1105.44 164884 72.5339 72.5339 36.1882 120
20050 634.192 -310736 1460.92 164886 72.5342 72.5342 36.1883 120
20100 630.13 -310727 2102.1 164888 72.5345 72.5345 36.1885 120
20150 627.651 -310722 2624.63 164891 72.5348 72.5348 36.1887 120
20200 631.295 -310728 2829.7 164893 72.5352 72.5352 36.1888 120
20250 633.113 -310731 2593.15 164896 72.5356 72.5356 36.189 120
20300 632.842 -310730 2114.21 164899 72.536 72.536 36.1892 120
20350 633.765 -310731 1912.05 164902 72.5364 72.5364 36.1894 120
20400 633.657 -310731 1679.18 164905 72.5369 72.5369 36.1897 120
20450 629.254 -310722 1157.57 164908 72.5373 72.5373 36.1899 120
20500 625.624 -310714 623.601 164911 72.5378 72.5378 36.1901 120
20550 629.787 -310722 162.576 164914 72.5382 72.5382 36.1903 120
20600 634.459 -310731 288.782 164917 72.5387 72.5387 36.1906 120
20650 638.336 -310738 673.942 164920 72.5391 72.5391 36.1908 120
20700 636.161 -310734 807.642 164923 72.5396 72.5396 36.191 120
20750 634.037 -310730 840.125 164926 72.54 72.54 36.1912 120
20800 634.783 -310731 1572.67 164929 72.5405 72.5405 36.1915 120
20850 636.537 -310735 2301.16 164932 72.5409 72.5409 36.1917 120
20900 632.478 -310727 2455.45 164936 72.5414 72.5414 36.1919 120
20950 633.992 -310731 2093.53 164939 72.5419 72.5419 36.1922 120
21000 632.6 -310728 2006.24 164943 72.5425 72.5425 36.1924 120
21050 629.59 -310723 2018.01 164946 72.543 72.543 36.1927 120
21100 631.408 -310727 1767.05 164950 72.5435 72.5435 36.193 120
21150 629.765 -310725 1318.3 164954 72.5441 72.5441 36.1933 120
21200 628.874 -310724 776.178 164958 72.5446 72.5446 36.1935 120
21250 631.276 -310729 595.485 164961 72.5452 72.5452 36.1938 120
21300 633.265 -310734 622.467 164965 72.5458 72.5458 36.1941 120
21350 631.907 -310733 766.264 164969 72.5463 72.5463 36.1944 120
21400 628.697 -310727 898.999 164973 72.5469 72.5469 36.1947 120
21450 631.031 -310733 1015.62 164977 72.5475 72.5475 36.195 120
21500 633.411 -310739 1185.94 164981 72.5481 72.5481 36.1952 120
21550 630.773 -310734 1104.28 164985 72.5486 72.5486 36.1955 120
21600 627.743 -310730 1021.83 164989 72.5492 72.5492 36.1958 120
21650 628.239 -310732 849.59 164993 72.5498 72.5498 36.1961 120
21700 628.111 -310733 538.217 164997 72.5504 72.5504 36.1964 120
21750 629.002 -310736 182.272 165001 72.551 72.551 36.1967 120
21800 627.276 -310734 26.7205 165005 72.5516 72.5516 36.197 120
21850 624.71 -310731 202.8 165009 72.5521 72.5521 36.1973 120
21900 625.289 -310733 302.942 165013 72.5527 72.5527 36.1976 120
21950 625.178 -310735 155.156 165017 72.5533 72.5533 36.1979 120
22000 627.836 -310741 4.07871 165021 72.5539 72.5539 36.1981 120
22050 630.983 -310749 -52.6783 165024 72.5544 72.5544 36.1984 120
22100 626.405 -310741 15.1984 165028 72.555 72.555 36.1987 120
22150 625.677 -310741 -151.554 165032 72.5555 72.5555 36.199 120
22200 627.492 -310746 -245.171 165036 72.5561 72.5561 36.1992 120
22250 628.49 -310749 -377.791 165039 72.5566 72.5566 36.1995 120
22300 628.251 -310750 -617.553 165043 72.5572 72.5572 36.1998 120
22350 620.479 -310736 -487.41 165047 72.5577 72.5577 36.2 120
22400 619.301 -310735 -617.291 165050 72.5582 72.5582 36.2003 120
22450 625.269 -310747 -1348.33 165053 72.5587 72.5587 36.2005 120
22500 620.895 -310741 -1393.1 165057 72.5592 72.5592 36.2008 120
22550 618.072 -310737 -1169.41 165060 72.5596 72.5596 36.201 120
22600 617.693 -310738 -1051.48 165063 72.5601 72.5601 36.2012 120
22650 621.501 -310746 -1076.8 165066 72.5605 72.5605 36.2015 120
22700 624.947 -310754 -1081.33 165069 72.5609 72.5609 36.2017 120
22750 625.015 -310755 -1070.99 165072 72.5613 72.5613 36.2019 120
22800 621.51 -310749 -842.779 165074 72.5617 72.5617 36.2021 120
22850 619.771 -310747 -105.038 165077 72.5621 72.5621 36.2023 120
22900 622.315 -310753 613.489 165079 72.5625 72.5625 36.2024 120
22950 624.679 -310759 552.16 165082 72.5629 72.5629 36.2026 120
23000 618.264 -310748 424.839 165085 72.5633 72.5633 36.2028 120
23050 619.548 -310751 71.274 165087 72.5636 72.5636 36.203 120
23100 621.677 -310756 -315.824 165090 72.564 72.564 36.2032 120
23150 616.26 -310747 -19.7812 165092 72.5644 72.5644 36.2034 120
23200 625.881 -310766 -15.0061 165095 72.5648 72.5648 36.2036 120
23250 624.345 -310764 36.1631 165097 72.5651 72.5651 36.2038 120
23300 619.765 -310755 162.951 165100 72.5655 72.5655 36.2039 120
23350 618.532 -310754 529.232 165102 72.5658 72.5658 36.2041 120
23400 616.077 -310750 699.898 165105 72.5662 72.5662 36.2043 120
23450 616.103 -310750 737.515 165107 72.5666 72.5666 36.2045 120
23500 619.252 -310757 761.573 165110 72.5669 72.5669 36.2047 120
23550 619.322 -310758 701.871 165112 72.5673 72.5673 36.2048 120
23600 618.015 -310755 773.746 165115 72.5677 72.5677 36.205 120
23650 616.609 -310753 693.616 165117 72.5681 72.5681 36.2052 120
23700 610.869 -310742 419.869 165120 72.5684 72.5684 36.2054 120
23750 616.519 -310753 143.862 165123 72.5688 72.5688 36.2056 120
23800 618.316 -310756 437.045 165125 72.5692 72.5692 36.2058 120
23850 623.248 -310767 249.703 165128 72.5696 72.5696 36.206 120
23900 626.022 -310771 -277.393 165130 72.57 72.57 36.2062 120
23950 619.299 -310759 -617.481 165133 72.5703 72.5703 36.2064 120
24000 615.83 -310752 -777.574 165135 72.5707 72.5707 36.2065 120
24050 621.31 -310763 -1081.63 165138 72.571 72.571 36.2067 120
24100 622.993 -310765 -1348.07 165140 72.5714 72.5714 36.2069 120
24150 615.686 -310751 -1276.93 165142 72.5717 72.5717 36.207 120
24200 617.115 -310754 -1492.77 165144 72.572 72.572 36.2072 120
24250 617.475 -310754 -1513.34 165146 72.5723 72.5723 36.2073 120
24300 616.014 -310751 -1271.77 165148 72.5726 72.5726 36.2075 120
24350 617.918 -310754 -1104.13 165150 72.5728 72.5728 36.2076 120
24400 620.016 -310758 -790.992 165152 72.5731 72.5731 36.2077 120
24450 625.74 -310768 -700.768 165153 72.5733 72.5733 36.2079 120
24500 620.466 -310757 -397.765 165155 72.5736 72.5736 36.208 120
24550 622.433 -310760 -371.996 165157 72.5738 72.5738 36.2081 120
24600 623.059 -310760 -415.73 165158 72.574 72.574 36.2082 120
24650 621.346 -310756 -632.231 165159 72.5742 72.5742 36.2083 120
24700 621.567 -310756 -1066.72 165161 72.5744 72.5744 36.2084 120
24750 619.64 -310751 -1202.68 165162 72.5746 72.5746 36.2085 120
24800 618.356 -310748 -950.729 165163 72.5748 72.5748 36.2086 120
24850 614.684 -310740 -202.124 165165 72.575 72.575 36.2087 120
24900 620.279 -310749 54.8243 165166 72.5751 72.5751 36.2088 120
24950 621.123 -310750 -10.8634 165167 72.5753 72.5753 36.2088 120
25000 623.572 -310754 -363.427 165168 72.5755 72.5755 36.2089 120
25050 624.334 -310755 -584.33 165169 72.5756 72.5756 36.209 120
25100 619.213 -310743 -554.357 165170 72.5758 72.5758 36.2091 120
25150 618.163 -310740 -632.979 165171 72.5759 72.5759 36.2091 120
25200 623.102 -310748 -831.082 165172 72.5761 72.5761 36.2092 120
25250 625.589 -310752 -1153.52 165173 72.5762 72.5762 36.2093 120
25300 627.203 -310754 -1456.03 165174 72.5763 72.5763 36.2093 120
25350 626.092 -310750 -1323.98 165174 72.5764 72.5764 36.2094 120
25400 626.92 -310751 -1100.11 165175 72.5765 72.5765 36.2094 120
25450 625.899 -310747 -917.357 165176 72.5766 72.5766 36.2095 120
25500 621.431 -310738 -695.645 165176 72.5767 72.5767 36.2095 120
25550 625.655 -310745 -674.403 165176 72.5767 72.5767 36.2095 120
25600 630.745 -310754 -578.125 165177 72.5768 72.5768 36.2096 120
25650 633.125 -310757 -452.385 165177 72.5768 72.5768 36.2096 120
25700 625.117 -310741 32.5897 165178 72.5769 72.5769 36.2096 120
25750 625.382 -310740 171.334 165178 72.5769 72.5769 36.2096 120
25800 630.015 -310748 -420.677 165178 72.577 72.577 36.2097 120
25850 626.235 -310740 -1141.08 165178 72.577 72.577 36.2097 120
25900 623.658 -310734 -1523.24 165179 72.577 72.577 36.2097 120
25950 626.788 -310739 -1693.58 165179 72.577 72.577 36.2097 120
26000 629.451 -310743 -1669.86 165179 72.577 72.577 36.2097 120
26050 631.478 -310746 -1508.37 165179 72.577 72.577 36.2097 120
26100 628.038 -310739 -1542.66 165178 72.577 72.577 36.2097 120
26150 622.853 -310728 -1934.87 165178 72.577 72.577 36.2097 120
26200 624.479 -310730 -2163.34 165178 72.5769 72.5769 36.2096 120
26250 629.632 -310740 -2299.8 165177 72.5768 72.5768 36.2096 120
26300 629.049 -310738 -2286.09 165176 72.5767 72.5767 36.2095 120
26350 632.319 -310744 -2032.2 165176 72.5766 72.5766 36.2095 120
26400 629.386 -310737 -1537.75 165175 72.5765 72.5765 36.2094 120
26450 628.183 -310734 -1273.72 165174 72.5763 72.5763 36.2093 120
26500 630.785 -310738 -1036.19 165173 72.5761 72.5761 36.2093 120
26550 632.807 -310742 -736.266 165171 72.576 72.576 36.2092 120
26600 636.47 -310748 -728.217 165170 72.5758 72.5758 36.2091 120
26650 631.615 -310738 -551.625 165169 72.5756 72.5756 36.209 120
26700 630.489 -310736 -569.965 165168 72.5754 72.5754 36.2089 120
26750 630.717 -310736 -503.276 165166 72.5752 72.5752 36.2088 120
26800 631.588 -310738 -401.335 165165 72.575 72.575 36.2087 120
26850 631.363 -310737 -357.16 165164 72.5748 72.5748 36.2086 120
26900 628.999 -310732 -615.367 165162 72.5747 72.5747 36.2085 120
26950 633.77 -310741 -1188.31 165161 72.5745 72.5745 36.2084 120
27000 632.737 -310739 -891.205 165160 72.5742 72.5742 36.2083 120
27050 633.479 -310741 -350.915 165158 72.574 72.574 36.2082 120
27100 631.255 -310736 -71.3584 165157 72.5738 72.5738 36.2081 120
27150 634.935 -310744 -449.406 165155 72.5736 72.5736 36.208 120
27200 641.182 -310756 -1268.49 165154 72.5734 72.5734 36.2079 120
27250 637.447 -310749 -1733.92 165152 72.5731 72.5731 36.2078 120
27300 624.867 -310726 -1310.47 165150 72.5729 72.5729 36.2076 120
27350 627.847 -310732 -1272.1 165149 72.5727 72.5727 36.2075 120
27400 630.01 -310737 -1305.11 165147 72.5724 72.5724 36.2074 120
27450 626.438 -310730 -868.666 165145 72.5721 72.5721 36.2072 120
27500 629.791 -310738 -664.849 165143 72.5718 72.5718 36.2071 120
27550 623.485 -310727 -246.8 165141 72.5716 72.5716 36.207 120
27600 625.291 -310731 -88.5746 165139 72.5713 72.5713 36.2068 120
27650 631.379 -310743 104.327 165137 72.571 72.571 36.2067 120
27700 632.69 -310746 423.071 165136 72.5707 72.5707 36.2065 120
27750 630.786 -310743 417.74 165134 72.5704 72.5704 36.2064 120
27800 625.32 -310734 177.39 165132 72.5702 72.5702 36.2063 120
27850 632.027 -310748 -652.469 165130 72.5699 72.5699 36.2061 120
27900 631.236 -310747 -964.413 165128 72.5697 72.5697 36.206 120
27950 627.131 -310740 -843.335 165126 72.5694 72.5694 36.2059 120
28000 630.407 -310748 -877.139 165125 72.5691 72.5691 36.2057 120
28050 632.059 -310752 -705.513 165123 72.5688 72.5688 36.2056 120
28100 627.85 -310745 -303.126 165121 72.5685 72.5685 36.2055 120
28150 621.498 -310734 78.4294 165119 72.5683 72.5683 36.2053 120
28200 624.702 -310742 31.1751 165117 72.568 72.568 36.2052 120
28250 629.186 -310752 -11.0532 165115 72.5677 72.5677 36.205 120
28300 627.16 -310749 148.221 165113 72.5674 72.5674 36.2049 120
28350 624.157 -310745 503.799 165111 72.5671 72.5671 36.2048 120
28400 628.11 -310754 748.46 165109 72.5669 72.5669 36.2046 120
28450 625.801 -310750 894.15 165108 72.5666 72.5666 36.2045 120
28500 624.411 -310749 874.286 165106 72.5664 72.5664 36.2044 120
28550 627.055 -310755 962.038 165104 72.5661 72.5661 36.2043 120
28600 623.667 -310750 1177.06 165103 72.5659 72.5659 36.2041 120
28650 622.157 -310748 1221.36 165101 72.5657 72.5657 36.204 120
28700 622.877 -310751 1278.58 165100 72.5655 72.5655 36.2039 120
28750 625.664 -310757 1109.79 165099 72.5653 72.5653 36.2038 120
28800 625.208 -310757 841.413 165097 72.5651 72.5651 36.2038 120
28850 625.327 -310759 124.584 165096 72.5649 72.5649 36.2037 120
28900 623.045 -310756 -612.902 165095 72.5648 72.5648 36.2036 120
28950 625.631 -310762 -1156.61 165094 72.5646 72.5646 36.2035 120
29000 623.782 -310760 -959.53 165093 72.5644 72.5644 36.2034 120
29050 618.947 -310752 -310.197 165091 72.5643 72.5643 36.2033 120
29100 625.438 -310765 7.63942 165090 72.5641 72.5641 36.2032 120
29150 625.703 -310766 476.564 165089 72.5639 72.5639 36.2031 120
29200 624.541 -310765 581.369 165088 72.5637 72.5637 36.203 120
29250 619.299 -310757 811.141 165086 72.5635 72.5635 36.203 120
29300 620.463 -310759 939.212 165085 72.5634 72.5634 36.2029 120
29350 621.703 -310763 836.388 165084 72.5632 72.5632 36.2028 120
29400 621.01 -310762 634.436 165083 72.5631 72.5631 36.2027 120
29450 619.781 -310761 706.304 165082 72.5629 72.5629 36.2027 120
29500 618.579 -310759 864.401 165082 72.5628 72.5628 36.2026 120
29550 621.437 -310766 996.938 165081 72.5627 72.5627 36.2025 120
29600 627.284 -310778 1176.89 165080 72.5626 72.5626 36.2025 120
29650 622.277 -310769 1528.9 165079 72.5625 72.5625 36.2024 120
29700 615.056 -310756 1537.39 165079 72.5624 72.5624 36.2024 120
29750 618.216 -310763 947.451 165078 72.5623 72.5623 36.2024 120
29800 620.084 -310768 139.96 165078 72.5623 72.5623 36.2023 120
29850 618.292 -310765 -601.405 165077 72.5622 72.5622 36.2023 120
29900 618.415 -310765 -1063.95 165077 72.5621 72.5621 36.2023 120
29950 619.506 -310768 -1109.97 165077 72.5621 72.5621 36.2022 120
30000 618.468 -310766 -420.453 165076 72.562 72.562 36.2022 120
30050 618.963 -310767 226.646 165075 72.5619 72.5619 36.2022 120
30100 614.76 -310759 539.777 165075 72.5618 72.5618 36.2021 120
30150 618.661 -310767 544.583 165074 72.5618 72.5618 36.2021 120
30200 618.597 -310767 1038.1 165074 72.5617 72.5617 36.202 120
30250 617.269 -310764 1496.58 165073 72.5616 72.5616 36.202 120
30300 618.288 -310766 1355.48 165073 72.5616 72.5616 36.202 120
30350 615.598 -310761 914.657 165073 72.5615 72.5615 36.202 120
30400 620.177 -310769 499.117 165073 72.5615 72.5615 36.202 120
30450 621.099 -310771 628.974 165073 72.5615 72.5615 36.2019 120
30500 617.225 -310764 652.394 165073 72.5615 72.5615 36.2019 120
30550 614.867 -310759 382.651 165073 72.5615 72.5615 36.2019 120
30600 620.1 -310769 110.132 165072 72.5615 72.5615 36.2019 120
30650 625.986 -310780 219.175 165072 72.5615 72.5615 36.2019 120
30700 621.755 -310771 850.847 165072 72.5615 72.5615 36.2019 120
30750 624.318 -310776 839.119 165073 72.5615 72.5615 36.2019 120
30800 623.776 -310774 388.121 165073 72.5615 72.5615 36.2019 120
30850 618.409 -310763 -213.102 165073 72.5615 72.5615 36.202 120
30900 615.154 -310756 -370.41 165073 72.5615 72.5615 36.202 120
30950 622.525 -310770 -425.698 165073 72.5615 72.5615 36.202 120
31000 625.628 -310775 -680.146 165073 72.5616 72.5616 36.202 120
31050 616.174 -310756 -588.912 165073 72.5616 72.5616 36.202 120
31100 618.736 -310760 -662.616 165073 72.5616 72.5616 36.202 120
31150 624.84 -310771 -745.482 165073 72.5615 72.5615 36.202 120
31200 622.903 -310766 -485.162 165073 72.5615 72.5615 36.202 120
31250 621.128 -310762 -59.4052 165073 72.5615 72.5615 36.202 120
31300 621.339 -310761 189.861 165073 72.5615 72.5615 36.2019 120
31350 619.176 -310756 381.959 165072 72.5615 72.5615 36.2019 120
31400 623.771 -310764 320.34 165072 72.5615 72.5615 36.2019 120
31450 626.026 -310767 243.986 165072 72.5614 72.5614 36.2019 120
31500 623.857 -310762 39.3018 165072 72.5614 72.5614 36.2019 120
31550 620.058 -310754 182.566 165072 72.5614 72.5614 36.2019 120
31600 624.134 -310761 306.848 165072 72.5614 72.5614 36.2019 120
31650 624.635 -310761 504.181 165072 72.5614 72.5614 36.2019 120
31700 626.085 -310763 475.736 165072 72.5614 72.5614 36.2019 120
31750 624.697 -310759 257.885 165072 72.5614 72.5614 36.2019 120
31800 626.123 -310761 20.1052 165072 72.5614 72.5614 36.2019 120
31850 628.287 -310764 -101.094 165072 72.5614 72.5614 36.2019 120
31900 622.022 -310751 -89.7931 165072 72.5614 72.5614 36.2019 120
31950 618.699 -310743 -304.134 165072 72.5614 72.5614 36.2019 120
32000 622.608 -310749 -897.747 165072 72.5614 72.5614 36.2019 120
32050 626.262 -310755 -1318.17 165072 72.5614 72.5614 36.2019 120
32100 626.172 -310754 -1162.54 165072 72.5614 72.5614 36.2019 120
32150 622.308 -310745 -446.796 165072 72.5614 72.5614 36.2019 120
32200 630.486 -310760 -138.159 165072 72.5614 72.5614 36.2019 120
32250 634.552 -310767 -21.0152 165071 72.5613 72.5613 36.2019 120
32300 629.494 -310756 74.4703 165071 72.5613 72.5613 36.2018 120
32350 619.341 -310736 471.72 165071 72.5613 72.5613 36.2018 120
32400 624.205 -310744 795.451 165071 72.5612 72.5612 36.2018 120
32450 629.972 -310755 806.559 165071 72.5612 72.5612 36.2018 120
32500 628.416 -310751 262.13 165071 72.5612 72.5612 36.2018 120
32550 629.268 -310752 -383.985 165071 72.5612 72.5612 36.2018 120
32600 630.741 -310754 -556.441 165070 72.5612 72.5612 36.2018 120
32650 628.783 -310749 -167.814 165070 72.5612 72.5612 36.2018 120
32700 630.393 -310751 489.704 165070 72.5611 72.5611 36.2018 120
32750 632.278 -310754 972.282 165070 72.5611 72.5611 36.2018 120
32800 632.626 -310754 954.843 165070 72.5611 72.5611 36.2018 120
32850 634.277 -310757 542.075 165070 72.5611 72.5611 36.2018 120
32900 630.374 -310749 250.555 165070 72.5611 72.5611 36.2018 120
32950 626.883 -310742 299.589 165070 72.5611 72.5611 36.2018 120
33000 633.892 -310755 224.894 165070 72.5611 72.5611 36.2018 120
33050 633.268 -310753 488.509 165070 72.5612 72.5612 36.2018 120
33100 631.483 -310749 812.476 165070 72.5612 72.5612 36.2018 120
33150 628.344 -310743 1056.4 165071 72.5612 72.5612 36.2018 120
33200 618.877 -310725 985.332 165071 72.5612 72.5612 36.2018 120
33250 620.964 -310729 396.558 165071 72.5613 72.5613 36.2018 120
33300 632.162 -310750 -419.272 165072 72.5613 72.5613 36.2019 120
33350 631.984 -310750 -727.824 165072 72.5614 72.5614 36.2019 120
33400 627.715 -310741 -471.493 165072 72.5614 72.5614 36.2019 120
33450 628.686 -310743 -155.551 165072 72.5614 72.5614 36.2019 120
33500 629.158 -310744 72.4766 165072 72.5615 72.5615 36.2019 120
33550 634.1 -310753 -16.6093 165073 72.5615 72.5615 36.202 120
33600 631.842 -310749 32.9219 165073 72.5615 72.5615 36.202 120
33650 627.775 -310741 303.449 165073 72.5616 72.5616 36.202 120
33700 629.378 -310745 695.564 165073 72.5616 72.5616 36.202 120
33750 631.867 -310750 979.613 165074 72.5616 72.5616 36.202 120
33800 633.395 -310753 781.953 165074 72.5617 72.5617 36.202 120
33850 631.703 -310750 191.984 165074 72.5617 72.5617 36.2021 120
33900 632.374 -310752 -396.23 165075 72.5618 72.5618 36.2021 120
33950 630.921 -310749 -530.393 165075 72.5619 72.5619 36.2021 120
34000 629.628 -310747 -638.813 165075 72.5619 72.5619 36.2021 120
34050 628.017 -310745 -800.027 165076 72.5619 72.5619 36.2022 120
34100 631.501 -310752 -807.555 165076 72.562 72.562 36.2022 120
34150 629.458 -310749 -414.103 165076 72.562 72.562 36.2022 120
34200 626.49 -310744 -149.132 165076 72.562 72.562 36.2022 120
34250 628.518 -310749 1.1587 165076 72.562 72.562 36.2022 120
34300 625.823 -310744 175.55 165076 72.5621 72.5621 36.2022 120
34350 625.09 -310743 11.5976 165077 72.5621 72.5621 36.2022 120
34400 632.301 -310758 -197.478 165077 72.5621 72.5621 36.2022 120
34450 631.038 -310757 237.994 165077 72.5621 72.5621 36.2023 120
34500 626.708 -310749 323.706 165077 72.5621 72.5621 36.2023 120
34550 629.5 -310755 -376.085 165077 72.5622 72.5622 36.2023 120
34600 628.012 -310753 -801.155 165077 72.5622 72.5622 36.2023 120
34650 623.693 -310746 -991.991 165077 72.5622 72.5622 36.2023 120
34700 624.755 -310749 -1220.24 165077 72.5622 72.5622 36.2023 120
34750 630.892 -310762 -1313.8 165077 72.5622 72.5622 36.2023 120
34800 635.191 -310771 -1086.62 165077 72.5622 72.5622 36.2023 120
34850 632.614 -310767 -362.453 165077 72.5621 72.5621 36.2023 120
34900 632.2 -310768 206.546 165077 72.5621 72.5621 36.2023 120
34950 626.108 -310758 461.018 165077 72.5621 72.5621 36.2022 120
35000 619.669 -310747 459.256 165076 72.5621 72.5621 36.2022 120
35050 619.597 -310748 584.128 165076 72.562 72.562 36.2022 120
35100 623.367 -310756 849.586 165076 72.562 72.562 36.2022 120
35150 623.753 -310758 1005.79 165076 72.562 72.562 36.2022 120
35200 621.1 -310754 1094.32 165076 72.562 72.562 36.2022 120
35250 622.413 -310757 1211.87 165076 72.562 72.562 36.2022 120
35300 625.048 -310763 1327.42 165076 72.562 72.562 36.2022 120
35350 625.013 -310765 1175.59 165077 72.5621 72.5621 36.2022 120
35400 624.768 -310766 680.016 165077 72.5621 72.5621 36.2023 120
35450 623.267 -310764 474.665 165077 72.5622 72.5622 36.2023 120
35500 624.158 -310767 306.761 165078 72.5622 72.5622 36.2023 120
35550 625.836 -310771 127.211 165078 72.5623 72.5623 36.2023 120
35600 622.075 -310765 415.93 165078 72.5623 72.5623 36.2024 120
35650 621.188 -310764 697.192 165079 72.5624 72.5624 36.2024 120
35700 619.897 -310762 683.794 165079 72.5625 72.5625 36.2024 120
35750 619.07 -310762 541.1 165080 72.5625 72.5625 36.2025 120
35800 623.967 -310772 335.592 165080 72.5626 72.5626 36.2025 120
35850 622.923 -310771 204.972 165081 72.5627 72.5627 36.2025 120
35900 618.205 -310763 20.2146 165081 72.5628 72.5628 36.2026 120
35950 622.555 -310772 -268.494 165082 72.5629 72.5629 36.2026 120
36000 621.133 -310769 -92.3675 165082 72.5629 72.5629 36.2027 120
36050 619.459 -310766 207.355 165083 72.563 72.563 36.2027 120
36100 617.859 -310764 288.798 165084 72.5631 72.5631 36.2027 120
36150 616.518 -310762 190.291 165084 72.5632 72.5632 36.2028 120
36200 624.248 -310777 18.2173 165085 72.5633 72.5633 36.2028 120
36250 624.863 -310779 56.7387 165085 72.5633 72.5633 36.2029 120
36300 624.084 -310778 -231.75 165086 72.5634 72.5634 36.2029 120
36350 623.435 -310777 -675.771 165086 72.5635 72.5635 36.2029 120
36400 614.49 -310761 -743.261 165087 72.5636 72.5636 36.203 120
36450 612.964 -310758 -839.873 165087 72.5636 72.5636 36.203 120
36500 619.709 -310772 -685.726 165088 72.5637 72.5637 36.203 120
36550 616.518 -310765 212.595 165088 72.5637 72.5637 36.2031 120
36600 617.974 -310768 755.886 165088 72.5638 72.5638 36.2031 120
36650 616.496 -310766 902.806 165089 72.5638 72.5638 36.2031 120
36700 617.169 -310767 453.324 165089 72.5639 72.5639 36.2031 120
36750 619.027 -310770 140.09 165090 72.564 72.564 36.2032 120
36800 622.84 -310777 -66.4568 165090 72.564 72.564 36.2032 120
36850 624.224 -310780 -155.735 165090 72.5641 72.5641 36.2033 120
36900 623.686 -310779 -50.6222 165091 72.5642 72.5642 36.2033 120
36950 616.002 -310764 176.022 165091 72.5642 72.5642 36.2033 120
37000 618.671 -310769 -209.011 165092 72.5643 72.5643 36.2034 120
37050 623.104 -310776 -523.254 165092 72.5644 72.5644 36.2034 120
37100 624.141 -310778 -515.246 165093 72.5644 72.5644 36.2034 120
37150 620.811 -310772 -168.162 165093 72.5645 72.5645 36.2034 120
37200 618.063 -310766 184.672 165093 72.5645 72.5645 36.2035 120
37250 620.484 -310770 39.4672 165094 72.5646 72.5646 36.2035 120
37300 620.556 -310770 -31.6374 165094 72.5646 72.5647 36.2035 120
37350 624.601 -310777 -117.863 165094 72.5647 72.5647 36.2035 120
37400 624.201 -310775 -226.621 165095 72.5648 72.5648 36.2036 120
37450 619.815 -310767 -399.733 165095 72.5648 72.5648 36.2036 120
37500 620.096 -310766 -784.132 165095 72.5648 72.5648 36.2036 120
37550 619.453 -310764 -1081.84 165096 72.5649 72.5649 36.2036 120
37600 622.282 -310769 -1019.45 165096 72.5649 72.5649 36.2036 120
37650 621.108 -310766 -377.722 165096 72.5649 72.5649 36.2037 120
37700 618.685 -310761 195.833 165096 72.5649 72.5649 36.2037 120
37750 620.282 -310764 352.331 165096 72.565 72.565 36.2037 120
37800 623.591 -310769 645.141 165096 72.565 72.565 36.2037 120
37850 626.396 -310773 877.193 165096 72.565 72.565 36.2037 120
37900 623.993 -310767 868.214 165097 72.565 72.565 36.2037 120
37950 625.59 -310769 484.441 165097 72.5651 72.5651 36.2037 120
38000 621.755 -310761 411.472 165097 72.5651 72.5651 36.2037 120
38050 622.685 -310762 397.78 165098 72.5652 72.5652 36.2038 120
38100 623.136 -310762 657.582 165098 72.5652 72.5652 36.2038 120
38150 623.999 -310762 1052.85 165098 72.5653 72.5653 36.2038 120
38200 624.946 -310764 1270.6 165099 72.5653 72.5653 36.2039 120
38250 625.7 -310764 1034.97 165099 72.5654 72.5654 36.2039 120
38300 622.689 -310757 901.086 165100 72.5655 72.5655 36.2039 120
38350 625.588 -310762 720.732 165101 72.5656 72.5656 36.204 120
38400 626.924 -310763 605.79 165101 72.5657 72.5657 36.204 120
38450 621.698 -310752 600.233 165102 72.5658 72.5658 36.2041 120
38500 625.045 -310758 336.206 165103 72.5659 72.5659 36.2041 120
38550 627.354 -310761 505.714 165103 72.566 72.566 36.2042 120
38600 625.242 -310756 955.645 165104 72.5661 72.5661 36.2043 120
38650 623.659 -310752 1311.25 165105 72.5663 72.5663 36.2043 120
38700 625.833 -310755 1726.86 165106 72.5664 72.5664 36.2044 120
38750 626.537 -310755 2140.04 165107 72.5665 72.5666 36.2045 120
38800 625.083 -310752 2274.08 165108 72.5667 72.5667 36.2046 120
38850 629.336 -310759 2034.87 165110 72.5669 72.5669 36.2046 120
38900 633.205 -310765 1636.67 165111 72.5671 72.5671 36.2047 120
38950 632.175 -310762 1347.79 165112 72.5673 72.5673 36.2049 120
39000 627.438 -310752 1261.98 165114 72.5676 72.5676 36.205 120
39050 629.019 -310755 904.378 165116 72.5678 72.5678 36.2051 120
39100 628.08 -310752 772.125 165117 72.5681 72.5681 36.2052 120
39150 628.634 -310752 931.032 165119 72.5683 72.5683 36.2053 120
39200 631.706 -310758 1119.88 165121 72.5686 72.5686 36.2055 120
39250 629.678 -310753 1176.22 165123 72.5688 72.5688 36.2056 120
39300 627.111 -310748 897.869 165125 72.5691 72.5691 36.2058 120
39350 627.577 -310749 522.157 165127 72.5694 72.5694 36.2059 120
39400 626.594 -310747 503.076 165129 72.5697 72.5697 36.206 120
39450 626.497 -310746 592.123 165131 72.57 72.57 36.2062 120
39500 629.849 -310752 485.462 165133 72.5703 72.5703 36.2063 120
39550 629.91 -310752 727.489 165135 72.5706 72.5706 36.2065 120
39600 630.189 -310752 960.613 165137 72.5709 72.5709 36.2066 120
39650 627.982 -310748 1052.77 165139 72.5712 72.5712 36.2068 120
39700 629.757 -310751 986.476 165141 72.5715 72.5715 36.2069 120
39750 632.435 -310756 803.671 165143 72.5718 72.5718 36.2071 120
39800 626.518 -310744 912.131 165145 72.5722 72.5722 36.2073 120
39850 627.859 -310747 784.964 165148 72.5725 72.5725 36.2074 120
39900 628.961 -310749 628.316 165150 72.5728 72.5728 36.2076 120
39950 630.094 -310751 530.908 165152 72.5732 72.5732 36.2078 120
40000 634.302 -310759 279.382 165155 72.5735 72.5735 36.2079 120
40050 632.579 -310756 -25.2663 165157 72.5739 72.5739 36.2081 120
40100 627.022 -310745 -121.78 165159 72.5742 72.5742 36.2083 120
40150 626.598 -310745 -499.051 165162 72.5745 72.5746 36.2085 120
40200 626.007 -310743 -767.695 165164 72.5749 72.5749 36.2086 120
