# Time-averaged data for fix 2
# TimeStep c_thermo_temp c_thermo_pe c_thermo_press v_myVol v_myCella v_myCellb v_myCellc v_myCellgamma
0 737.12 -310342 -4475.4 165254 72.5881 72.5881 36.2152 120
50 735.889 -310350 -3899.59 165211 72.5817 72.5817 36.212 120
100 735.915 -310361 -4236.52 165168 72.5755 72.5755 36.2089 120
150 734.446 -310368 -4803.23 165126 72.5693 72.5693 36.2059 120
200 727.794 -310365 -4790.23 165085 72.5633 72.5633 36.2029 120
250 728.183 -310376 -4730.95 165045 72.5575 72.5575 36.1999 120
300 730.141 -310390 -4988.22 165006 72.5517 72.5517 36.1971 120
350 724.827 -310390 -5273.85 164967 72.5461 72.5461 36.1943 120
400 725.524 -310401 -5207.09 164930 72.5406 72.5406 36.1915 120
450 725.221 -310410 -4647.2 164893 72.5351 72.5351 36.1888 120
500 719.988 -310410 -4209.79 164856 72.5298 72.5298 36.1861 120
550 716.58 -310413 -3740.39 164821 72.5246 72.5246 36.1835 120
600 719.261 -310428 -3282.35 164786 72.5195 72.5195 36.181 120
650 719.304 -310438 -2665.11 164752 72.5145 72.5145 36.1785 120
700 718.599 -310447 -2205.45 164719 72.5096 72.5096 36.1761 120
750 710.875 -310441 -1864.04 164686 72.5049 72.5049 36.1737 120
800 708.734 -310446 -1663.52 164655 72.5002 72.5002 36.1714 120
850 708.407 -310455 -1289.17 164624 72.4957 72.4957 36.1691 120
900 704.21 -310456 -762.798 164594 72.4912 72.4912 36.1669 120
950 703.463 -310463 -277.38 164564 72.4869 72.4869 36.1647 120
1000 699.124 -310463 404.13 164535 72.4827 72.4827 36.1626 120
1050 687.883 -310450 1252.58 164507 72.4786 72.4786 36.1606 120
1100 690.76 -310464 1309.17 164480 72.4746 72.4746 36.1586 120
1150 698.54 -310488 459.649 164454 72.4708 72.4708 36.1567 120
1200 697.781 -310495 -778.147 164428 72.467 72.467 36.1548 120
1250 693.588 -310495 -1777.18 164403 72.4633 72.4633 36.153 120
1300 695.891 -310508 -2426.96 164379 72.4597 72.4597 36.1512 120
1350 691.625 -310508 -2631.48 164355 72.4562 72.4562 36.1494 120
1400 686.925 -310507 -2664.36 164331 72.4527 72.4527 36.1477 120
1450 688.355 -310518 -2406.76 164308 72.4493 72.4493 36.146 120
1500 683.984 -310517 -1676.79 164286 72.446 72.446 36.1443 120
1550 680.333 -310518 -614.973 164263 72.4427 72.4427 36.1427 120
1600 683.058 -310532 251.866 164242 72.4396 72.4396 36.1411 120
1650 677.532 -310529 951.106 164221 72.4365 72.4365 36.1396 120
1700 675.053 -310532 1757.86 164200 72.4334 72.4334 36.138 120
1750 677.973 -310545 2639.95 164180 72.4305 72.4305 36.1366 120
1800 675.824 -310547 3044.82 164161 72.4277 72.4277 36.1352 120
1850 672.666 -310548 2953.2 164142 72.4249 72.4249 36.1338 120
1900 673.741 -310558 2605.7 164124 72.4223 72.4223 36.1325 120
1950 670.569 -310559 2396.98 164107 72.4197 72.4197 36.1312 120
2000 663.037 -310552 2592.6 164090 72.4172 72.4172 36.13 120
2050 662.733 -310558 2523.09 164073 72.4148 72.4148 36.1288 120
2100 665.78 -310570 2140.14 164058 72.4125 72.4125 36.1276 120
2150 670.272 -310586 1848.9 164042 72.4102 72.4102 36.1265 120
2200 665.541 -310583 2410 164028 72.408 72.408 36.1254 120
2250 663.93 -310586 2932.03 164013 72.4059 72.4059 36.1243 120
2300 661.816 -310589 2974.54 163999 72.4039 72.4039 36.1233 120
2350 663.189 -310598 2602.8 163986 72.4019 72.4019 36.1223 120
2400 662.977 -310604 2454.04 163973 72.4 72.4 36.1214 120
2450 650.993 -310587 2967.67 163961 72.3982 72.3982 36.1205 120
2500 647.752 -310587 3248.39 163949 72.3964 72.3964 36.1196 120
2550 648.742 -310595 3231.54 163937 72.3948 72.3948 36.1188 120
2600 646.28 -310596 3378.38 163926 72.3931 72.3931 36.1179 120
2650 651.331 -310611 3885.98 163916 72.3916 72.3916 36.1172 120
2700 648.016 -310610 5038.11 163905 72.3901 72.3901 36.1164 120
2750 646.867 -310614 5858.32 163896 72.3886 72.3886 36.1157 120
2800 652.609 -310629 6250.42 163887 72.3873 72.3873 36.115 120
2850 650.95 -310631 6638.27 163878 72.3861 72.3861 36.1144 120
2900 643.878 -310623 6923.9 163870 72.3849 72.3849 36.1138 120
2950 649.335 -310639 6557.55 163863 72.3838 72.3838 36.1133 120
3000 648.11 -310642 5915.18 163856 72.3828 72.3828 36.1128 120
3050 636.59 -310625 5185.4 163850 72.3819 72.3819 36.1123 120
3100 638.354 -310633 4137.78 163844 72.3811 72.3811 36.1119 120
3150 636.863 -310634 3656.39 163839 72.3803 72.3803 36.1115 120
3200 633.135 -310631 3682.16 163834 72.3795 72.3795 36.1111 120
3250 637.627 -310645 3693.24 163829 72.3788 72.3788 36.1108 120
3300 637.135 -310648 3890.3 163824 72.3781 72.3781 36.1105 120
3350 634.087 -310647 4169.34 163820 72.3775 72.3775 36.1102 120
3400 635.033 -310652 4203.97 163817 72.377 72.377 36.1099 120
3450 632.679 -310652 4404.84 163813 72.3765 72.3765 36.1096 120
3500 634.972 -310660 4769.47 163810 72.376 72.376 36.1094 120
3550 635.06 -310664 5647.59 163807 72.3756 72.3756 36.1092 120
3600 637.135 -310672 6426.43 163805 72.3753 72.3753 36.109 120
3650 632.654 -310667 7258.78 163803 72.375 72.375 36.1089 120
3700 631.917 -310669 7633.35 163801 72.3748 72.3748 36.1088 120
3750 632.756 -310674 7384.02 163801 72.3746 72.3746 36.1087 120
3800 632.331 -310677 6617.59 163800 72.3746 72.3746 36.1087 120
3850 630.567 -310677 5787.93 163800 72.3745 72.3745 36.1087 120
3900 627.653 -310675 5233.59 163800 72.3746 72.3746 36.1087 120
3950 624.729 -310673 4820.3 163801 72.3747 72.3747 36.1087 120
4000 619.106 -310665 4712.82 163802 72.3748 72.3748 36.1088 120
4050 621.681 -310673 4503.67 163803 72.375 72.375 36.1089 120
4100 625.778 -310684 4759.32 163804 72.3752 72.3752 36.109 120
4150 627.407 -310689 5452.37 163806 72.3754 72.3754 36.1091 120
4200 623.178 -310684 5990.87 163808 72.3757 72.3757 36.1093 120
4250 616.578 -310674 6245.75 163810 72.3761 72.3761 36.1094 120
4300 619.801 -310682 6307.74 163813 72.3765 72.3765 36.1096 120
4350 623.644 -310691 6661.15 163816 72.3769 72.3769 36.1099 120
4400 623.826 -310694 6987.42 163819 72.3774 72.3774 36.1101 120
4450 624.981 -310698 6984 163823 72.378 72.378 36.1104 120
4500 624.81 -310699 6813.85 163827 72.3786 72.3786 36.1107 120
4550 617.046 -310687 6859.83 163832 72.3792 72.3792 36.111 120
4600 614.554 -310683 6816.89 163837 72.3799 72.3799 36.1114 120
4650 619.074 -310693 6569.18 163842 72.3807 72.3807 36.1117 120
4700 624.131 -310704 6036.79 163847 72.3815 72.3815 36.1121 120
4750 625.121 -310707 5479.54 163853 72.3823 72.3823 36.1126 120
4800 623.679 -310705 5037.72 163859 72.3832 72.3832 36.113 120
4850 622.291 -310703 4510.64 163865 72.3841 72.3841 36.1134 120
4900 622.308 -310704 3853.86 163871 72.385 72.385 36.1139 120
4950 624.75 -310710 3565.42 163878 72.386 72.386 36.1144 120
5000 624.644 -310709 4132.85 163884 72.387 72.387 36.1149 120
5050 622.212 -310705 5066.3 163891 72.3879 72.3879 36.1154 120
5100 618.95 -310699 6030.93 163898 72.389 72.389 36.1159 120
5150 622.034 -310705 6503.55 163905 72.39 72.39 36.1164 120
5200 620.74 -310703 6589.96 163912 72.3911 72.3911 36.1169 120
5250 614.81 -310692 6540.5 163920 72.3922 72.3922 36.1175 120
5300 619.634 -310700 5981.65 163928 72.3934 72.3934 36.1181 120
5350 624.332 -310709 5003.55 163936 72.3946 72.3946 36.1187 120
5400 623.274 -310706 4133.45 163945 72.3959 72.3959 36.1193 120
5450 620.599 -310700 3753.64 163953 72.3971 72.3971 36.1199 120
5500 625.749 -310710 3608.77 163962 72.3984 72.3984 36.1206 120
5550 622.749 -310703 4037.91 163971 72.3997 72.3997 36.1212 120
5600 621.605 -310700 4396.2 163979 72.401 72.401 36.1219 120
5650 622.941 -310701 4680.48 163988 72.4023 72.4023 36.1225 120
5700 619.91 -310694 5151.17 163997 72.4036 72.4036 36.1232 120
5750 624.091 -310701 5153.95 164007 72.405 72.405 36.1239 120
5800 621.342 -310695 5084.54 164016 72.4064 72.4064 36.1246 120
5850 617.611 -310687 5045 164026 72.4078 72.4078 36.1253 120
5900 622.58 -310695 4777.29 164035 72.4092 72.4092 36.126 120
5950 624.077 -310696 4462.62 164045 72.4107 72.4107 36.1267 120
6000 621.928 -310690 3885.16 164055 72.4121 72.4121 36.1274 120
6050 622.824 -310690 2969.04 164065 72.4136 72.4136 36.1282 120
6100 621.069 -310684 2514.23 164075 72.4151 72.4151 36.1289 120
6150 623.593 -310687 2404.28 164086 72.4166 72.4166 36.1296 120
6200 627.437 -310692 2537.89 164096 72.4181 72.4181 36.1304 120
6250 625.546 -310686 3183.11 164106 72.4195 72.4195 36.1311 120
6300 630.141 -310693 3801.59 164116 72.421 72.421 36.1319 120
6350 637.304 -310705 4277.48 164126 72.4225 72.4225 36.1326 120
6400 636.216 -310701 4404.72 164136 72.424 72.424 36.1334 120
6450 636.122 -310698 4149.45 164147 72.4256 72.4256 36.1341 120
6500 637.792 -310699 3947.82 164157 72.4271 72.4271 36.1349 120
6550 629.141 -310680 4156.1 164168 72.4287 72.4287 36.1357 120
6600 626.346 -310673 4046.73 164178 72.4302 72.4302 36.1365 120
6650 631.467 -310680 3694.96 164189 72.4318 72.4318 36.1373 120
6700 630.686 -310677 3436.78 164200 72.4334 72.4334 36.138 120
6750 634.639 -310682 3073.32 164211 72.435 72.435 36.1388 120
6800 639.205 -310688 2827.17 164222 72.4366 72.4366 36.1396 120
6850 634.495 -310677 2486.57 164233 72.4382 72.4382 36.1404 120
6900 634.318 -310674 2079.02 164244 72.4398 72.4398 36.1412 120
6950 635.096 -310674 2179.89 164254 72.4414 72.4414 36.142 120
7000 637.517 -310676 2289.09 164265 72.443 72.443 36.1428 120
7050 638.42 -310676 2490.14 164276 72.4446 72.4446 36.1436 120
7100 639.905 -310677 2728.15 164287 72.4462 72.4462 36.1444 120
7150 639.382 -310673 2860.32 164298 72.4477 72.4477 36.1452 120
7200 641.599 -310676 2787.88 164308 72.4493 72.4493 36.146 120
7250 641.539 -310674 2735.2 164319 72.4509 72.4509 36.1468 120
7300 639.275 -310668 2641.84 164330 72.4525 72.4525 36.1476 120
7350 638.783 -310665 2458.72 164341 72.4541 72.4541 36.1484 120
7400 636.644 -310659 2474.79 164352 72.4557 72.4557 36.1492 120
7450 645.772 -310675 2581.95 164362 72.4573 72.4573 36.1499 120
7500 645.122 -310672 3137.04 164373 72.4589 72.4589 36.1507 120
7550 642.662 -310666 3304.53 164384 72.4604 72.4604 36.1515 120
7600 647.014 -310673 3030.27 164395 72.462 72.462 36.1523 120
7650 648.518 -310675 2830.95 164406 72.4636 72.4636 36.1531 120
7700 644.277 -310666 2763.02 164417 72.4652 72.4652 36.1539 120
7750 649.055 -310674 2206.72 164427 72.4668 72.4668 36.1547 120
7800 648.135 -310671 1895.49 164438 72.4684 72.4684 36.1555 120
7850 646.011 -310666 1866.72 164449 72.47 72.47 36.1563 120
7900 643.682 -310661 1765.19 164460 72.4716 72.4716 36.1571 120
7950 644.952 -310663 1354.05 164471 72.4732 72.4732 36.1579 120
8000 645.362 -310664 915.81 164481 72.4748 72.4748 36.1587 120
8050 640.484 -310654 721.426 164492 72.4763 72.4763 36.1594 120
8100 642.897 -310659 891.967 164502 72.4778 72.4778 36.1602 120
8150 646.508 -310666 1302.1 164513 72.4794 72.4794 36.161 120
8200 640.408 -310654 1713.94 164523 72.4809 72.4809 36.1617 120
8250 642.012 -310657 1553.08 164533 72.4824 72.4824 36.1625 120
8300 643.677 -310660 1205.96 164543 72.4839 72.4839 36.1632 120
8350 644.393 -310662 945.776 164554 72.4854 72.4854 36.164 120
8400 645.248 -310664 834.45 164564 72.4868 72.4868 36.1647 120
8450 644.791 -310664 725.12 164573 72.4883 72.4883 36.1654 120
8500 645.19 -310666 679.108 164583 72.4897 72.4897 36.1661 120
8550 642.94 -310661 722.661 164593 72.4912 72.4912 36.1669 120
8600 643.737 -310664 813.453 164603 72.4926 72.4926 36.1676 120
8650 648.585 -310674 1168.83 164612 72.494 72.494 36.1683 120
8700 651.267 -310680 1153.08 164622 72.4954 72.4954 36.1689 120
8750 645.756 -310671 1005.4 164631 72.4967 72.4967 36.1696 120
8800 646.65 -310674 897.403 164640 72.4981 72.4981 36.1703 120
8850 647.038 -310676 619.839 164650 72.4995 72.4995 36.171 120
8900 644.695 -310673 317.459 164659 72.5008 72.5008 36.1717 120
8950 642.657 -310671 229.415 164668 72.5021 72.5021 36.1723 120
9000 641.666 -310671 -165.028 164677 72.5034 72.5034 36.173 120
9050 640.561 -310671 -393.387 164686 72.5047 72.5047 36.1736 120
9100 642.868 -310677 -235.771 164694 72.506 72.506 36.1743 120
9150 639.456 -310672 110.629 164703 72.5073 72.5073 36.1749 120
9200 633.532 -310663 591.997 164711 72.5085 72.5085 36.1755 120
9250 638.46 -310674 741.752 164719 72.5097 72.5097 36.1761 120
9300 639.598 -310678 719.483 164728 72.5109 72.5109 36.1767 120
9350 637.488 -310676 772.894 164736 72.5121 72.5121 36.1773 120
9400 638.953 -310680 737.778 164744 72.5133 72.5133 36.1779 120
9450 637.346 -310680 574.341 164752 72.5145 72.5145 36.1785 120
9500 636.91 -310681 393.816 164760 72.5156 72.5156 36.1791 120
9550 636.202 -310682 305.133 164768 72.5168 72.5168 36.1796 120
9600 635.408 -310683 162.898 164776 72.5179 72.5179 36.1802 120
9650 630.618 -310675 326.129 164783 72.5191 72.5191 36.1808 120
9700 635.464 -310687 253.245 164791 72.5202 72.5202 36.1813 120
9750 639.583 -310696 387.252 164798 72.5213 72.5213 36.1819 120
9800 641.472 -310702 463.128 164806 72.5224 72.5224 36.1824 120
9850 637.206 -310696 441.506 164813 72.5234 72.5234 36.183 120
9900 632.182 -310689 565.23 164820 72.5245 72.5245 36.1835 120
9950 633.762 -310694 414.6 164828 72.5256 72.5256 36.184 120
10000 638.44 -310705 -448.376 164835 72.5266 72.5266 36.1845 120
10050 637.432 -310706 -1292.26 164842 72.5276 72.5276 36.1851 120
10100 633.974 -310701 -1644.81 164848 72.5286 72.5286 36.1856 120
10150 626.701 -310689 -1519.7 164855 72.5296 72.5296 36.186 120
10200 626.849 -310691 -1216.9 164862 72.5306 72.5306 36.1865 120
10250 629.145 -310697 -810.427 164868 72.5315 72.5315 36.187 120
10300 628.674 -310699 -814.979 164874 72.5324 72.5324 36.1874 120
10350 625.05 -310694 -955.835 164880 72.5333 72.5333 36.1879 120
10400 628.023 -310701 -1159.56 164886 72.5341 72.5341 36.1883 120
10450 629.166 -310705 -1321.9 164892 72.535 72.535 36.1887 120
10500 626.502 -310701 -1520.26 164897 72.5358 72.5358 36.1891 120
10550 629.601 -310709 -2180.63 164902 72.5366 72.5366 36.1895 120
10600 625.312 -310702 -2418.73 164908 72.5373 72.5373 36.1899 120
10650 620.637 -310695 -2114.56 164913 72.538 72.538 36.1902 120
10700 626.049 -310706 -1818.87 164917 72.5387 72.5387 36.1906 120
10750 624.559 -310705 -1290.51 164922 72.5394 72.5394 36.1909 120
10800 622.587 -310702 -925.677 164926 72.5401 72.5401 36.1913 120
10850 618.304 -310695 -449.579 164931 72.5407 72.5407 36.1916 120
10900 621.23 -310702 -179.714 164935 72.5413 72.5413 36.1919 120
10950 630.895 -310721 -286.016 164939 72.5419 72.5419 36.1922 120
11000 632.724 -310725 -573.882 164943 72.5425 72.5425 36.1925 120
11050 628.818 -310718 -435.301 164947 72.5431 72.5431 36.1928 120
11100 626.829 -310715 77.7744 164951 72.5437 72.5437 36.1931 120
11150 626.256 -310714 52.3429 164955 72.5443 72.5443 36.1933 120
11200 626.11 -310714 -755.475 164959 72.5448 72.5448 36.1936 120
11250 621.077 -310705 -1691.61 164963 72.5454 72.5454 36.1939 120
11300 621.256 -310706 -2483.05 164966 72.5459 72.5459 36.1942 120
11350 624.587 -310713 -2791.86 164970 72.5464 72.5464 36.1944 120
11400 624.867 -310713 -2916.23 164973 72.5468 72.5468 36.1946 120
11450 625.461 -310714 -3400.15 164976 72.5473 72.5473 36.1949 120
11500 621.915 -310708 -3583.17 164978 72.5477 72.5477 36.195 120
11550 621.178 -310706 -3178.17 164981 72.548 72.548 36.1952 120
11600 626.418 -310715 -2542.58 164983 72.5483 72.5483 36.1954 120
11650 625.831 -310714 -2063.4 164985 72.5486 72.5486 36.1955 120
11700 621.778 -310705 -1693.1 164987 72.5489 72.5489 36.1957 120
11750 623.132 -310707 -1455.03 164988 72.5492 72.5492 36.1958 120
11800 620.869 -310702 -1029.37 164990 72.5494 72.5494 36.1959 120
11850 627.593 -310714 -1135.69 164992 72.5496 72.5496 36.196 120
11900 627.864 -310714 -1533.04 164993 72.5498 72.5498 36.1961 120
11950 624.203 -310707 -2008.21 164994 72.55 72.55 36.1962 120
12000 627.084 -310711 -2441.14 164996 72.5502 72.5502 36.1963 120
12050 626.33 -310709 -2572.45 164997 72.5503 72.5503 36.1964 120
12100 626.864 -310708 -2658 164997 72.5505 72.5505 36.1964 120
12150 628.041 -310710 -2807.74 164998 72.5506 72.5506 36.1965 120
12200 629.463 -310711 -3129.33 164998 72.5506 72.5506 36.1965 120
12250 627.284 -310706 -3220.51 164999 72.5507 72.5507 36.1965 120
12300 624.354 -310699 -2712.31 164999 72.5507 72.5507 36.1966 120
12350 625.462 -310700 -2119.34 164999 72.5507 72.5507 36.1965 120
12400 630.71 -310708 -1817.01 164999 72.5506 72.5506 36.1965 120
12450 631.334 -310708 -1411.86 164998 72.5506 72.5506 36.1965 120
12500 635.985 -310716 -1087.03 164998 72.5505 72.5505 36.1965 120
12550 637.938 -310718 -1052.36 164997 72.5505 72.5505 36.1964 120
12600 635.121 -310711 -1264.78 164997 72.5504 72.5504 36.1964 120
12650 632.744 -310705 -1324.7 164996 72.5503 72.5503 36.1964 120
12700 632.157 -310702 -1277.04 164995 72.5502 72.5502 36.1963 120
12750 631.578 -310699 -1306.89 164995 72.5501 72.5501 36.1962 120
12800 631.253 -310697 -1317.03 164994 72.5499 72.5499 36.1962 120
12850 632.741 -310698 -1265.38 164993 72.5498 72.5498 36.1961 120
12900 633.251 -310698 -1238.85 164992 72.5497 72.5497 36.196 120
12950 631.73 -310693 -1211.07 164991 72.5495 72.5495 36.196 120
13000 627.367 -310683 -945.453 164990 72.5494 72.5494 36.1959 120
13050 630.011 -310686 -890.405 164989 72.5492 72.5492 36.1958 120
13100 639.734 -310703 -1159.54 164987 72.549 72.549 36.1957 120
13150 635.563 -310694 -876.115 164986 72.5488 72.5488 36.1956 120
13200 634.486 -310691 -540.145 164985 72.5486 72.5486 36.1955 120
13250 635.853 -310692 -412.729 164984 72.5484 72.5484 36.1954 120
13300 638.855 -310696 -650.615 164982 72.5482 72.5483 36.1953 120
13350 639.14 -310695 -748.581 164981 72.5481 72.5481 36.1952 120
13400 639.478 -310694 -731.702 164979 72.5479 72.5479 36.1951 120
13450 639.742 -310693 -845.773 164978 72.5476 72.5476 36.195 120
13500 636.468 -310686 -765.604 164977 72.5474 72.5474 36.1949 120
13550 637.733 -310687 -794.354 164975 72.5472 72.5472 36.1948 120
13600 638.74 -310687 -846.17 164974 72.547 72.547 36.1947 120
13650 645.086 -310699 -1059.14 164972 72.5468 72.5468 36.1946 120
13700 642.815 -310693 -853.867 164971 72.5465 72.5465 36.1945 120
13750 641.064 -310689 -770.648 164969 72.5463 72.5463 36.1944 120
13800 641.468 -310688 -793.827 164967 72.5461 72.5461 36.1942 120
13850 644.79 -310694 -618.556 164966 72.5458 72.5458 36.1941 120
13900 647.621 -310698 -374.431 164964 72.5456 72.5456 36.194 120
13950 643.934 -310691 -481.535 164962 72.5453 72.5453 36.1939 120
14000 641.811 -310686 -773.957 164960 72.5451 72.5451 36.1937 120
14050 642.676 -310687 -677.624 164959 72.5448 72.5448 36.1936 120
14100 638.93 -310679 -63.9988 164957 72.5446 72.5446 36.1935 120
14150 640.187 -310682 17.0213 164955 72.5443 72.5443 36.1934 120
14200 642.193 -310685 -162.928 164954 72.544 72.544 36.1932 120
14250 638.229 -310677 -100.92 164952 72.5438 72.5438 36.1931 120
14300 639.723 -310680 -375.065 164950 72.5435 72.5435 36.193 120
14350 641.831 -310684 -535.054 164948 72.5433 72.5433 36.1929 120
14400 641.231 -310683 -418.628 164947 72.543 72.543 36.1927 120
14450 642.211 -310684 -527.538 164945 72.5428 72.5428 36.1926 120
14500 643.86 -310688 -884.935 164943 72.5425 72.5425 36.1925 120
14550 641.059 -310683 -1008.43 164941 72.5423 72.5423 36.1924 120
14600 642.829 -310686 -1011.89 164940 72.542 72.542 36.1922 120
14650 648.316 -310697 -1013.05 164938 72.5417 72.5417 36.1921 120
14700 646.122 -310694 -831.915 164936 72.5415 72.5415 36.1919 120
14750 639.518 -310682 -529.413 164934 72.5412 72.5412 36.1918 120
14800 640.757 -310685 -640.747 164932 72.5409 72.5409 36.1917 120
14850 641.98 -310688 -722.994 164930 72.5406 72.5406 36.1915 120
14900 641.525 -310688 -671.037 164928 72.5403 72.5403 36.1914 120
14950 639.488 -310685 -418.916 164926 72.54 72.54 36.1912 120
15000 644.071 -310694 -268.092 164924 72.5397 72.5397 36.1911 120
15050 642.087 -310692 -174.536 164922 72.5394 72.5394 36.1909 120
15100 637.405 -310684 -192.105 164920 72.5391 72.5391 36.1908 120
15150 638.004 -310686 -413.331 164918 72.5389 72.5389 36.1906 120
15200 638.108 -310688 -799.003 164916 72.5386 72.5386 36.1905 120
15250 636.763 -310686 -1216 164914 72.5383 72.5383 36.1904 120
15300 636.015 -310686 -1326.99 164912 72.538 72.538 36.1902 120
15350 636.659 -310689 -886.597 164910 72.5377 72.5377 36.1901 120
15400 635.286 -310688 -442.634 164908 72.5373 72.5373 36.1899 120
15450 639.325 -310697 -633.505 164906 72.537 72.537 36.1897 120
15500 642.606 -310704 -732.339 164904 72.5367 72.5367 36.1896 120
15550 645.312 -310711 -801.443 164901 72.5364 72.5364 36.1894 120
15600 640.035 -310702 -845.217 164899 72.5361 72.5361 36.1893 120
15650 635.121 -310695 -603.554 164897 72.5357 72.5357 36.1891 120
15700 637.896 -310702 -188.423 164895 72.5354 72.5354 36.1889 120
15750 636.605 -310700 106.203 164892 72.5351 72.5351 36.1888 120
15800 639.362 -310707 164.876 164890 72.5348 72.5348 36.1886 120
15850 641.326 -310713 448.314 164888 72.5344 72.5344 36.1884 120
15900 638.476 -310708 617.192 164886 72.5341 72.5341 36.1883 120
15950 634.218 -310702 501.595 164884 72.5338 72.5338 36.1881 120
16000 633.822 -310703 660.369 164882 72.5335 72.5335 36.188 120
16050 634.126 -310705 1149.05 164880 72.5332 72.5332 36.1878 120
16100 635.797 -310710 1364.23 164878 72.533 72.533 36.1877 120
16150 632.308 -310705 1394.92 164876 72.5327 72.5327 36.1876 120
16200 635.162 -310713 863.016 164875 72.5325 72.5325 36.1875 120
16250 632.811 -310710 500.802 164873 72.5322 72.5322 36.1873 120
16300 629.297 -310705 557.867 164872 72.532 72.532 36.1872 120
16350 632.402 -310713 652.484 164870 72.5318 72.5318 36.1871 120
16400 638.748 -310727 559.735 164869 72.5316 72.5316 36.187 120
16450 636.459 -310724 668.145 164867 72.5314 72.5314 36.1869 120
16500 633.744 -310721 809.383 164866 72.5312 72.5312 36.1868 120
16550 633.626 -310722 928.703 164865 72.531 72.531 36.1867 120
16600 630.495 -310718 1296.83 164864 72.5309 72.5309 36.1867 120
16650 629.587 -310718 1617.65 164862 72.5307 72.5307 36.1866 120
16700 631.417 -310723 1669.61 164862 72.5306 72.5306 36.1865 120
16750 628.362 -310718 1794.39 164861 72.5304 72.5304 36.1864 120
16800 628.495 -310720 1623.88 164860 72.5303 72.5303 36.1864 120
16850 632.176 -310728 952.302 164859 72.5302 72.5302 36.1863 120
16900 631.344 -310728 391.157 164859 72.5301 72.5301 36.1863 120
16950 628.112 -310723 109.01 164858 72.5301 72.5301 36.1863 120
17000 628.745 -310726 72.6126 164858 72.53 72.53 36.1862 120
17050 628.282 -310726 534.714 164857 72.5299 72.5299 36.1862 120
17100 628.619 -310728 1121.27 164857 72.5299 72.5299 36.1862 120
17150 623.507 -310719 1499.55 164856 72.5298 72.5298 36.1861 120
17200 624.994 -310723 1099.47 164856 72.5298 72.5298 36.1861 120
17250 625.261 -310725 789.448 164856 72.5297 72.5297 36.1861 120
17300 623.662 -310723 930.269 164856 72.5297 72.5297 36.1861 120
17350 626.405 -310729 991.05 164856 72.5297 72.5297 36.1861 120
17400 625.831 -310728 797.371 164856 72.5297 72.5297 36.1861 120
17450 623.43 -310724 309.371 164856 72.5297 72.5297 36.1861 120
17500 624.279 -310726 -182.566 164856 72.5297 72.5297 36.1861 120
17550 627.824 -310734 -432.6 164856 72.5297 72.5297 36.1861 120
17600 626.49 -310731 -231.918 164856 72.5297 72.5297 36.1861 120
17650 621.893 -310723 343.392 164856 72.5297 72.5297 36.1861 120
17700 623.073 -310725 916.573 164856 72.5297 72.5297 36.1861 120
17750 626.852 -310732 1406.25 164856 72.5297 72.5297 36.1861 120
17800 624.771 -310728 1847.26 164856 72.5297 72.5297 36.1861 120
17850 627.376 -310733 1691.28 164856 72.5297 72.5297 36.1861 120
17900 627.34 -310733 1298.52 164856 72.5298 72.5298 36.1861 120
17950 624.459 -310728 1005.41 164857 72.5299 72.5299 36.1862 120
18000 626.099 -310731 966.502 164857 72.5299 72.5299 36.1862 120
18050 629.393 -310737 1142.46 164858 72.53 72.53 36.1862 120
18100 628.162 -310734 1200.42 164858 72.5301 72.5301 36.1863 120
18150 624.713 -310727 942.351 164859 72.5302 72.5302 36.1863 120
18200 625.593 -310728 425.074 164860 72.5303 72.5303 36.1864 120
18250 626.032 -310728 297.866 164861 72.5304 72.5304 36.1864 120
18300 623.639 -310722 707.579 164861 72.5305 72.5305 36.1865 120
18350 622.576 -310720 1016.2 164862 72.5306 72.5306 36.1866 120
18400 629.843 -310733 931.144 164863 72.5308 72.5308 36.1866 120
18450 633.716 -310739 674.354 164864 72.5309 72.5309 36.1867 120
18500 629.077 -310729 198.176 164865 72.531 72.531 36.1868 120
18550 628.972 -310728 138.828 164866 72.5312 72.5312 36.1868 120
18600 631.051 -310731 797.992 164867 72.5313 72.5313 36.1869 120
18650 632.255 -310733 1297.66 164868 72.5315 72.5315 36.187 120
18700 632.97 -310733 1670 164869 72.5316 72.5316 36.187 120
18750 633.212 -310732 1789.3 164870 72.5318 72.5318 36.1871 120
18800 633.94 -310733 1383.88 164871 72.532 72.532 36.1872 120
18850 627.193 -310719 1074.18 164872 72.5322 72.5322 36.1873 120
18900 626.197 -310716 489.359 164874 72.5324 72.5324 36.1874 120
18950 624.676 -310712 -140.901 164875 72.5326 72.5326 36.1875 120
19000 627.431 -310716 -615.49 164877 72.5328 72.5328 36.1876 120
19050 630.194 -310720 -651.984 164878 72.533 72.533 36.1877 120
19100 630.628 -310719 -327.802 164879 72.5331 72.5331 36.1878 120
19150 631.437 -310719 -110.908 164880 72.5333 72.5333 36.1879 120
19200 634.003 -310723 -169.856 164882 72.5335 72.5335 36.188 120
19250 631.848 -310717 58.4838 164883 72.5337 72.5337 36.1881 120
19300 632.977 -310718 315.324 164884 72.5338 72.5338 36.1881 120
19350 633.281 -310716 602.328 164885 72.534 72.534 36.1882 120
19400 637.99 -310724 551.7 164886 72.5342 72.5342 36.1883 120
19450 634.867 -310716 389.932 164888 72.5344 72.5344 36.1884 120
19500 634.065 -310714 -105.711 164889 72.5346 72.5346 36.1885 120
19550 635.144 -310714 -207.209 164890 72.5347 72.5347 36.1886 120
19600 634.539 -310711 175.414 164891 72.5349 72.5349 36.1887 120
19650 633.38 -310707 344.128 164892 72.5351 72.5351 36.1888 120
19700 638.945 -310716 93.2786 164894 72.5353 72.5353 36.1889 120
19750 640.018 -310717 0.790903 164895 72.5354 72.5354 36.1889 120
19800 634.753 -310706 279.145 164896 72.5356 72.5356 36.189 120
19850 635.835 -310707 703.377 164897 72.5358 72.5358 36.1891 120
19900 635.46 -310705 1343.51 164898 72.536 72.536 36.1892 120
19950 639.529 -310712 1666.03 164900 72.5362 72.5362 36.1893 120
20000 636.999 -310706 2018.95 164901 72.5364 72.5364 36.1894 120
20050 636.633 -310704 2103.66 164903 72.5366 72.5366 36.1895 120
20100 643.096 -310716 1774.76 164904 72.5368 72.5368 36.1896 120
20150 640.129 -310709 1336.3 164906 72.5371 72.5371 36.1898 120
20200 636.594 -310701 742.817 164908 72.5373 72.5373 36.1899 120
20250 638.258 -310702 278.267 164910 72.5376 72.5376 36.19 120
20300 639.648 -310704 -33.78 164911 72.5379 72.5379 36.1902 120
20350 642.343 -310709 -392.874 164913 72.5381 72.5381 36.1903 120
20400 638.742 -310701 -152.419 164915 72.5384 72.5384 36.1904 120
20450 637.164 -310697 301.365 164917 72.5386 72.5386 36.1905 120
20500 641.743 -310706 642.145 164918 72.5389 72.5389 36.1907 120
20550 640.521 -310703 1193.29 164920 72.5391 72.5391 36.1908 120
20600 640.127 -310702 1720.99 164922 72.5394 72.5394 36.1909 120
20650 648.359 -310717 2007.78 164924 72.5397 72.5397 36.1911 120
20700 650.08 -310720 2249.59 164926 72.54 72.54 36.1912 120
20750 645.053 -310710 1916.16 164928 72.5403 72.5403 36.1914 120
20800 641.928 -310704 911.243 164930 72.5406 72.5406 36.1915 120
20850 640.943 -310702 -27.7681 164932 72.5409 72.5409 36.1917 120
20900 639.165 -310698 -374.156 164935 72.5413 72.5413 36.1919 120
20950 644.319 -310708 -706.994 164937 72.5416 72.5416 36.192 120
21000 644.974 -310710 -883.328 164939 72.5419 72.5419 36.1922 120
21050 640.971 -310702 -818.041 164941 72.5422 72.5422 36.1923 120
21100 637.762 -310696 -449.502 164943 72.5425 72.5425 36.1925 120
21150 639.758 -310700 -110.958 164945 72.5428 72.5428 36.1926 120
21200 640.14 -310702 10.5379 164947 72.5431 72.5431 36.1927 120
21250 643.716 -310709 -221.034 164949 72.5433 72.5433 36.1929 120
21300 644.257 -310711 -126.911 164951 72.5436 72.5436 36.193 120
21350 641.067 -310705 399.878 164952 72.5439 72.5439 36.1932 120
21400 639.532 -310703 848.444 164954 72.5441 72.5441 36.1933 120
21450 639.893 -310704 821.709 164956 72.5444 72.5444 36.1934 120
21500 640.674 -310706 421.789 164958 72.5447 72.5447 36.1936 120
21550 641.643 -310710 43.8164 164960 72.545 72.545 36.1937 120
21600 638.756 -310705 204.624 164962 72.5453 72.5453 36.1938 120
21650 640.46 -310710 483.941 164964 72.5455 72.5455 36.194 120
21700 641.991 -310713 404.214 164966 72.5458 72.5458 36.1941 120
21750 638.463 -310708 352.686 164968 72.5461 72.5461 36.1943 120
21800 641.07 -310714 543.739 164969 72.5464 72.5464 36.1944 120
21850 639.739 -310713 751.145 164971 72.5467 72.5467 36.1945 120
21900 639.299 -310713 636.025 164973 72.5469 72.5469 36.1947 120
21950 640.057 -310716 325.266 164975 72.5472 72.5472 36.1948 120
22000 637.57 -310713 -217.12 164977 72.5475 72.5475 36.195 120
22050 637.889 -310715 -833.443 164979 72.5478 72.5478 36.1951 120
22100 637.974 -310717 -1140.72 164981 72.5481 72.5481 36.1953 120
22150 634.052 -310710 -897.285 164983 72.5484 72.5484 36.1954 120
22200 639.512 -310723 -831.94 164985 72.5486 72.5486 36.1955 120
22250 636.755 -310719 -538.397 164986 72.5489 72.5489 36.1956 120
22300 632.77 -310713 -298.631 164988 72.5491 72.5491 36.1958 120
22350 639.473 -310727 -517.824 164989 72.5493 72.5493 36.1959 120
22400 636.503 -310724 -549.608 164991 72.5495 72.5495 36.196 120
22450 631.949 -310716 -470.415 164992 72.5498 72.5498 36.1961 120
22500 628.167 -310710 -59.4653 164994 72.55 72.55 36.1962 120
22550 632.935 -310721 54.9361 164995 72.5502 72.5502 36.1963 120
22600 637.203 -310731 20.508 164997 72.5504 72.5504 36.1964 120
22650 631.216 -310721 193.043 164998 72.5506 72.5506 36.1965 120
22700 629.106 -310719 249.707 165000 72.5508 72.5508 36.1966 120
22750 636.768 -310735 142.77 165001 72.551 72.551 36.1967 120
22800 639.958 -310743 91.2995 165002 72.5512 72.5512 36.1968 120
22850 629.658 -310725 220.937 165004 72.5514 72.5514 36.1969 120
22900 630.072 -310727 -69.7612 165005 72.5516 72.5516 36.197 120
22950 633.74 -310736 -448.363 165006 72.5518 72.5518 36.1971 120
23000 628.627 -310727 -345.171 165008 72.552 72.552 36.1972 120
23050 628.837 -310729 -105.799 165009 72.5522 72.5522 36.1973 120
23100 636.347 -310744 -146.986 165010 72.5524 72.5524 36.1974 120
23150 628.672 -310731 -73.0453 165012 72.5526 72.5526 36.1975 120
23200 628.933 -310733 -315.283 165013 72.5527 72.5527 36.1976 120
23250 631.25 -310738 -316.438 165014 72.5529 72.5529 36.1977 120
23300 627.434 -310732 -143.157 165015 72.5531 72.5531 36.1978 120
23350 625.83 -310730 130.63 165016 72.5533 72.5533 36.1978 120
23400 629.76 -310739 292.487 165018 72.5534 72.5534 36.1979 120
23450 627.822 -310736 497.664 165019 72.5536 72.5536 36.198 120
23500 628.623 -310738 478.684 165020 72.5538 72.5538 36.1981 120
23550 625.455 -310733 404.185 165021 72.5539 72.5539 36.1982 120
23600 627.402 -310738 132.841 165022 72.5541 72.5541 36.1983 120
23650 626.433 -310737 279.924 165024 72.5543 72.5543 36.1984 120
23700 623.862 -310733 230.758 165025 72.5545 72.5545 36.1984 120
23750 619.899 -310725 -231.303 165026 72.5547 72.5547 36.1985 120
23800 625.767 -310737 -883.019 165027 72.5548 72.5548 36.1986 120
23850 632.166 -310749 -1030.38 165028 72.555 72.555 36.1987 120
23900 627.295 -310741 -590.564 165029 72.5552 72.5552 36.1988 120
23950 625.728 -310738 -261.834 165030 72.5553 72.5553 36.1989 120
24000 630.792 -310748 -288.636 165031 72.5555 72.5555 36.1989 120
24050 629.468 -310745 -116.691 165032 72.5556 72.5556 36.199 120
24100 624.921 -310737 278.888 165033 72.5557 72.5557 36.1991 120
24150 625.641 -310739 370.645 165034 72.5559 72.5559 36.1991 120
24200 625.693 -310739 73.0497 165035 72.556 72.556 36.1992 120
24250 625.997 -310739 -365.302 165036 72.5562 72.5562 36.1993 120
24300 630.833 -310748 -437.021 165037 72.5563 72.5563 36.1993 120
24350 633.155 -310752 -65.9183 165038 72.5564 72.5564 36.1994 120
24400 627.168 -310740 214.194 165039 72.5566 72.5566 36.1995 120
24450 623.63 -310733 44.8662 165040 72.5567 72.5567 36.1995 120
24500 626.634 -310739 -639.998 165041 72.5568 72.5568 36.1996 120
24550 625.969 -310737 -984.562 165041 72.5569 72.5569 36.1997 120
24600 626.979 -310739 -884.455 165042 72.557 72.557 36.1997 120
24650 629.767 -310744 -620.394 165043 72.5571 72.5571 36.1998 120
24700 627.629 -310739 -244.635 165044 72.5572 72.5572 36.1998 120
24750 630.227 -310743 -33.1532 165044 72.5573 72.5573 36.1999 120
24800 632.016 -310746 156.24 165045 72.5574 72.5574 36.1999 120
24850 627.775 -310737 512.808 165045 72.5575 72.5575 36.2 120
24900 626.404 -310734 639.308 165046 72.5576 72.5576 36.2 120
24950 626.377 -310733 613.333 165047 72.5577 72.5577 36.2001 120
25000 628.818 -310736 406.441 165048 72.5578 72.5578 36.2001 120
25050 624.202 -310726 633.519 165048 72.5579 72.5579 36.2002 120
25100 632.659 -310741 648.668 165049 72.5581 72.5581 36.2002 120
25150 632.931 -310741 621.661 165050 72.5582 72.5582 36.2003 120
25200 626.03 -310726 413.516 165051 72.5583 72.5583 36.2003 120
25250 626.936 -310727 -18.1994 165052 72.5584 72.5584 36.2004 120
25300 630.724 -310733 -407.839 165052 72.5585 72.5585 36.2005 120
25350 633.887 -310738 -726.712 165053 72.5587 72.5587 36.2005 120
25400 632.758 -310734 -577.207 165054 72.5588 72.5588 36.2006 120
25450 636.785 -310741 -476.629 165055 72.5589 72.5589 36.2006 120
25500 636.133 -310739 -423.284 165055 72.559 72.559 36.2007 120
25550 631.885 -310730 -298.756 165056 72.5591 72.5591 36.2007 120
25600 630.296 -310726 -343.646 165057 72.5592 72.5592 36.2008 120
25650 629.082 -310721 -572.246 165057 72.5593 72.5593 36.2008 120
25700 631.104 -310724 -898.597 165058 72.5594 72.5594 36.2009 120
25750 633.272 -310727 -842.423 165058 72.5594 72.5594 36.2009 120
25800 640.872 -310741 -990.055 165059 72.5595 72.5595 36.2009 120
25850 639.012 -310736 -1055.17 165059 72.5595 72.5595 36.201 120
25900 632.73 -310722 -852.668 165060 72.5596 72.5596 36.201 120
25950 634.661 -310725 -1050.51 165060 72.5596 72.5596 36.201 120
26000 632.595 -310719 -1305.09 165060 72.5597 72.5597 36.201 120
26050 631.33 -310716 -1339.86 165060 72.5597 72.5597 36.201 120
26100 630.515 -310713 -958.994 165060 72.5597 72.5597 36.201 120
26150 634.217 -310719 -761.194 165060 72.5597 72.5597 36.201 120
26200 635.9 -310721 -692.656 165060 72.5597 72.5597 36.201 120
26250 639.794 -310728 -681.733 165060 72.5596 72.5596 36.201 120
26300 644.599 -310736 -685.576 165060 72.5596 72.5596 36.201 120
26350 639.578 -310725 -443.769 165060 72.5596 72.5596 36.201 120
26400 638.316 -310722 -659.305 165059 72.5595 72.5595 36.201 120
26450 640.883 -310725 -1208.83 165059 72.5595 72.5595 36.201 120
26500 641.078 -310725 -1312.6 165059 72.5595 72.5595 36.2009 120
26550 637.9 -310717 -910.574 165058 72.5594 72.5594 36.2009 120
26600 637.629 -310716 -700.679 165058 72.5593 72.5593 36.2009 120
26650 638.067 -310715 -723.156 165057 72.5592 72.5592 36.2008 120
26700 638.921 -310716 -1039 165057 72.5592 72.5592 36.2008 120
26750 638.325 -310715 -1308.4 165056 72.5591 72.5591 36.2007 120
26800 637.048 -310712 -875.128 165055 72.559 72.559 36.2007 120
26850 635.164 -310707 145.624 165055 72.5589 72.5589 36.2006 120
26900 638.981 -310714 615.12 165054 72.5587 72.5588 36.2006 120
26950 637.53 -310710 1034.79 165053 72.5586 72.5586 36.2005 120
27000 646.54 -310727 1302.57 165053 72.5586 72.5586 36.2005 120
27050 649.567 -310732 1286.3 165052 72.5585 72.5585 36.2004 120
27100 639.225 -310712 1200.89 165052 72.5584 72.5584 36.2004 120
27150 635.86 -310705 1260.68 165051 72.5584 72.5584 36.2004 120
27200 641.233 -310715 1363.94 165051 72.5583 72.5583 36.2004 120
27250 645.156 -310723 984.137 165051 72.5583 72.5583 36.2003 120
27300 640.03 -310713 419.7 165051 72.5583 72.5583 36.2003 120
27350 645.054 -310723 -92.1446 165050 72.5583 72.5583 36.2003 120
27400 646.483 -310726 -195.246 165050 72.5582 72.5582 36.2003 120
27450 643.04 -310720 -85.101 165050 72.5582 72.5582 36.2003 120
27500 643.71 -310722 318.238 165050 72.5582 72.5582 36.2003 120
27550 643.765 -310722 652.031 165050 72.5582 72.5582 36.2003 120
27600 638.633 -310713 900.63 165050 72.5582 72.5582 36.2003 120
27650 642.501 -310720 877.947 165050 72.5582 72.5582 36.2003 120
27700 641.453 -310719 692.073 165050 72.5582 72.5582 36.2003 120
27750 636.629 -310711 123.249 165050 72.5582 72.5582 36.2003 120
27800 638.421 -310715 -232.598 165050 72.5582 72.5582 36.2003 120
27850 642.926 -310725 -16.6323 165050 72.5582 72.5582 36.2003 120
27900 644.683 -310729 500.651 165050 72.5582 72.5582 36.2003 120
27950 643.266 -310727 1193.24 165050 72.5582 72.5582 36.2003 120
28000 641.697 -310725 1707.95 165051 72.5583 72.5583 36.2003 120
28050 640.062 -310724 1975.58 165051 72.5583 72.5583 36.2004 120
28100 642.345 -310729 1796.49 165051 72.5584 72.5584 36.2004 120
28150 637.677 -310721 1629.24 165052 72.5585 72.5585 36.2004 120
28200 633.415 -310714 1441.26 165052 72.5585 72.5585 36.2005 120
28250 637.372 -310723 901.435 165053 72.5586 72.5586 36.2005 120
28300 638.079 -310726 446.289 165054 72.5588 72.5588 36.2006 120
28350 638.229 -310728 154.221 165055 72.5589 72.5589 36.2006 120
28400 633.001 -310719 82.0627 165055 72.559 72.559 36.2007 120
28450 633.784 -310722 -170.769 165056 72.5591 72.5591 36.2007 120
28500 640.615 -310736 -433.269 165057 72.5592 72.5592 36.2008 120
28550 635.381 -310727 -184.63 165058 72.5593 72.5593 36.2009 120
28600 631.306 -310721 35.9405 165058 72.5594 72.5594 36.2009 120
28650 629.98 -310720 271.397 165059 72.5595 72.5595 36.201 120
28700 634.5 -310730 238.719 165060 72.5596 72.5596 36.201 120
28750 638.442 -310739 39.8773 165061 72.5597 72.5597 36.2011 120
28800 636.934 -310738 -65.2929 165061 72.5598 72.5598 36.2011 120
28850 637.423 -310740 178.178 165062 72.5599 72.5599 36.2012 120
28900 635.117 -310737 869.37 165063 72.56 72.56 36.2012 120
28950 635.267 -310739 922.157 165063 72.5602 72.5602 36.2013 120
29000 635.852 -310742 633.452 165064 72.5603 72.5603 36.2013 120
29050 633.914 -310740 353.772 165065 72.5604 72.5604 36.2014 120
29100 631.058 -310735 -126.553 165066 72.5605 72.5605 36.2015 120
29150 632.428 -310739 -844.96 165067 72.5607 72.5607 36.2015 120
29200 634.379 -310745 -1251.77 165068 72.5608 72.5608 36.2016 120
29250 630.549 -310739 -1174.28 165068 72.5609 72.5609 36.2016 120
29300 631.837 -310742 -1314.94 165069 72.561 72.561 36.2017 120
29350 635.838 -310752 -1342.01 165070 72.561 72.561 36.2017 120
29400 635.543 -310753 -1390.65 165070 72.5611 72.5611 36.2018 120
29450 628.311 -310740 -1233.15 165070 72.5612 72.5612 36.2018 120
29500 630.572 -310746 -968.272 165071 72.5612 72.5612 36.2018 120
29550 626.112 -310738 -535.323 165071 72.5612 72.5612 36.2018 120
29600 622.172 -310731 -341.689 165071 72.5613 72.5613 36.2018 120
29650 627.842 -310744 -312.745 165071 72.5613 72.5613 36.2018 120
29700 627.693 -310745 -26.7061 165071 72.5613 72.5613 36.2018 120
29750 631.518 -310753 68.2386 165071 72.5613 72.5613 36.2019 120
29800 631.295 -310753 -106.68 165072 72.5613 72.5613 36.2019 120
29850 622.905 -310738 -357.336 165072 72.5614 72.5614 36.2019 120
29900 626.103 -310745 -692.099 165072 72.5614 72.5614 36.2019 120
29950 628.601 -310750 -683.589 165072 72.5614 72.5614 36.2019 120
30000 629.763 -310754 -821.14 165072 72.5614 72.5614 36.2019 120
30050 630.135 -310755 -1067.53 165072 72.5614 72.5614 36.2019 120
30100 632.46 -310760 -1407.2 165072 72.5614 72.5614 36.2019 120
30150 626.991 -310750 -1242.47 165072 72.5613 72.5613 36.2019 120
30200 625.543 -310748 -851.156 165071 72.5613 72.5613 36.2019 120
30250 626.92 -310751 -538.556 165071 72.5613 72.5613 36.2018 120
30300 621.942 -310742 -315.981 165071 72.5612 72.5612 36.2018 120
30350 628.613 -310755 -531.356 165070 72.5612 72.5612 36.2018 120
30400 630.782 -310759 -392.53 165070 72.5611 72.5611 36.2017 120
30450 626.018 -310750 -161.908 165069 72.561 72.561 36.2017 120
30500 621.439 -310741 22.5276 165069 72.561 72.561 36.2017 120
30550 622.45 -310743 241.964 165069 72.5609 72.5609 36.2017 120
30600 620.78 -310740 687.583 165068 72.5609 72.5609 36.2016 120
30650 625.978 -310750 646.572 165068 72.5608 72.5608 36.2016 120
30700 627.047 -310751 558.61 165068 72.5608 72.5608 36.2016 120
30750 625.69 -310748 500.81 165067 72.5607 72.5607 36.2016 120
30800 627.364 -310750 279.67 165067 72.5607 72.5607 36.2015 120
30850 630.383 -310755 124.011 165067 72.5607 72.5607 36.2015 120
30900 633.24 -310761 -17.1984 165067 72.5606 72.5606 36.2015 120
30950 627.853 -310750 -259.778 165066 72.5606 72.5606 36.2015 120
31000 627.038 -310747 -673.424 165066 72.5606 72.5606 36.2015 120
31050 631.845 -310756 -517.125 165066 72.5605 72.5605 36.2015 120
31100 626.123 -310744 55.2904 165066 72.5605 72.5605 36.2014 120
31150 626.35 -310744 37.8787 165065 72.5604 72.5604 36.2014 120
31200 632.533 -310755 151.546 165065 72.5604 72.5604 36.2014 120
31250 629.668 -310749 586.091 165065 72.5604 72.5604 36.2014 120
31300 627.368 -310743 752.184 165065 72.5603 72.5603 36.2014 120
31350 628.359 -310744 984.333 165064 72.5603 72.5603 36.2013 120
31400 631.769 -310750 1333.75 165064 72.5603 72.5603 36.2013 120
31450 634.457 -310754 1791.24 165064 72.5603 72.5603 36.2013 120
31500 633.534 -310751 1948.86 165064 72.5603 72.5603 36.2013 120
31550 630.599 -310744 1674.38 165064 72.5603 72.5603 36.2014 120
31600 625.786 -310734 1562.29 165065 72.5604 72.5604 36.2014 120
31650 624.917 -310731 1208.13 165065 72.5604 72.5604 36.2014 120
31700 627.792 -310735 581.412 165066 72.5605 72.5605 36.2014 120
31750 630.623 -310739 119.368 165066 72.5606 72.5606 36.2015 120
31800 630.834 -310739 1.53538 165067 72.5606 72.5606 36.2015 120
31850 631.606 -310739 85.3871 165067 72.5607 72.5607 36.2015 120
31900 637.58 -310748 112.251 165068 72.5608 72.5608 36.2016 120
31950 641.916 -310756 -4.88745 165068 72.5608 72.5608 36.2016 120
32000 641.405 -310754 -162.071 165069 72.5609 72.5609 36.2017 120
32050 634.266 -310739 106.827 165069 72.561 72.561 36.2017 120
32100 634.677 -310739 150.256 165070 72.5611 72.5611 36.2017 120
32150 632.899 -310734 160.487 165070 72.5611 72.5611 36.2018 120
32200 635.069 -310737 100.057 165071 72.5612 72.5612 36.2018 120
32250 633.951 -310734 316.28 165071 72.5613 72.5613 36.2018 120
32300 635.049 -310734 532.072 165072 72.5614 72.5614 36.2019 120
32350 635.963 -310735 705.302 165072 72.5614 72.5614 36.2019 120
32400 636.049 -310734 697.42 165073 72.5615 72.5615 36.202 120
32450 638.03 -310737 232.747 165073 72.5616 72.5616 36.202 120
32500 636.867 -310734 -136.592 165074 72.5617 72.5617 36.2021 120
32550 636.07 -310732 49.767 165075 72.5618 72.5618 36.2021 120
32600 634.872 -310728 462.481 165075 72.5619 72.5619 36.2021 120
32650 634.126 -310726 635.34 165076 72.562 72.562 36.2022 120
32700 634.451 -310725 870.223 165077 72.5621 72.5621 36.2022 120
32750 642.274 -310739 928.929 165077 72.5622 72.5622 36.2023 120
32800 642.22 -310738 1290.49 165078 72.5623 72.5623 36.2024 120
32850 637.332 -310727 1698.42 165079 72.5624 72.5624 36.2024 120
32900 640.614 -310732 1471.01 165080 72.5626 72.5626 36.2025 120
32950 644.632 -310739 1087.31 165081 72.5627 72.5627 36.2026 120
33000 638.979 -310727 928.124 165082 72.5629 72.5629 36.2026 120
33050 637.398 -310724 506.278 165083 72.5631 72.5631 36.2027 120
33100 638.611 -310726 291.366 165084 72.5632 72.5632 36.2028 120
33150 642.042 -310732 250.771 165086 72.5634 72.5634 36.2029 120
33200 640.635 -310729 425.06 165087 72.5636 72.5636 36.203 120
33250 642.352 -310732 567.924 165088 72.5638 72.5638 36.2031 120
33300 640.883 -310729 996.165 165089 72.5639 72.5639 36.2032 120
33350 635.806 -310718 1119.47 165091 72.5641 72.5641 36.2033 120
33400 634.917 -310716 895.167 165092 72.5643 72.5643 36.2034 120
33450 636.262 -310718 685.627 165093 72.5645 72.5645 36.2035 120
33500 639.628 -310725 481.483 165095 72.5647 72.5647 36.2036 120
33550 645.179 -310736 797.854 165096 72.565 72.565 36.2037 120
33600 644.397 -310734 1521.88 165098 72.5652 72.5652 36.2038 120
33650 641.874 -310730 1858.37 165099 72.5654 72.5654 36.2039 120
33700 636.636 -310720 1991.5 165101 72.5656 72.5656 36.204 120
33750 638.528 -310723 1753.9 165103 72.5659 72.5659 36.2041 120
33800 640.93 -310728 1448.49 165105 72.5662 72.5662 36.2043 120
33850 635.721 -310719 1212.57 165107 72.5665 72.5665 36.2044 120
33900 637.083 -310722 932.611 165109 72.5668 72.5668 36.2046 120
33950 641.93 -310731 834.856 165111 72.5671 72.5671 36.2047 120
34000 640.94 -310729 765.808 165113 72.5674 72.5674 36.2049 120
34050 637.908 -310724 902.761 165115 72.5677 72.5677 36.205 120
34100 640.17 -310729 913.402 165117 72.568 72.568 36.2052 120
34150 639.938 -310729 883.053 165119 72.5683 72.5683 36.2054 120
34200 647.346 -310744 685.296 165122 72.5687 72.5687 36.2055 120
34250 640.541 -310732 871.27 165124 72.569 72.569 36.2057 120
34300 641.028 -310734 502.01 165126 72.5693 72.5693 36.2059 120
34350 642.983 -310738 -115.009 165128 72.5697 72.5697 36.206 120
34400 641.467 -310736 -665.03 165131 72.57 72.57 36.2062 120
34450 636.509 -310728 -582.232 165133 72.5704 72.5704 36.2064 120
34500 637.286 -310731 -588.601 165135 72.5707 72.5707 36.2065 120
34550 638.529 -310734 -920.309 165137 72.571 72.571 36.2067 120
34600 634.413 -310727 -980.013 165139 72.5713 72.5713 36.2068 120
34650 634.981 -310730 -758.192 165141 72.5716 72.5716 36.207 120
34700 634.505 -310730 -219.21 165143 72.5719 72.5719 36.2071 120
34750 638.475 -310739 -64.6363 165145 72.5721 72.5721 36.2073 120
34800 636.564 -310736 92.1382 165147 72.5724 72.5724 36.2074 120
34850 629.333 -310723 815.723 165149 72.5727 72.5727 36.2075 120
34900 636.457 -310738 1213.49 165151 72.573 72.573 36.2077 120
34950 636.887 -310740 1258.64 165153 72.5733 72.5733 36.2078 120
35000 632.101 -310732 612.806 165155 72.5736 72.5736 36.208 120
35050 632.065 -310733 -283.595 165157 72.5739 72.5739 36.2081 120
35100 637.259 -310744 -702.359 165159 72.5742 72.5742 36.2083 120
35150 636.011 -310743 -467.221 165161 72.5745 72.5745 36.2084 120
35200 637.051 -310746 -522.142 165163 72.5747 72.5747 36.2086 120
35250 631.478 -310737 -506.716 165165 72.575 72.575 36.2087 120
35300 634.558 -310744 -747.837 165167 72.5753 72.5753 36.2088 120
35350 637.681 -310751 -662.552 165168 72.5755 72.5755 36.209 120
35400 631.882 -310741 -132.32 165170 72.5758 72.5758 36.2091 120
35450 632.063 -310742 75.6727 165172 72.576 72.576 36.2092 120
35500 631.922 -310743 271.272 165174 72.5763 72.5763 36.2093 120
35550 630.548 -310742 446.137 165175 72.5765 72.5765 36.2095 120
35600 629.474 -310741 674.034 165177 72.5768 72.5768 36.2096 120
35650 632.69 -310748 532.839 165179 72.577 72.577 36.2097 120
35700 633.29 -310750 -32.7641 165181 72.5773 72.5773 36.2098 120
35750 632.803 -310751 -757.475 165182 72.5776 72.5776 36.21 120
35800 631.286 -310749 -943.679 165184 72.5778 72.5778 36.2101 120
35850 633.585 -310754 -1008.22 165186 72.578 72.578 36.2102 120
35900 626.707 -310742 -923.315 165187 72.5783 72.5783 36.2103 120
35950 624.304 -310738 -925.599 165189 72.5785 72.5785 36.2104 120
36000 626.66 -310743 -742.607 165190 72.5787 72.5787 36.2105 120
36050 628.876 -310749 -613.726 165191 72.5789 72.5789 36.2106 120
36100 630.296 -310752 -605.468 165193 72.5791 72.5791 36.2107 120
36150 628.972 -310750 -650.019 165194 72.5793 72.5793 36.2108 120
36200 625.573 -310745 -802.725 165195 72.5794 72.5794 36.2109 120
36250 629.058 -310752 -1030.69 165196 72.5796 72.5796 36.211 120
36300 633.598 -310761 -1271.37 165197 72.5798 72.5798 36.2111 120
36350 624.704 -310744 -993.971 165198 72.5799 72.5799 36.2111 120
36400 626.36 -310748 -999.353 165199 72.58 72.58 36.2112 120
36450 630.669 -310756 -1099.72 165200 72.5802 72.5802 36.2113 120
36500 629.397 -310754 -1116.18 165201 72.5803 72.5803 36.2113 120
36550 625.178 -310746 -1045.2 165202 72.5804 72.5804 36.2114 120
36600 628.907 -310754 -1048.67 165202 72.5805 72.5805 36.2114 120
36650 629.044 -310754 -691.169 165203 72.5806 72.5806 36.2115 120
36700 628.141 -310753 -476.882 165203 72.5806 72.5806 36.2115 120
36750 626.107 -310749 -566.625 165204 72.5807 72.5807 36.2115 120
36800 623.215 -310743 -708.932 165204 72.5808 72.5808 36.2116 120
36850 627.723 -310751 -896.125 165204 72.5808 72.5808 36.2116 120
36900 629.934 -310756 -810.673 165205 72.5809 72.5809 36.2116 120
36950 627.664 -310751 -495.058 165205 72.5809 72.5809 36.2116 120
37000 627.843 -310751 -316.042 165205 72.5809 72.5809 36.2116 120
37050 632.978 -310760 -473.642 165206 72.581 72.581 36.2117 120
37100 624.026 -310743 -179.553 165206 72.581 72.581 36.2117 120
37150 629.689 -310753 -487.7 165206 72.581 72.581 36.2117 120
37200 630.728 -310755 -579.416 165206 72.581 72.581 36.2117 120
37250 625.675 -310745 -452.419 165206 72.5811 72.5811 36.2117 120
37300 630.924 -310755 -833.433 165206 72.5811 72.5811 36.2117 120
37350 630.843 -310753 -1185.81 165206 72.5811 72.5811 36.2117 120
37400 628.292 -310748 -1340.97 165206 72.5811 72.5811 36.2117 120
37450 628.115 -310747 -1012.84 165206 72.581 72.581 36.2117 120
37500 629.89 -310750 -418.271 165206 72.581 72.581 36.2117 120
37550 631.481 -310752 -130.227 165206 72.581 72.581 36.2117 120
37600 632.313 -310753 -198.637 165205 72.5809 72.5809 36.2116 120
37650 631.282 -310750 -224.46 165205 72.5809 72.5809 36.2116 120
37700 629.194 -310745 -376.469 165205 72.5809 72.5809 36.2116 120
37750 631.614 -310748 -749.276 165205 72.5808 72.5808 36.2116 120
37800 637.501 -310759 -1079.3 165204 72.5808 72.5808 36.2116 120
37850 635.462 -310754 -1108.86 165204 72.5807 72.5807 36.2115 120
37900 632.83 -310748 -1117.24 165203 72.5807 72.5807 36.2115 120
37950 632.31 -310746 -1208.72 165203 72.5806 72.5806 36.2115 120
38000 630.081 -310741 -1123.83 165202 72.5805 72.5805 36.2114 120
38050 634.973 -310750 -1025.01 165202 72.5804 72.5804 36.2114 120
38100 632.192 -310743 -363.178 165201 72.5803 72.5803 36.2113 120
38150 635.007 -310748 97.4422 165200 72.5802 72.5802 36.2113 120
38200 633.776 -310745 332.829 165199 72.5801 72.5801 36.2112 120
38250 627.412 -310732 482.312 165199 72.58 72.58 36.2112 120
38300 632.882 -310741 108.543 165198 72.5799 72.5799 36.2111 120
38350 637.621 -310749 -335.18 165197 72.5798 72.5798 36.2111 120
38400 639.198 -310751 -512.312 165197 72.5797 72.5797 36.211 120
38450 639.549 -310750 -540.207 165196 72.5796 72.5796 36.211 120
38500 634.499 -310740 -456.748 165195 72.5795 72.5795 36.2109 120
38550 633.651 -310737 -193.828 165195 72.5794 72.5794 36.2109 120
38600 635.956 -310741 14.3489 165194 72.5793 72.5793 36.2108 120
38650 637.52 -310743 -108.953 165193 72.5791 72.5792 36.2108 120
38700 638.944 -310744 -375.464 165192 72.579 72.579 36.2107 120
38750 636.823 -310740 -512.557 165192 72.5789 72.5789 36.2106 120
38800 636.37 -310739 -486.989 165191 72.5788 72.5788 36.2106 120
38850 636.052 -310737 -382.664 165190 72.5787 72.5787 36.2105 120
38900 629.962 -310724 -246.785 165189 72.5786 72.5786 36.2105 120
38950 631.659 -310727 -164.394 165188 72.5784 72.5784 36.2104 120
39000 640.331 -310743 56.6747 165187 72.5783 72.5783 36.2103 120
39050 641.486 -310745 285.992 165187 72.5782 72.5782 36.2103 120
39100 635.545 -310733 406.577 165186 72.5781 72.5781 36.2102 120
39150 636.937 -310735 295.159 165185 72.578 72.578 36.2102 120
39200 639.542 -310739 184.54 165184 72.5778 72.5778 36.2101 120
39250 638.872 -310737 103.831 165183 72.5777 72.5777 36.21 120
39300 635.555 -310730 173.347 165183 72.5776 72.5776 36.21 120
39350 638.362 -310735 49.5982 165182 72.5775 72.5775 36.2099 120
39400 635.372 -310729 446.802 165181 72.5774 72.5774 36.2099 120
39450 638.554 -310735 829.419 165181 72.5773 72.5773 36.2098 120
39500 642.254 -310742 862.365 165180 72.5772 72.5772 36.2098 120
39550 642.636 -310742 572.913 165179 72.5771 72.5771 36.2098 120
39600 638.494 -310733 639.95 165179 72.5771 72.5771 36.2097 120
39650 639.663 -310736 1045.48 165178 72.577 72.577 36.2097 120
39700 634.541 -310726 1834.53 165178 72.5769 72.5769 36.2096 120
39750 639.354 -310735 1779.89 165178 72.5769 72.5769 36.2096 120
39800 643.647 -310744 1228.77 165177 72.5769 72.5769 36.2096 120
39850 638.904 -310735 969.939 165177 72.5768 72.5768 36.2096 120
39900 637.703 -310732 964.073 165177 72.5768 72.5768 36.2096 120
39950 640.195 -310736 815.095 165177 72.5768 72.5768 36.2096 120
40000 639.491 -310735 25.768 165177 72.5769 72.5769 36.2096 120
40050 638.427 -310733 -726.94 165177 72.5769 72.5769 36.2096 120
40100 637.625 -310732 -720.582 165178 72.5769 72.5769 36.2096 120
40150 636.358 -310730 -407.618 165177 72.5769 72.5769 36.2096 120
40200 636.604 -310731 -410.546 165177 72.5769 72.5769 36.2096 120
40250 638.887 -310736 -454.316 165177 72.5768 72.5768 36.2096 120
40300 641.305 -310741 -63.2441 165177 72.5768 72.5768 36.2096 120
40350 639.324 -310738 638.695 165177 72.5768 72.5768 36.2096 120
40400 639.207 -310738 802.823 165177 72.5768 72.5768 36.2096 120
40450 639.25 -310739 599.693 165177 72.5768 72.5768 36.2096 120
40500 638.127 -310737 337.887 165177 72.5768 72.5768 36.2096 120
40550 630.374 -310723 446.99 165177 72.5768 72.5768 36.2096 120
40600 637.327 -310737 392.906 165177 72.5768 72.5768 36.2096 120
40650 639.923 -310743 831.303 165177 72.5768 72.5768 36.2096 120
40700 638.254 -310740 1330.35 165177 72.5769 72.5769 36.2096 120
40750 634.605 -310734 1342.24 165178 72.5769 72.5769 36.2096 120
40800 635.068 -310736 844.395 165178 72.5769 72.5769 36.2097 120
40850 637.306 -310741 685.191 165178 72.577 72.577 36.2097 120
40900 637.876 -310743 781.859 165179 72.5771 72.5771 36.2097 120
40950 635.248 -310738 496.863 165179 72.5771 72.5771 36.2097 120
41000 636.379 -310741 -164.63 165180 72.5772 72.5772 36.2098 120
41050 639.845 -310749 -781.747 165180 72.5773 72.5773 36.2098 120
41100 637.566 -310746 -1027.79 165181 72.5773 72.5773 36.2098 120
41150 629.172 -310730 -548.548 165181 72.5774 72.5774 36.2099 120
41200 632.615 -310738 -74.1935 165181 72.5774 72.5774 36.2099 120
41250 637.258 -310747 182.611 165182 72.5775 72.5775 36.2099 120
41300 635.946 -310745 113.668 165182 72.5775 72.5775 36.2099 120
41350 634.172 -310743 -30.4914 165182 72.5776 72.5776 36.21 120
