# Time-averaged data for fix 2
# TimeStep c_thermo_temp c_thermo_pe c_thermo_press v_myVol v_myCella v_myCellb v_myCellc v_myCellgamma
0 726.585 -310369 -4590.04 165186 72.5781 72.5781 36.2102 120
50 721.902 -310370 -3915.32 165142 72.5717 72.5717 36.207 120
100 720.284 -310378 -4064.1 165100 72.5655 72.5655 36.2039 120
150 720.734 -310388 -4392.5 165058 72.5594 72.5594 36.2009 120
200 712.837 -310383 -4391.48 165017 72.5534 72.5534 36.1979 120
250 717.317 -310402 -4811.46 164977 72.5476 72.5476 36.195 120
300 718.873 -310415 -5123.76 164938 72.5418 72.5418 36.1921 120
350 712.467 -310414 -5334.68 164900 72.5362 72.5362 36.1893 120
400 712.692 -310424 -5371.66 164863 72.5307 72.5307 36.1866 120
450 712.044 -310433 -5030.54 164826 72.5253 72.5253 36.1839 120
500 707.656 -310434 -4793.46 164790 72.52 72.52 36.1813 120
550 703.903 -310437 -4359.97 164755 72.5149 72.5149 36.1787 120
600 706.473 -310452 -3918.33 164720 72.5098 72.5098 36.1761 120
650 705.259 -310459 -3299.92 164686 72.5048 72.5048 36.1737 120
700 704.434 -310467 -2766.85 164653 72.4999 72.4999 36.1712 120
750 696.19 -310461 -2128.56 164620 72.4952 72.4952 36.1688 120
800 689.356 -310457 -1411.51 164589 72.4905 72.4905 36.1665 120
850 694.284 -310476 -917.198 164558 72.486 72.486 36.1643 120
900 691.478 -310479 -297.061 164527 72.4815 72.4815 36.162 120
950 684.85 -310476 139.687 164498 72.4772 72.4772 36.1599 120
1000 682.721 -310480 359.423 164470 72.473 72.473 36.1578 120
1050 681.691 -310486 514.722 164442 72.4689 72.4689 36.1558 120
1100 682.721 -310496 469.378 164415 72.465 72.465 36.1538 120
1150 687.047 -310513 -12.9435 164388 72.4611 72.4611 36.1519 120
1200 684.601 -310517 -562.155 164363 72.4574 72.4574 36.15 120
1250 680.312 -310517 -937.387 164338 72.4537 72.4537 36.1482 120
1300 680.362 -310526 -1182.92 164314 72.4501 72.4501 36.1464 120
1350 678.872 -310531 -1294.67 164290 72.4466 72.4466 36.1446 120
1400 671.443 -310526 -895.52 164267 72.4432 72.4432 36.1429 120
1450 668.493 -310528 -396.796 164244 72.4399 72.4399 36.1413 120
1500 666.381 -310532 -26.3776 164222 72.4366 72.4366 36.1396 120
1550 667.9 -310542 595.517 164200 72.4334 72.4334 36.138 120
1600 667.54 -310550 1489.09 164179 72.4303 72.4303 36.1365 120
1650 661.726 -310546 2257.95 164159 72.4273 72.4273 36.135 120
1700 657.229 -310544 2913.92 164139 72.4244 72.4244 36.1336 120
1750 661.948 -310561 3103.68 164120 72.4216 72.4216 36.1322 120
1800 659.366 -310563 3065.33 164101 72.4189 72.4189 36.1308 120
1850 654.633 -310561 3193.83 164084 72.4163 72.4163 36.1295 120
1900 655.754 -310571 3578.75 164066 72.4138 72.4138 36.1282 120
1950 655.943 -310578 4042.92 164050 72.4113 72.4113 36.127 120
2000 653.375 -310580 4264.6 164034 72.409 72.409 36.1259 120
2050 651.978 -310584 4004.64 164019 72.4067 72.4067 36.1247 120
2100 648.251 -310584 3373.53 164004 72.4046 72.4046 36.1237 120
2150 646.845 -310587 2687.37 163990 72.4025 72.4025 36.1226 120
2200 653.592 -310607 2139.67 163976 72.4005 72.4005 36.1216 120
2250 648.967 -310604 2181.86 163963 72.3986 72.3986 36.1207 120
2300 645.699 -310604 2109.35 163951 72.3967 72.3967 36.1197 120
2350 645.79 -310611 2227.09 163938 72.3949 72.3949 36.1188 120
2400 645.446 -310616 2537.76 163926 72.3932 72.3932 36.118 120
2450 639.961 -310611 2797.17 163915 72.3915 72.3915 36.1171 120
2500 638.533 -310615 2810.97 163904 72.3899 72.3899 36.1163 120
2550 636.502 -310617 2794.73 163893 72.3883 72.3883 36.1155 120
2600 636.176 -310622 2739.38 163883 72.3868 72.3868 36.1148 120
2650 639.311 -310634 2801.3 163874 72.3854 72.3854 36.1141 120
2700 634.233 -310630 3428.99 163864 72.384 72.384 36.1134 120
2750 632.422 -310632 3874.46 163855 72.3827 72.3827 36.1127 120
2800 633.921 -310640 4083.16 163847 72.3814 72.3814 36.1121 120
2850 633.036 -310643 4429.55 163839 72.3802 72.3802 36.1115 120
2900 632.46 -310647 4888.2 163831 72.3791 72.3791 36.1109 120
2950 632.557 -310652 5429.43 163824 72.378 72.378 36.1104 120
3000 635.438 -310663 5576.38 163817 72.3771 72.3771 36.1099 120
3050 633.762 -310664 5132.95 163811 72.3761 72.3761 36.1095 120
3100 627.237 -310657 4603.31 163805 72.3753 72.3753 36.109 120
3150 627.658 -310663 4159.44 163800 72.3745 72.3745 36.1087 120
3200 628.357 -310669 3870.36 163795 72.3738 72.3738 36.1083 120
3250 627.436 -310672 3736.85 163790 72.3731 72.3731 36.1079 120
3300 627.086 -310676 3898.93 163786 72.3725 72.3725 36.1076 120
3350 623.572 -310674 4461.76 163782 72.3719 72.3719 36.1073 120
3400 622.544 -310676 5011.08 163778 72.3713 72.3713 36.1071 120
3450 620.243 -310676 5565.39 163775 72.3709 72.3709 36.1068 120
3500 616.189 -310672 5967.68 163772 72.3705 72.3705 36.1066 120
3550 619.368 -310681 6002.4 163770 72.3701 72.3701 36.1065 120
3600 622.542 -310691 6059.79 163768 72.3698 72.3698 36.1063 120
3650 621.273 -310693 6210.07 163766 72.3696 72.3696 36.1062 120
3700 617.428 -310689 6350.99 163765 72.3694 72.3694 36.1061 120
3750 612.535 -310684 6443.59 163764 72.3693 72.3693 36.1061 120
3800 614.193 -310691 6223.7 163764 72.3693 72.3693 36.106 120
3850 613.102 -310693 6153.48 163764 72.3693 72.3693 36.106 120
3900 611.668 -310693 6098.43 163765 72.3694 72.3694 36.1061 120
3950 612.849 -310699 5916.31 163766 72.3695 72.3695 36.1061 120
4000 606.923 -310690 5933.26 163767 72.3697 72.3697 36.1062 120
4050 607.451 -310694 5606.35 163768 72.3699 72.3699 36.1064 120
4100 608.111 -310698 5489.11 163770 72.3702 72.3702 36.1065 120
4150 612.138 -310708 5615.36 163773 72.3705 72.3705 36.1067 120
4200 615.113 -310716 5899.75 163775 72.3709 72.3709 36.1068 120
4250 614.88 -310717 5979.41 163778 72.3713 72.3713 36.107 120
4300 612.818 -310715 5753.95 163781 72.3718 72.3718 36.1073 120
4350 610.541 -310713 5596.22 163784 72.3723 72.3723 36.1075 120
4400 610.718 -310716 5638.23 163788 72.3728 72.3728 36.1078 120
4450 607.424 -310712 5778.81 163792 72.3734 72.3734 36.1081 120
4500 608.566 -310716 5599.71 163797 72.374 72.374 36.1084 120
4550 609.735 -310719 5397.13 163801 72.3747 72.3747 36.1088 120
4600 606.607 -310715 5273.68 163806 72.3754 72.3754 36.1091 120
4650 608.345 -310720 4928.56 163811 72.3762 72.3762 36.1095 120
4700 604.025 -310714 5197.85 163816 72.377 72.377 36.1099 120
4750 605.726 -310718 5393.65 163822 72.3778 72.3778 36.1103 120
4800 606.87 -310722 5226.12 163828 72.3787 72.3787 36.1107 120
4850 605.086 -310720 4959.07 163834 72.3795 72.3795 36.1112 120
4900 604.699 -310720 4675.68 163840 72.3805 72.3805 36.1116 120
4950 604.915 -310721 4518.64 163847 72.3814 72.3814 36.1121 120
5000 607.439 -310726 4561.78 163853 72.3824 72.3824 36.1126 120
5050 607.756 -310728 4371.65 163860 72.3834 72.3834 36.1131 120
5100 605.806 -310724 4170.97 163867 72.3844 72.3844 36.1136 120
5150 605.593 -310724 4544.04 163874 72.3854 72.3854 36.1141 120
5200 605.58 -310723 5032.06 163881 72.3865 72.3865 36.1146 120
5250 606.262 -310725 5397.75 163889 72.3876 72.3876 36.1152 120
5300 610.257 -310733 5650.54 163896 72.3887 72.3887 36.1157 120
5350 609.919 -310732 5772.76 163904 72.3899 72.3899 36.1163 120
5400 608.634 -310729 5797.44 163912 72.3911 72.3911 36.1169 120
5450 609.279 -310729 6011.36 163921 72.3923 72.3923 36.1175 120
5500 610.598 -310731 6005.86 163929 72.3936 72.3936 36.1182 120
5550 608.777 -310727 5886.93 163938 72.3949 72.3949 36.1188 120
5600 605.584 -310720 5889.7 163947 72.3962 72.3962 36.1195 120
5650 610.579 -310729 5391.19 163956 72.3976 72.3976 36.1202 120
5700 610.578 -310729 4814.86 163966 72.399 72.399 36.1209 120
5750 606.888 -310721 4349.07 163975 72.4004 72.4004 36.1216 120
5800 606.362 -310718 3858.29 163985 72.4018 72.4018 36.1223 120
5850 603.931 -310712 3426.51 163995 72.4032 72.4032 36.123 120
5900 609.597 -310721 3174.84 164005 72.4047 72.4047 36.1237 120
5950 611.791 -310723 3432.88 164015 72.4062 72.4062 36.1244 120
6000 608.347 -310715 3723.08 164025 72.4076 72.4076 36.1252 120
6050 615.683 -310727 3613.67 164035 72.4091 72.4091 36.1259 120
6100 612.693 -310719 3732.36 164045 72.4106 72.4106 36.1267 120
6150 611.059 -310714 3799.54 164055 72.4121 72.4121 36.1274 120
6200 616.284 -310723 4014.26 164065 72.4136 72.4136 36.1282 120
6250 617.467 -310723 4242.1 164076 72.4151 72.4151 36.1289 120
6300 613.906 -310715 4585.27 164086 72.4167 72.4167 36.1297 120
6350 614.272 -310713 4819.81 164097 72.4182 72.4182 36.1305 120
6400 615.972 -310714 4952.82 164107 72.4198 72.4198 36.1312 120
6450 618.639 -310717 5046.23 164118 72.4214 72.4214 36.132 120
6500 619.116 -310716 4833.82 164129 72.423 72.423 36.1329 120
6550 615.327 -310706 4287.58 164140 72.4246 72.4246 36.1337 120
6600 612.735 -310699 3896.2 164152 72.4263 72.4263 36.1345 120
6650 616.26 -310704 3851.44 164163 72.428 72.428 36.1353 120
6700 618.847 -310706 4122.89 164174 72.4296 72.4296 36.1362 120
6750 619.799 -310706 4215.81 164186 72.4313 72.4313 36.137 120
6800 619.278 -310703 3927.71 164197 72.433 72.433 36.1378 120
6850 620.017 -310703 3247.48 164209 72.4347 72.4347 36.1387 120
6900 624.08 -310708 2479.49 164221 72.4364 72.4364 36.1395 120
6950 618.527 -310695 2185.51 164232 72.4381 72.4381 36.1404 120
7000 619.677 -310695 1666.43 164244 72.4398 72.4398 36.1412 120
7050 626.405 -310706 1369.43 164255 72.4415 72.4415 36.1421 120
7100 625.137 -310701 1663.71 164267 72.4432 72.4432 36.1429 120
7150 629.247 -310707 1861.28 164278 72.4449 72.4449 36.1438 120
7200 626.989 -310700 2384.11 164289 72.4465 72.4465 36.1446 120
7250 622.363 -310690 2661.51 164300 72.4482 72.4482 36.1454 120
7300 622.246 -310687 2791.04 164312 72.4498 72.4498 36.1462 120
7350 626.452 -310694 2888.02 164323 72.4515 72.4515 36.1471 120
7400 622.892 -310685 3122.43 164334 72.4531 72.4532 36.1479 120
7450 621.629 -310682 3214.37 164346 72.4548 72.4548 36.1487 120
7500 626.063 -310689 3091.36 164357 72.4565 72.4565 36.1495 120
7550 632.762 -310700 2622.49 164368 72.4581 72.4581 36.1504 120
7600 633.564 -310700 1854.9 164380 72.4598 72.4598 36.1512 120
7650 622.198 -310677 1521.3 164391 72.4615 72.4615 36.152 120
7700 625.882 -310682 1439.33 164402 72.4631 72.4631 36.1529 120
7750 631.357 -310691 1616.98 164413 72.4648 72.4648 36.1537 120
7800 634.631 -310697 1678.52 164424 72.4664 72.4664 36.1545 120
7850 636.708 -310700 1674.28 164435 72.468 72.468 36.1553 120
7900 631.585 -310689 1711.01 164446 72.4696 72.4696 36.1561 120
7950 629.992 -310685 1769.53 164457 72.4712 72.4712 36.1569 120
8000 634.734 -310693 1730.58 164468 72.4728 72.4728 36.1577 120
8050 632.555 -310689 1654.35 164479 72.4744 72.4744 36.1585 120
8100 629.403 -310683 1393.03 164490 72.476 72.476 36.1593 120
8150 634.995 -310693 937.264 164500 72.4775 72.4775 36.1601 120
8200 636.08 -310695 803.45 164511 72.4791 72.4791 36.1608 120
8250 632.36 -310688 738.115 164521 72.4806 72.4806 36.1616 120
8300 628.218 -310679 775.718 164532 72.4821 72.4821 36.1624 120
8350 630.829 -310685 814.511 164542 72.4836 72.4836 36.1631 120
8400 631.558 -310688 962.248 164552 72.4851 72.4851 36.1638 120
8450 629.651 -310684 1223.16 164562 72.4866 72.4866 36.1646 120
8500 631.589 -310688 1487.61 164572 72.4881 72.4881 36.1653 120
8550 635.101 -310695 1518.11 164582 72.4895 72.4895 36.166 120
8600 631.564 -310690 1244.11 164592 72.491 72.491 36.1668 120
8650 628.566 -310685 698.99 164602 72.4924 72.4924 36.1675 120
8700 633.33 -310695 336.666 164611 72.4938 72.4938 36.1682 120
8750 631.551 -310692 747.815 164621 72.4953 72.4953 36.1689 120
8800 632.856 -310696 825.145 164630 72.4967 72.4967 36.1696 120
8850 632.93 -310697 447.807 164640 72.498 72.498 36.1703 120
8900 630.366 -310694 44.7247 164649 72.4994 72.4994 36.171 120
8950 624.444 -310684 160.213 164658 72.5007 72.5007 36.1716 120
9000 621.937 -310681 378.607 164667 72.5021 72.5021 36.1723 120
9050 631.57 -310701 99.481 164676 72.5034 72.5034 36.173 120
9100 631.064 -310702 -39.2002 164685 72.5047 72.5047 36.1736 120
9150 627.359 -310697 -154.386 164694 72.506 72.506 36.1742 120
9200 626.618 -310697 39.2533 164702 72.5072 72.5072 36.1749 120
9250 624.557 -310695 370.891 164711 72.5085 72.5085 36.1755 120
9300 624.549 -310697 325.092 164719 72.5097 72.5097 36.1761 120
9350 623.039 -310696 104.784 164727 72.5109 72.5109 36.1767 120
9400 623.298 -310698 -215.713 164736 72.5121 72.5121 36.1773 120
9450 626.403 -310707 -626.342 164744 72.5133 72.5133 36.1779 120
9500 623.855 -310704 -866.333 164751 72.5144 72.5144 36.1785 120
9550 623.097 -310705 -944.048 164759 72.5155 72.5155 36.179 120
9600 625.741 -310712 -1215.58 164767 72.5166 72.5166 36.1796 120
9650 621.68 -310706 -1394.29 164774 72.5177 72.5177 36.1801 120
9700 619.422 -310703 -1509.07 164781 72.5188 72.5188 36.1806 120
9750 620.502 -310708 -1696.69 164788 72.5198 72.5198 36.1811 120
9800 622.411 -310713 -1688.46 164795 72.5208 72.5208 36.1816 120
9850 622.002 -310715 -1435.11 164801 72.5217 72.5217 36.1821 120
9900 618.025 -310710 -1274.4 164808 72.5226 72.5226 36.1826 120
9950 617.354 -310710 -1343.89 164814 72.5236 72.5236 36.183 120
10000 617.627 -310713 -1374.9 164820 72.5244 72.5244 36.1835 120
10050 619.542 -310718 -1322.61 164826 72.5253 72.5253 36.1839 120
10100 619.194 -310720 -1197.05 164831 72.5261 72.5261 36.1843 120
10150 618.737 -310721 -1246.83 164837 72.5269 72.5269 36.1847 120
10200 619.49 -310724 -1593.18 164842 72.5277 72.5277 36.1851 120
10250 617.084 -310722 -1814.18 164847 72.5285 72.5285 36.1855 120
10300 619.163 -310728 -1851.26 164852 72.5292 72.5292 36.1858 120
10350 616.467 -310724 -1774.34 164857 72.5299 72.5299 36.1862 120
10400 613.018 -310720 -2099.5 164862 72.5306 72.5306 36.1865 120
10450 609.022 -310714 -2379.48 164866 72.5312 72.5312 36.1868 120
10500 614.197 -310725 -2811.46 164870 72.5319 72.5319 36.1872 120
10550 614.392 -310728 -3174.49 164874 72.5324 72.5324 36.1874 120
10600 608.496 -310718 -3326.24 164878 72.533 72.533 36.1877 120
10650 605.73 -310714 -3171.59 164882 72.5335 72.5335 36.188 120
10700 606.699 -310717 -2549.57 164885 72.534 72.534 36.1882 120
10750 609.416 -310723 -1661.27 164888 72.5344 72.5344 36.1884 120
10800 607.979 -310722 -904.104 164891 72.5348 72.5348 36.1886 120
10850 608.503 -310723 -559.497 164893 72.5352 72.5352 36.1888 120
10900 613.287 -310733 -613.413 164896 72.5356 72.5356 36.189 120
10950 613.841 -310735 -738.31 164899 72.536 72.536 36.1892 120
11000 611.494 -310731 -806.925 164901 72.5364 72.5364 36.1894 120
11050 614.21 -310737 -847.934 164904 72.5367 72.5367 36.1896 120
11100 617.024 -310743 -761.805 164906 72.5371 72.5371 36.1898 120
11150 615.099 -310740 -669.038 164908 72.5374 72.5374 36.1899 120
11200 613.147 -310737 -938.087 164911 72.5377 72.5377 36.1901 120
11250 610.844 -310733 -1425.64 164913 72.5381 72.5381 36.1902 120
11300 610.824 -310733 -1779.26 164915 72.5383 72.5383 36.1904 120
11350 607.996 -310728 -1838.73 164917 72.5386 72.5386 36.1905 120
11400 607.38 -310727 -1851.4 164918 72.5389 72.5389 36.1907 120
11450 607.045 -310726 -1546.29 164920 72.5391 72.5391 36.1908 120
11500 608.998 -310730 -1234.17 164921 72.5393 72.5393 36.1909 120
11550 611.094 -310734 -1102.99 164923 72.5395 72.5395 36.191 120
11600 611.41 -310734 -991.878 164924 72.5397 72.5397 36.1911 120
11650 615.56 -310741 -1127.98 164925 72.5399 72.5399 36.1912 120
11700 614.078 -310738 -1418.57 164926 72.54 72.54 36.1912 120
11750 611.119 -310732 -1789.75 164927 72.5402 72.5402 36.1913 120
11800 617.924 -310745 -2079.8 164928 72.5403 72.5403 36.1914 120
11850 616.441 -310741 -2074.1 164929 72.5404 72.5404 36.1914 120
11900 614.074 -310736 -2338.38 164929 72.5405 72.5405 36.1915 120
11950 615.196 -310738 -2516.13 164930 72.5406 72.5406 36.1915 120
12000 609.841 -310727 -2446.63 164930 72.5406 72.5406 36.1915 120
12050 608.626 -310724 -2599.57 164930 72.5406 72.5406 36.1915 120
12100 610.404 -310726 -2613.29 164930 72.5406 72.5406 36.1915 120
12150 614.803 -310734 -2593.07 164930 72.5406 72.5406 36.1915 120
12200 619.033 -310741 -2741.59 164929 72.5405 72.5405 36.1915 120
12250 617.383 -310737 -2585.72 164929 72.5404 72.5404 36.1914 120
12300 615.072 -310732 -2182.86 164928 72.5403 72.5403 36.1914 120
12350 609.604 -310720 -1920.61 164927 72.5402 72.5402 36.1913 120
12400 606.579 -310713 -1814.38 164926 72.5401 72.5401 36.1913 120
12450 614.804 -310727 -1865.93 164925 72.5399 72.5399 36.1912 120
12500 618.41 -310732 -1732.88 164924 72.5397 72.5397 36.1911 120
12550 615.286 -310725 -1472.53 164923 72.5395 72.5395 36.191 120
12600 616.802 -310727 -1466.54 164922 72.5393 72.5394 36.1909 120
12650 616.554 -310725 -1583.45 164920 72.5391 72.5391 36.1908 120
12700 617.958 -310725 -1871.29 164919 72.5389 72.5389 36.1907 120
12750 618.43 -310725 -2033.89 164917 72.5387 72.5387 36.1906 120
12800 618.284 -310723 -2192.3 164915 72.5384 72.5384 36.1904 120
12850 617.697 -310721 -2219.2 164913 72.5382 72.5382 36.1903 120
12900 622.282 -310728 -2051.99 164911 72.5379 72.5379 36.1902 120
12950 621.906 -310726 -1686.88 164909 72.5376 72.5376 36.19 120
13000 621.534 -310724 -1424.99 164907 72.5373 72.5373 36.1899 120
13050 622.837 -310725 -1142.08 164905 72.5369 72.5369 36.1897 120
13100 625.456 -310728 -1190.44 164903 72.5366 72.5366 36.1895 120
13150 617.446 -310711 -1007.61 164900 72.5363 72.5363 36.1894 120
13200 619.113 -310713 -1023.63 164898 72.5359 72.5359 36.1892 120
13250 620.364 -310714 -1022.75 164896 72.5356 72.5356 36.189 120
13300 620.433 -310712 -790.781 164893 72.5352 72.5352 36.1888 120
13350 624.532 -310719 -101.812 164891 72.5349 72.5349 36.1887 120
13400 625.716 -310721 481.289 164889 72.5345 72.5345 36.1885 120
13450 623.786 -310716 571.856 164886 72.5342 72.5342 36.1883 120
13500 625.779 -310718 259.511 164884 72.5338 72.5338 36.1881 120
13550 622.582 -310710 -129.469 164882 72.5335 72.5335 36.188 120
13600 622.153 -310709 -626.332 164879 72.5332 72.5332 36.1878 120
13650 629.501 -310722 -1080.01 164877 72.5329 72.5329 36.1877 120
13700 629.519 -310721 -1287.12 164875 72.5325 72.5325 36.1875 120
13750 625.461 -310712 -1378.39 164873 72.5322 72.5322 36.1873 120
13800 623.887 -310707 -1334.17 164870 72.5318 72.5318 36.1871 120
13850 624.103 -310707 -1062.11 164868 72.5315 72.5315 36.187 120
13900 624.33 -310706 -810.857 164865 72.5311 72.5311 36.1868 120
13950 624.177 -310706 -688.514 164863 72.5307 72.5307 36.1866 120
14000 629.184 -310714 -712.851 164860 72.5304 72.5304 36.1864 120
14050 628.833 -310713 -613.103 164858 72.53 72.53 36.1862 120
14100 625.204 -310706 -674.028 164855 72.5296 72.5296 36.186 120
14150 627.999 -310710 -687.231 164853 72.5292 72.5292 36.1859 120
14200 626.263 -310706 -283.54 164850 72.5289 72.5289 36.1857 120
14250 625.437 -310705 -251.56 164847 72.5285 72.5285 36.1855 120
14300 630.629 -310714 -440.674 164845 72.5281 72.5281 36.1853 120
14350 631.435 -310716 -569.32 164842 72.5277 72.5277 36.1851 120
14400 625.391 -310704 -583.903 164840 72.5274 72.5274 36.1849 120
14450 629.897 -310713 -558.298 164837 72.527 72.527 36.1847 120
14500 632.494 -310718 -413.162 164835 72.5266 72.5266 36.1845 120
14550 631.5 -310716 -257.642 164832 72.5262 72.5262 36.1844 120
14600 626.822 -310707 25.6918 164830 72.5259 72.5259 36.1842 120
14650 628.059 -310710 -191.435 164827 72.5255 72.5255 36.184 120
14700 629.961 -310715 -542.903 164825 72.5251 72.5251 36.1838 120
14750 627.389 -310710 -884.8 164822 72.5248 72.5248 36.1836 120
14800 625.529 -310706 -1095.16 164820 72.5244 72.5244 36.1834 120
14850 625.244 -310707 -1046.17 164817 72.524 72.524 36.1832 120
14900 622.639 -310701 -853.631 164814 72.5236 72.5236 36.1831 120
14950 625.572 -310708 -917.342 164812 72.5232 72.5232 36.1829 120
15000 623.644 -310705 -875.669 164809 72.5229 72.5229 36.1827 120
15050 621.502 -310702 -495.441 164806 72.5225 72.5225 36.1825 120
15100 629.744 -310719 -56.4496 164804 72.5221 72.5221 36.1823 120
15150 626.148 -310713 368.559 164801 72.5217 72.5217 36.1821 120
15200 621.793 -310706 369.485 164798 72.5213 72.5213 36.1819 120
15250 625.995 -310715 201.759 164796 72.5209 72.5209 36.1817 120
15300 626.859 -310717 113.05 164793 72.5206 72.5206 36.1815 120
15350 626.208 -310717 147.279 164791 72.5202 72.5202 36.1813 120
15400 629.553 -310724 17.2545 164788 72.5198 72.5198 36.1812 120
15450 628.604 -310723 -121.993 164786 72.5195 72.5195 36.181 120
15500 627.048 -310722 -246.848 164784 72.5191 72.5191 36.1808 120
15550 623.318 -310716 -153.085 164781 72.5188 72.5188 36.1806 120
15600 620.595 -310712 4.34201 164779 72.5184 72.5184 36.1805 120
15650 622.565 -310717 -251.889 164777 72.5181 72.5181 36.1803 120
15700 623.357 -310720 -686.015 164774 72.5177 72.5177 36.1801 120
15750 625.007 -310725 -910.878 164772 72.5174 72.5174 36.1799 120
15800 624.214 -310726 -840.162 164770 72.5171 72.5171 36.1798 120
15850 623.367 -310726 -754.996 164767 72.5167 72.5167 36.1796 120
15900 628.216 -310737 -730.415 164765 72.5163 72.5164 36.1794 120
15950 626.537 -310735 -277.897 164762 72.516 72.516 36.1792 120
16000 623.628 -310731 257.866 164760 72.5156 72.5156 36.1791 120
16050 622.455 -310731 533.494 164757 72.5153 72.5153 36.1789 120
16100 621.181 -310730 698.542 164755 72.5149 72.5149 36.1787 120
16150 626.58 -310741 873.353 164753 72.5146 72.5146 36.1786 120
16200 623.859 -310738 1156.31 164751 72.5143 72.5143 36.1784 120
16250 619.984 -310732 944.217 164749 72.514 72.514 36.1782 120
16300 618.277 -310731 659.713 164747 72.5137 72.5137 36.1781 120
16350 620.051 -310736 420.138 164745 72.5134 72.5134 36.178 120
16400 615.829 -310730 75.6987 164743 72.5131 72.5131 36.1778 120
16450 610.847 -310722 -103.605 164741 72.5129 72.5129 36.1777 120
16500 617.758 -310737 -126.501 164739 72.5126 72.5126 36.1775 120
16550 620.094 -310744 92.1105 164737 72.5123 72.5123 36.1774 120
16600 618.627 -310742 410.252 164735 72.5121 72.5121 36.1773 120
16650 619.13 -310745 483.268 164734 72.5118 72.5118 36.1772 120
16700 614.011 -310736 788.388 164732 72.5115 72.5115 36.177 120
16750 618.966 -310747 889.81 164730 72.5113 72.5113 36.1769 120
16800 621.594 -310753 868.048 164729 72.5111 72.5111 36.1768 120
16850 615.502 -310743 1103.2 164727 72.5109 72.5109 36.1767 120
16900 613.224 -310740 1270.5 164726 72.5107 72.5107 36.1766 120
16950 613.569 -310742 1055.79 164725 72.5105 72.5105 36.1765 120
17000 612.991 -310742 976.305 164723 72.5103 72.5103 36.1764 120
17050 608.46 -310735 1652.98 164722 72.5101 72.5101 36.1763 120
17100 612.769 -310744 2056.9 164721 72.51 72.51 36.1762 120
17150 617.663 -310755 1921.09 164720 72.5098 72.5098 36.1762 120
17200 616.131 -310753 1635.34 164719 72.5097 72.5097 36.1761 120
17250 613.669 -310749 1384.89 164719 72.5096 72.5096 36.1761 120
17300 610.759 -310745 1233.15 164718 72.5095 72.5095 36.176 120
17350 610.596 -310745 1070.51 164718 72.5095 72.5095 36.176 120
17400 612.859 -310750 776.206 164717 72.5094 72.5094 36.176 120
17450 614.752 -310755 671.915 164717 72.5094 72.5094 36.1759 120
17500 614.176 -310754 1028.88 164717 72.5093 72.5093 36.1759 120
17550 615.244 -310756 1457.14 164716 72.5093 72.5093 36.1759 120
17600 615.166 -310757 1715.95 164716 72.5093 72.5093 36.1759 120
17650 615.135 -310757 1700.39 164716 72.5093 72.5093 36.1759 120
17700 609.963 -310748 1791.28 164716 72.5093 72.5093 36.1759 120
17750 609.97 -310748 1673.43 164717 72.5093 72.5093 36.1759 120
17800 611.766 -310752 1326.93 164717 72.5093 72.5093 36.1759 120
17850 611.127 -310751 929.322 164717 72.5094 72.5094 36.176 120
17900 610.502 -310750 705.448 164718 72.5095 72.5095 36.176 120
17950 611.156 -310751 876.123 164718 72.5095 72.5095 36.176 120
18000 614.851 -310759 1042.49 164719 72.5096 72.5096 36.1761 120
18050 611.657 -310752 1197.86 164719 72.5097 72.5097 36.1761 120
18100 613.244 -310755 1151.36 164720 72.5098 72.5098 36.1761 120
18150 615.479 -310759 1023.81 164721 72.5099 72.5099 36.1762 120
18200 610.198 -310748 1070.16 164721 72.51 72.51 36.1763 120
18250 610.78 -310749 1038.18 164722 72.5101 72.5101 36.1763 120
18300 612.928 -310752 968.786 164723 72.5103 72.5103 36.1764 120
18350 613.192 -310752 1021.08 164724 72.5104 72.5104 36.1765 120
18400 613.954 -310753 1488.92 164725 72.5106 72.5106 36.1765 120
18450 611.892 -310748 2125.03 164726 72.5107 72.5107 36.1766 120
18500 615.187 -310754 2136.22 164728 72.5109 72.5109 36.1767 120
18550 617.864 -310758 2031.16 164729 72.5111 72.5111 36.1768 120
18600 614.785 -310751 2444.36 164730 72.5113 72.5113 36.1769 120
18650 619.11 -310759 2690.46 164732 72.5115 72.5115 36.177 120
18700 614.858 -310750 2863.79 164734 72.5118 72.5118 36.1772 120
18750 612.072 -310743 2726.84 164736 72.5121 72.5121 36.1773 120
18800 618.744 -310755 2119.08 164738 72.5124 72.5124 36.1774 120
18850 616.284 -310749 1502.56 164740 72.5127 72.5127 36.1776 120
18900 613.142 -310742 1097.5 164742 72.513 72.513 36.1778 120
18950 609.918 -310735 1273.98 164744 72.5134 72.5134 36.1779 120
19000 610.247 -310735 1381.72 164747 72.5137 72.5137 36.1781 120
19050 613.945 -310741 1364.37 164749 72.5141 72.5141 36.1783 120
19100 616.254 -310743 1088.88 164752 72.5144 72.5144 36.1785 120
19150 616.834 -310743 388.021 164754 72.5148 72.5148 36.1787 120
19200 617.487 -310743 -8.10586 164757 72.5152 72.5152 36.1788 120
19250 615.348 -310737 321.739 164759 72.5155 72.5155 36.179 120
19300 619.263 -310743 485.969 164762 72.5159 72.5159 36.1792 120
19350 624.071 -310751 261.301 164764 72.5163 72.5163 36.1794 120
19400 622.929 -310748 268.44 164767 72.5167 72.5167 36.1796 120
19450 623.988 -310748 466.775 164769 72.517 72.517 36.1798 120
19500 620.252 -310740 685.106 164772 72.5174 72.5174 36.1799 120
19550 620.154 -310738 780.012 164774 72.5178 72.5178 36.1801 120
19600 625.016 -310746 775.005 164777 72.5181 72.5181 36.1803 120
19650 621.806 -310739 852.715 164779 72.5185 72.5185 36.1805 120
19700 615.657 -310725 999.724 164782 72.5189 72.5189 36.1807 120
19750 618.102 -310728 851.117 164785 72.5193 72.5193 36.1809 120
19800 621.146 -310733 279.166 164787 72.5197 72.5197 36.1811 120
19850 622.729 -310734 -447.856 164790 72.52 72.52 36.1813 120
19900 620.167 -310729 -498.578 164792 72.5204 72.5204 36.1815 120
19950 620.735 -310729 -260.651 164795 72.5208 72.5208 36.1816 120
20000 628.917 -310743 -605.315 164797 72.5212 72.5212 36.1818 120
20050 624.274 -310733 -784.697 164800 72.5215 72.5215 36.182 120
20100 624.345 -310732 -1123.08 164802 72.5219 72.5219 36.1822 120
20150 624.077 -310730 -1191.95 164805 72.5222 72.5222 36.1823 120
20200 621.642 -310724 -971.186 164807 72.5225 72.5225 36.1825 120
20250 627.503 -310734 -1007.46 164809 72.5228 72.5228 36.1826 120
20300 626.447 -310731 -692.109 164811 72.5231 72.5231 36.1828 120
20350 624.294 -310726 -227.502 164813 72.5234 72.5234 36.1829 120
20400 619.559 -310716 224.192 164815 72.5237 72.5237 36.1831 120
20450 623.2 -310722 129.262 164816 72.5239 72.5239 36.1832 120
20500 625.9 -310727 -13.0321 164818 72.5242 72.5242 36.1833 120
20550 623.148 -310721 146.565 164820 72.5245 72.5245 36.1835 120
20600 628.364 -310730 357.52 164822 72.5248 72.5248 36.1836 120
20650 631.378 -310735 778.743 164824 72.525 72.525 36.1838 120
20700 627.217 -310727 1244.68 164826 72.5253 72.5253 36.1839 120
20750 625.102 -310722 1393.15 164828 72.5256 72.5256 36.184 120
20800 628.593 -310728 1286.01 164830 72.5259 72.5259 36.1842 120
20850 627.817 -310726 1034.26 164832 72.5262 72.5262 36.1843 120
20900 624.672 -310719 432.533 164834 72.5265 72.5265 36.1845 120
20950 627.665 -310725 -307.238 164836 72.5268 72.5268 36.1847 120
21000 632.137 -310733 -563.973 164838 72.5271 72.5271 36.1848 120
21050 630.808 -310731 -213.108 164840 72.5274 72.5274 36.185 120
21100 631.859 -310733 -142.422 164842 72.5277 72.5277 36.1851 120
21150 631.465 -310733 -642.607 164844 72.528 72.528 36.1852 120
21200 624.88 -310720 -1122.12 164846 72.5283 72.5283 36.1854 120
21250 620.846 -310712 -1208.92 164848 72.5286 72.5286 36.1855 120
21300 623.634 -310718 -1022.34 164850 72.5288 72.5288 36.1856 120
21350 629.663 -310730 -790.087 164851 72.5291 72.5291 36.1858 120
21400 626.934 -310725 -176.572 164853 72.5293 72.5293 36.1859 120
21450 627.128 -310726 416.459 164855 72.5295 72.5295 36.186 120
21500 626.385 -310725 773.645 164856 72.5298 72.5298 36.1861 120
21550 626.809 -310727 780.608 164858 72.53 72.53 36.1862 120
21600 628.587 -310731 719.483 164859 72.5302 72.5302 36.1863 120
21650 631.671 -310737 653.305 164861 72.5305 72.5305 36.1865 120
21700 627.98 -310731 820.104 164863 72.5307 72.5307 36.1866 120
21750 624.213 -310725 653.556 164864 72.531 72.531 36.1867 120
21800 624.296 -310726 46.579 164866 72.5312 72.5312 36.1868 120
21850 620.258 -310719 -418.821 164868 72.5315 72.5315 36.187 120
21900 626.701 -310733 -920.899 164870 72.5317 72.5317 36.1871 120
21950 624.626 -310730 -559.825 164871 72.532 72.532 36.1872 120
22000 624.736 -310731 -28.9895 164873 72.5322 72.5322 36.1873 120
22050 630.003 -310742 351.436 164874 72.5324 72.5324 36.1874 120
22100 627.489 -310739 829.549 164876 72.5327 72.5327 36.1876 120
22150 623.637 -310732 1093.61 164878 72.5329 72.5329 36.1877 120
22200 623.318 -310733 1264.63 164879 72.5331 72.5331 36.1878 120
22250 623.771 -310736 1523.4 164881 72.5334 72.5334 36.1879 120
22300 622.754 -310735 1484.09 164883 72.5337 72.5337 36.1881 120
22350 623.025 -310737 1176.19 164885 72.5339 72.5339 36.1882 120
22400 621.606 -310736 1228.85 164887 72.5342 72.5342 36.1883 120
22450 624.698 -310743 1043.25 164889 72.5345 72.5345 36.1885 120
22500 623.783 -310743 700.143 164891 72.5348 72.5348 36.1886 120
22550 624.459 -310746 27.0153 164893 72.5351 72.5351 36.1888 120
22600 617.556 -310734 -329.335 164895 72.5354 72.5354 36.1889 120
22650 615.696 -310732 -562.803 164897 72.5357 72.5357 36.1891 120
22700 617.941 -310738 -552.195 164899 72.536 72.536 36.1892 120
22750 617.853 -310740 -252.868 164901 72.5363 72.5363 36.1894 120
22800 619.821 -310745 -348.602 164902 72.5366 72.5366 36.1895 120
22850 618.148 -310744 -442.334 164904 72.5368 72.5368 36.1896 120
22900 618.995 -310747 -491.802 164906 72.5371 72.5371 36.1898 120
22950 616.346 -310743 -450.056 164908 72.5373 72.5373 36.1899 120
23000 617.463 -310747 -659.292 164909 72.5376 72.5376 36.19 120
23050 616.147 -310745 -615.828 164911 72.5378 72.5378 36.1901 120
23100 615.601 -310746 -567.204 164913 72.5381 72.5381 36.1903 120
23150 618.646 -310753 -666.195 164914 72.5383 72.5383 36.1904 120
23200 617.509 -310752 -347.234 164916 72.5385 72.5385 36.1905 120
23250 621.319 -310761 -153.57 164917 72.5387 72.5387 36.1906 120
23300 624.518 -310768 -291.724 164919 72.5389 72.5389 36.1907 120
23350 615.082 -310751 -234.122 164920 72.5391 72.5391 36.1908 120
23400 610.367 -310743 -86.7186 164921 72.5393 72.5393 36.1909 120
23450 614.207 -310751 310.935 164923 72.5395 72.5395 36.191 120
23500 621.198 -310766 683.196 164924 72.5397 72.5397 36.1911 120
23550 616.588 -310758 775.732 164925 72.5399 72.5399 36.1912 120
23600 614.913 -310756 254.699 164927 72.5401 72.5401 36.1913 120
23650 616.526 -310761 -268.831 164928 72.5403 72.5403 36.1914 120
23700 612.946 -310755 -680.591 164930 72.5405 72.5405 36.1915 120
23750 609.326 -310748 -1272.66 164931 72.5407 72.5407 36.1916 120
23800 610.797 -310752 -1846.55 164932 72.5409 72.5409 36.1917 120
23850 613.477 -310757 -2165.56 164933 72.5411 72.5411 36.1918 120
23900 612.091 -310756 -2225.85 164934 72.5412 72.5412 36.1918 120
23950 615.081 -310762 -2383.85 164935 72.5413 72.5413 36.1919 120
24000 615.266 -310763 -2353.13 164936 72.5414 72.5414 36.1919 120
24050 613.769 -310761 -2322.24 164936 72.5415 72.5415 36.192 120
24100 610.542 -310755 -2042.64 164936 72.5415 72.5415 36.192 120
24150 608.891 -310752 -1299.56 164937 72.5416 72.5416 36.192 120
24200 610.789 -310756 -286.656 164937 72.5416 72.5416 36.192 120
24250 614.934 -310764 388.998 164937 72.5416 72.5416 36.192 120
24300 613.084 -310760 607.559 164937 72.5416 72.5416 36.192 120
24350 614.615 -310763 453.789 164937 72.5417 72.5417 36.192 120
24400 617.07 -310768 -115.673 164937 72.5417 72.5417 36.1921 120
24450 610.212 -310755 -644.577 164938 72.5417 72.5417 36.1921 120
24500 609.815 -310754 -865.744 164938 72.5417 72.5417 36.1921 120
24550 614.146 -310762 -728.572 164938 72.5417 72.5417 36.1921 120
24600 614.111 -310762 -543.718 164938 72.5417 72.5417 36.1921 120
24650 616.374 -310766 -558.352 164938 72.5417 72.5417 36.1921 120
24700 619.432 -310771 -855.689 164938 72.5417 72.5417 36.1921 120
24750 612.841 -310759 -1054.21 164938 72.5417 72.5417 36.1921 120
24800 612.99 -310758 -946.532 164938 72.5417 72.5417 36.1921 120
24850 614.633 -310761 -569.282 164937 72.5417 72.5417 36.1921 120
24900 613.135 -310758 -365.217 164937 72.5416 72.5416 36.192 120
24950 611.198 -310753 -44.3746 164937 72.5416 72.5416 36.192 120
25000 611.553 -310753 210.084 164937 72.5416 72.5416 36.192 120
25050 613.759 -310756 118.398 164936 72.5415 72.5415 36.192 120
25100 616.758 -310761 283.077 164936 72.5415 72.5415 36.192 120
25150 617.562 -310761 638.79 164936 72.5414 72.5414 36.1919 120
25200 618.123 -310761 429.766 164936 72.5414 72.5414 36.1919 120
25250 617.98 -310760 -264.253 164935 72.5414 72.5414 36.1919 120
25300 617.109 -310758 -693.009 164935 72.5414 72.5414 36.1919 120
25350 617.325 -310757 -897.086 164935 72.5413 72.5413 36.1919 120
25400 616.174 -310754 -876.616 164935 72.5413 72.5413 36.1919 120
25450 615.883 -310752 -556.978 164934 72.5413 72.5413 36.1918 120
25500 615.716 -310750 -217.718 164934 72.5412 72.5412 36.1918 120
25550 620.578 -310759 -389.919 164934 72.5411 72.5411 36.1918 120
25600 624.806 -310766 -789.142 164933 72.5411 72.5411 36.1918 120
25650 615.316 -310747 -789.24 164933 72.541 72.541 36.1917 120
25700 611.511 -310738 -1062.4 164932 72.541 72.541 36.1917 120
25750 611.657 -310738 -1258.39 164932 72.5409 72.5409 36.1917 120
25800 612.066 -310737 -868.115 164931 72.5408 72.5408 36.1916 120
25850 615.447 -310742 -331.427 164931 72.5407 72.5407 36.1916 120
25900 617.568 -310745 -212.025 164930 72.5406 72.5406 36.1915 120
25950 616.159 -310741 -193.088 164929 72.5405 72.5405 36.1915 120
26000 618.652 -310744 -9.46094 164929 72.5404 72.5404 36.1914 120
26050 624.673 -310754 229.305 164928 72.5403 72.5403 36.1914 120
26100 623.666 -310751 490.897 164927 72.5402 72.5402 36.1913 120
26150 624.095 -310750 398.911 164927 72.5401 72.5401 36.1913 120
26200 623.958 -310749 439.725 164926 72.54 72.54 36.1912 120
26250 619.868 -310740 1010.88 164925 72.5399 72.5399 36.1912 120
26300 619.702 -310739 1328.47 164925 72.5398 72.5398 36.1911 120
26350 621.591 -310741 1156.16 164924 72.5398 72.5398 36.1911 120
26400 620.531 -310737 1046.64 164924 72.5397 72.5397 36.1911 120
26450 624.178 -310743 1147.92 164924 72.5397 72.5397 36.1911 120
26500 625.963 -310745 1488.66 164924 72.5397 72.5397 36.1911 120
26550 624.376 -310741 1599.32 164924 72.5396 72.5396 36.191 120
26600 625.158 -310742 1064.04 164924 72.5396 72.5396 36.191 120
26650 629.068 -310749 123.561 164924 72.5397 72.5397 36.1911 120
26700 623.607 -310737 -215.661 164924 72.5397 72.5397 36.1911 120
26750 626.308 -310741 -601.295 164924 72.5397 72.5397 36.1911 120
26800 624.348 -310737 -822.724 164924 72.5397 72.5397 36.1911 120
26850 625.082 -310738 -797.823 164924 72.5397 72.5397 36.1911 120
26900 624.355 -310736 -242.963 164924 72.5397 72.5397 36.1911 120
26950 623.742 -310734 -31.2666 164924 72.5397 72.5397 36.1911 120
27000 624.733 -310735 -423.95 164924 72.5396 72.5396 36.191 120
27050 623.096 -310731 -891.493 164923 72.5396 72.5396 36.191 120
27100 627.833 -310739 -1410.52 164923 72.5396 72.5396 36.191 120
27150 625.578 -310734 -1181.39 164923 72.5396 72.5396 36.191 120
27200 626.587 -310736 -1078.36 164923 72.5395 72.5395 36.191 120
27250 629.287 -310741 -1150.82 164922 72.5395 72.5395 36.1909 120
27300 629.346 -310740 -1112.45 164922 72.5394 72.5394 36.1909 120
27350 624.522 -310731 -823.411 164921 72.5393 72.5393 36.1909 120
27400 626.452 -310734 -617.575 164921 72.5392 72.5392 36.1908 120
27450 627.826 -310737 -505.249 164920 72.5391 72.5391 36.1908 120
27500 626.196 -310733 -268.049 164919 72.539 72.539 36.1907 120
27550 629.396 -310740 -312.238 164919 72.5389 72.5389 36.1907 120
27600 626.701 -310735 -528.227 164918 72.5388 72.5388 36.1906 120
27650 628.3 -310738 -791.605 164917 72.5387 72.5387 36.1906 120
27700 625.755 -310733 -682.004 164917 72.5386 72.5386 36.1905 120
27750 629.667 -310741 -1069.06 164916 72.5385 72.5385 36.1905 120
27800 631.487 -310745 -1424.63 164915 72.5384 72.5384 36.1904 120
27850 627.931 -310739 -1454.3 164914 72.5383 72.5383 36.1903 120
27900 622.338 -310729 -1085.39 164913 72.5381 72.5381 36.1903 120
27950 618.334 -310722 -562.993 164912 72.5379 72.5379 36.1902 120
28000 622.016 -310729 -346.084 164911 72.5378 72.5378 36.1901 120
28050 630.07 -310745 -471.656 164910 72.5376 72.5376 36.19 120
28100 628.823 -310744 -568.862 164909 72.5375 72.5375 36.19 120
28150 622.28 -310732 -589.545 164907 72.5373 72.5373 36.1899 120
28200 623.278 -310734 -903.012 164906 72.5371 72.5371 36.1898 120
28250 624.599 -310738 -1254.15 164905 72.5369 72.5369 36.1897 120
28300 623.773 -310737 -1386.45 164904 72.5367 72.5367 36.1896 120
28350 626.119 -310743 -1224.23 164902 72.5365 72.5365 36.1895 120
28400 623.395 -310738 -690.842 164901 72.5363 72.5363 36.1894 120
28450 621.316 -310735 -356.221 164899 72.5361 72.5361 36.1893 120
28500 619.51 -310733 -222.529 164898 72.5359 72.5359 36.1892 120
28550 622.014 -310739 -180.034 164896 72.5357 72.5357 36.1891 120
28600 624.539 -310745 -50.5966 164895 72.5354 72.5354 36.1889 120
28650 625.433 -310747 -62.7358 164893 72.5352 72.5352 36.1888 120
28700 623.176 -310744 -331.59 164892 72.535 72.535 36.1887 120
28750 621.29 -310741 -748.415 164890 72.5348 72.5348 36.1886 120
28800 623.182 -310746 -953.887 164889 72.5346 72.5346 36.1885 120
28850 624.315 -310750 -905.804 164887 72.5343 72.5343 36.1884 120
28900 621.898 -310746 -794.998 164886 72.5341 72.5341 36.1883 120
28950 621.442 -310747 -670.672 164884 72.5339 72.5339 36.1882 120
29000 621.238 -310748 -294.914 164882 72.5336 72.5336 36.188 120
29050 620.471 -310747 344.611 164881 72.5334 72.5334 36.1879 120
29100 623.517 -310754 892.375 164879 72.5331 72.5331 36.1878 120
29150 624.049 -310756 1166.91 164877 72.5329 72.5329 36.1877 120
29200 616.477 -310743 1553.2 164876 72.5327 72.5327 36.1876 120
29250 616.758 -310745 1704.14 164875 72.5325 72.5325 36.1875 120
29300 621.017 -310754 1602.6 164873 72.5323 72.5323 36.1874 120
29350 625.528 -310764 1312.06 164872 72.5321 72.5321 36.1873 120
29400 620.43 -310755 1110.6 164871 72.532 72.532 36.1872 120
29450 611.987 -310741 1193.58 164870 72.5318 72.5318 36.1871 120
29500 616.249 -310750 1248.29 164869 72.5317 72.5317 36.1871 120
29550 623.672 -310765 1284.86 164868 72.5316 72.5316 36.187 120
29600 624.536 -310768 1213.84 164868 72.5315 72.5315 36.187 120
29650 618.787 -310759 908.856 164867 72.5314 72.5314 36.1869 120
29700 615.919 -310755 351.329 164866 72.5313 72.5313 36.1869 120
29750 616.063 -310756 -198.903 164866 72.5312 72.5312 36.1868 120
29800 614.11 -310754 -460.649 164865 72.5311 72.5311 36.1868 120
29850 617.166 -310761 -498.269 164865 72.531 72.531 36.1867 120
29900 619.302 -310766 60.6003 164864 72.5309 72.5309 36.1867 120
29950 619.279 -310767 817.329 164864 72.5309 72.5309 36.1867 120
30000 619.743 -310769 1155 164863 72.5308 72.5308 36.1866 120
30050 612.347 -310756 1584.48 164863 72.5307 72.5307 36.1866 120
30100 611.014 -310753 1723.98 164862 72.5307 72.5307 36.1866 120
30150 610.787 -310754 1804.48 164862 72.5306 72.5306 36.1865 120
30200 614.044 -310761 1700.08 164862 72.5306 72.5306 36.1865 120
30250 621.293 -310776 1176.94 164862 72.5306 72.5306 36.1865 120
30300 619.99 -310774 724.36 164862 72.5306 72.5306 36.1865 120
30350 612.878 -310761 796.31 164862 72.5306 72.5306 36.1865 120
30400 615.242 -310767 706.325 164862 72.5307 72.5307 36.1866 120
30450 615.361 -310767 245.848 164862 72.5307 72.5307 36.1866 120
30500 613.814 -310765 60.3462 164863 72.5307 72.5307 36.1866 120
30550 615.89 -310769 413.58 164863 72.5307 72.5307 36.1866 120
30600 613.999 -310766 792.208 164863 72.5308 72.5308 36.1866 120
30650 613.683 -310766 851.568 164863 72.5308 72.5308 36.1866 120
30700 613.477 -310766 1078.38 164864 72.5309 72.5309 36.1867 120
30750 611.557 -310763 1503.34 164864 72.5309 72.5309 36.1867 120
30800 611.471 -310763 2097.86 164865 72.531 72.531 36.1867 120
30850 611.052 -310763 2749.71 164865 72.5311 72.5311 36.1868 120
30900 615.106 -310770 2785.34 164866 72.5312 72.5312 36.1868 120
30950 617.061 -310774 2304.67 164867 72.5314 72.5314 36.1869 120
31000 613.051 -310766 1867.29 164868 72.5315 72.5315 36.187 120
31050 609.506 -310759 1778.58 164869 72.5317 72.5317 36.1871 120
31100 607.119 -310754 1853.5 164871 72.5319 72.5319 36.1872 120
31150 610.341 -310761 1861.45 164872 72.5321 72.5321 36.1873 120
31200 613.791 -310767 1838.17 164874 72.5323 72.5323 36.1874 120
31250 617.347 -310773 1398.14 164875 72.5326 72.5326 36.1875 120
31300 618.52 -310774 929.773 164877 72.5328 72.5328 36.1876 120
31350 618.035 -310773 783.233 164879 72.5331 72.5331 36.1878 120
31400 615.444 -310768 655.342 164881 72.5333 72.5333 36.1879 120
31450 611.905 -310761 450.023 164882 72.5336 72.5336 36.188 120
31500 612.493 -310761 367.481 164884 72.5339 72.5339 36.1882 120
31550 617.549 -310770 213.604 164886 72.5342 72.5342 36.1883 120
31600 611.774 -310758 494.639 164888 72.5344 72.5344 36.1884 120
31650 613.41 -310760 716.343 164890 72.5347 72.5347 36.1886 120
31700 619.16 -310771 789.422 164892 72.535 72.535 36.1887 120
31750 615.237 -310762 1027.86 164894 72.5353 72.5353 36.1889 120
31800 614.879 -310761 1090.76 164896 72.5356 72.5356 36.189 120
31850 614.796 -310759 938.37 164898 72.5359 72.5359 36.1892 120
31900 617.87 -310764 262.718 164900 72.5362 72.5362 36.1893 120
31950 617.744 -310763 -78.5151 164902 72.5365 72.5365 36.1895 120
32000 616.474 -310759 106.805 164904 72.5368 72.5368 36.1896 120
32050 622.344 -310769 195.101 164906 72.5371 72.5371 36.1898 120
32100 620.616 -310765 311.211 164908 72.5374 72.5374 36.1899 120
32150 620.266 -310763 411.741 164910 72.5377 72.5377 36.1901 120
32200 621.084 -310764 713.592 164912 72.538 72.538 36.1902 120
32250 620.085 -310761 792.818 164914 72.5383 72.5383 36.1904 120
32300 614.891 -310750 546.401 164916 72.5386 72.5386 36.1905 120
32350 614.377 -310748 165.648 164919 72.5389 72.5389 36.1907 120
32400 618.742 -310755 -53.1982 164921 72.5392 72.5392 36.1908 120
32450 618.686 -310755 -51.3353 164923 72.5395 72.5395 36.191 120
32500 621.724 -310759 -15.8095 164925 72.5398 72.5399 36.1911 120
32550 622.16 -310759 342.566 164927 72.5402 72.5402 36.1913 120
32600 619.201 -310752 853.411 164929 72.5405 72.5405 36.1915 120
32650 621.989 -310756 778.076 164931 72.5408 72.5408 36.1916 120
32700 619.942 -310751 376.711 164933 72.5411 72.5411 36.1918 120
32750 612.053 -310735 269.802 164936 72.5414 72.5414 36.1919 120
32800 617.262 -310744 -24.6244 164938 72.5417 72.5417 36.1921 120
32850 616.948 -310742 -110.57 164940 72.542 72.542 36.1922 120
32900 616.688 -310740 -70.8488 164942 72.5424 72.5424 36.1924 120
32950 625.195 -310755 -287.811 164944 72.5427 72.5427 36.1926 120
33000 628.546 -310760 -593.685 164946 72.543 72.543 36.1927 120
33050 627.185 -310757 -814.398 164948 72.5433 72.5433 36.1929 120
33100 625.254 -310752 -632.84 164950 72.5436 72.5436 36.193 120
33150 629.065 -310759 -374.075 164952 72.5438 72.5438 36.1931 120
33200 624.345 -310748 9.08126 164954 72.5441 72.5441 36.1933 120
33250 617.472 -310734 618.01 164956 72.5444 72.5444 36.1934 120
33300 622.907 -310743 948.725 164958 72.5447 72.5447 36.1935 120
33350 628.113 -310753 880.371 164960 72.5449 72.5449 36.1937 120
33400 625.698 -310747 618.57 164962 72.5452 72.5452 36.1938 120
33450 620.821 -310737 309.012 164964 72.5455 72.5455 36.194 120
33500 622.665 -310740 -143.282 164966 72.5458 72.5458 36.1941 120
33550 625.928 -310745 -484.736 164967 72.5461 72.5461 36.1943 120
33600 622.851 -310739 -258.664 164969 72.5464 72.5464 36.1944 120
33650 625.205 -310743 -137.862 164971 72.5466 72.5466 36.1945 120
33700 624.677 -310741 -51.1293 164973 72.5469 72.5469 36.1947 120
33750 626.665 -310744 108.956 164975 72.5472 72.5472 36.1948 120
33800 628.307 -310747 557.787 164977 72.5475 72.5475 36.1949 120
33850 629.676 -310749 759.087 164979 72.5477 72.5477 36.1951 120
33900 625.821 -310741 801.708 164981 72.548 72.548 36.1952 120
33950 624.085 -310738 736 164983 72.5483 72.5483 36.1954 120
34000 628.564 -310747 473.034 164985 72.5486 72.5486 36.1955 120
34050 630.098 -310749 278.334 164986 72.5489 72.5489 36.1956 120
34100 625.593 -310741 302.089 164988 72.5492 72.5492 36.1958 120
34150 623.991 -310738 -20.1175 164990 72.5495 72.5495 36.1959 120
34200 623.032 -310737 -556.751 164992 72.5497 72.5497 36.1961 120
34250 625.286 -310741 -963.984 164994 72.55 72.55 36.1962 120
34300 627.902 -310746 -1007.31 164996 72.5503 72.5503 36.1964 120
34350 628.788 -310748 -867.171 164998 72.5506 72.5506 36.1965 120
34400 626.121 -310743 -581.165 165000 72.5508 72.5508 36.1966 120
34450 624.759 -310741 -411.835 165001 72.551 72.551 36.1967 120
34500 629.331 -310750 -410.404 165003 72.5513 72.5513 36.1969 120
34550 626.16 -310745 -52.9066 165004 72.5515 72.5515 36.197 120
34600 625.803 -310745 -80.098 165006 72.5517 72.5517 36.1971 120
34650 625.04 -310744 -333.866 165008 72.552 72.552 36.1972 120
34700 626.7 -310748 -690.577 165009 72.5522 72.5522 36.1973 120
34750 626.427 -310748 -1036.91 165011 72.5524 72.5524 36.1974 120
34800 625.026 -310746 -1197.72 165012 72.5526 72.5526 36.1975 120
34850 621.322 -310739 -873.516 165013 72.5528 72.5528 36.1976 120
34900 621.246 -310740 -647.215 165014 72.553 72.553 36.1977 120
34950 623.706 -310745 -643.522 165016 72.5531 72.5531 36.1978 120
35000 624.589 -310748 -624.106 165017 72.5533 72.5533 36.1979 120
35050 622.032 -310744 -620.564 165018 72.5535 72.5535 36.1979 120
35100 621.792 -310745 -816.79 165019 72.5536 72.5536 36.198 120
35150 626.638 -310755 -900.76 165020 72.5538 72.5538 36.1981 120
35200 627.377 -310758 -470.386 165021 72.5539 72.5539 36.1981 120
35250 625.277 -310755 -88.6755 165022 72.554 72.554 36.1982 120
35300 622.228 -310750 -38.0725 165022 72.5541 72.5541 36.1983 120
35350 619.756 -310747 -123.945 165023 72.5543 72.5543 36.1983 120
35400 620.134 -310748 -68.8295 165024 72.5544 72.5544 36.1984 120
35450 621.044 -310751 329.448 165025 72.5545 72.5545 36.1985 120
35500 622.146 -310754 613.306 165026 72.5546 72.5546 36.1985 120
35550 619.216 -310750 583.831 165027 72.5548 72.5548 36.1986 120
35600 617.182 -310747 146.133 165027 72.5549 72.5549 36.1986 120
35650 617.994 -310750 -241.571 165028 72.555 72.555 36.1987 120
35700 623.447 -310761 -355.23 165029 72.5551 72.5551 36.1988 120
35750 624.041 -310763 -455.701 165030 72.5553 72.5553 36.1988 120
35800 622.24 -310762 -672.515 165031 72.5554 72.5554 36.1989 120
35850 619.937 -310759 -609.529 165032 72.5555 72.5555 36.199 120
35900 617.749 -310756 -378.406 165032 72.5556 72.5556 36.199 120
35950 617.822 -310757 72.3891 165033 72.5557 72.5557 36.1991 120
36000 616.769 -310756 955.786 165034 72.5558 72.5558 36.1991 120
36050 618.275 -310760 1572.57 165035 72.5559 72.5559 36.1992 120
36100 614.365 -310753 1782.12 165035 72.556 72.556 36.1992 120
36150 614.672 -310755 1451.19 165036 72.5562 72.5562 36.1993 120
36200 615.336 -310757 1249.44 165037 72.5563 72.5563 36.1994 120
36250 616.625 -310761 1090.64 165038 72.5565 72.5565 36.1994 120
36300 615.588 -310760 920.546 165040 72.5567 72.5567 36.1995 120
36350 616.429 -310762 587.71 165041 72.5568 72.5568 36.1996 120
36400 620.93 -310772 263.544 165042 72.557 72.557 36.1997 120
36450 619.359 -310769 270.244 165043 72.5572 72.5572 36.1998 120
36500 618.498 -310769 38.1879 165045 72.5574 72.5574 36.1999 120
36550 615.696 -310764 -191.293 165046 72.5576 72.5576 36.2 120
36600 614.816 -310763 -459.912 165047 72.5578 72.5578 36.2001 120
36650 617.561 -310769 -737.245 165048 72.5579 72.5579 36.2002 120
36700 619.789 -310775 -818.222 165049 72.5581 72.5581 36.2002 120
36750 610.384 -310757 -404.345 165050 72.5583 72.5583 36.2003 120
36800 610.993 -310759 -356.567 165052 72.5584 72.5584 36.2004 120
36850 618.118 -310773 -643.759 165053 72.5586 72.5586 36.2005 120
36900 611.491 -310761 -657.958 165054 72.5587 72.5587 36.2005 120
36950 611.306 -310761 -849.084 165054 72.5588 72.5588 36.2006 120
37000 615.838 -310771 -1059.39 165055 72.559 72.559 36.2007 120
37050 614.8 -310769 -824.553 165056 72.5591 72.5591 36.2007 120
37100 615.956 -310771 -525.861 165057 72.5592 72.5592 36.2008 120
37150 615.9 -310771 -444.066 165057 72.5593 72.5593 36.2008 120
37200 615.899 -310771 -400.815 165058 72.5594 72.5594 36.2009 120
37250 617.774 -310775 -420.732 165059 72.5595 72.5595 36.2009 120
37300 617.516 -310775 -394.862 165059 72.5596 72.5596 36.201 120
37350 614.602 -310769 -251.433 165060 72.5596 72.5596 36.201 120
37400 618.429 -310776 -661.823 165060 72.5597 72.5597 36.2011 120
37450 612.228 -310764 -964.909 165061 72.5598 72.5598 36.2011 120
37500 611.453 -310763 -1102.36 165061 72.5598 72.5598 36.2011 120
37550 616.326 -310773 -845.717 165062 72.5599 72.5599 36.2011 120
37600 613.264 -310767 -104.45 165062 72.5599 72.5599 36.2012 120
37650 616.687 -310774 20.1473 165062 72.56 72.56 36.2012 120
37700 614.965 -310770 -178.192 165063 72.56 72.56 36.2012 120
37750 612.602 -310765 -415.713 165063 72.5601 72.5601 36.2012 120
37800 613.001 -310765 -344.552 165063 72.5601 72.5601 36.2013 120
37850 613.218 -310765 -100.124 165063 72.5601 72.5601 36.2013 120
37900 613.488 -310765 -133.73 165064 72.5602 72.5602 36.2013 120
37950 613.833 -310766 -484.931 165064 72.5602 72.5602 36.2013 120
38000 615.318 -310768 -804.64 165064 72.5602 72.5602 36.2013 120
38050 616.299 -310769 -1049.9 165064 72.5602 72.5602 36.2013 120
38100 616.042 -310767 -1300.6 165064 72.5602 72.5602 36.2013 120
38150 617.432 -310769 -1528.58 165064 72.5602 72.5602 36.2013 120
38200 614.979 -310764 -1598.76 165064 72.5602 72.5602 36.2013 120
38250 614.831 -310763 -1552.51 165064 72.5602 72.5602 36.2013 120
38300 619.405 -310771 -1564.44 165063 72.5601 72.5601 36.2013 120
38350 622.676 -310776 -1648.2 165063 72.5601 72.5601 36.2012 120
38400 619.426 -310770 -1427.84 165062 72.56 72.56 36.2012 120
38450 620.529 -310771 -1143.5 165062 72.5599 72.5599 36.2012 120
38500 616.337 -310762 -666.929 165061 72.5598 72.5598 36.2011 120
38550 616.26 -310760 -510.578 165060 72.5597 72.5597 36.2011 120
38600 617.979 -310763 -652.829 165060 72.5596 72.5596 36.201 120
38650 615.256 -310757 -610.471 165059 72.5595 72.5595 36.2009 120
38700 617.751 -310761 -393.596 165058 72.5594 72.5594 36.2009 120
38750 618.253 -310761 -104.296 165057 72.5592 72.5592 36.2008 120
38800 618.982 -310762 -24.118 165056 72.5591 72.5591 36.2008 120
38850 624.198 -310770 -83.5422 165055 72.559 72.559 36.2007 120
38900 621.029 -310763 17.5725 165055 72.5589 72.5589 36.2006 120
38950 615.456 -310751 -40.213 165054 72.5587 72.5587 36.2006 120
39000 623.706 -310766 -532.767 165053 72.5586 72.5586 36.2005 120
39050 627.24 -310772 -708.578 165052 72.5585 72.5585 36.2004 120
39100 625.917 -310768 -648.859 165051 72.5584 72.5584 36.2004 120
39150 623.466 -310762 -417.634 165050 72.5582 72.5582 36.2003 120
39200 620.738 -310757 -35.6244 165049 72.5581 72.5581 36.2002 120
39250 619.697 -310754 89.5931 165048 72.5579 72.558 36.2002 120
39300 618.42 -310752 41.1013 165047 72.5578 72.5578 36.2001 120
39350 621.196 -310756 40.8629 165047 72.5577 72.5577 36.2 120
39400 620.838 -310755 226.573 165046 72.5575 72.5575 36.2 120
39450 617.521 -310747 529.228 165045 72.5574 72.5574 36.1999 120
39500 620.137 -310751 685.574 165044 72.5573 72.5573 36.1998 120
39550 624.14 -310758 738.238 165043 72.5572 72.5572 36.1998 120
39600 626.799 -310762 864.371 165042 72.5571 72.5571 36.1997 120
39650 626.111 -310761 1008.12 165042 72.557 72.557 36.1997 120
39700 622.781 -310754 922.783 165041 72.5569 72.5569 36.1996 120
39750 623.253 -310753 754.216 165040 72.5568 72.5568 36.1996 120
39800 622.869 -310752 812.762 165040 72.5567 72.5567 36.1996 120
39850 621.212 -310748 743.23 165039 72.5566 72.5566 36.1995 120
39900 628.325 -310762 151.855 165039 72.5566 72.5566 36.1995 120
39950 627.106 -310759 34.3404 165039 72.5565 72.5565 36.1995 120
40000 622.911 -310751 27.4115 165038 72.5565 72.5565 36.1994 120
40050 621.627 -310748 -163.379 165038 72.5564 72.5564 36.1994 120
40100 620.985 -310747 -356.953 165038 72.5564 72.5564 36.1994 120
40150 622.631 -310750 -345.425 165037 72.5563 72.5563 36.1994 120
40200 624.375 -310753 -492.242 165037 72.5562 72.5562 36.1993 120
40250 621.881 -310747 -614.402 165036 72.5562 72.5562 36.1993 120
40300 623.932 -310751 -397.641 165036 72.5561 72.5561 36.1993 120
40350 623.928 -310751 46.8097 165035 72.556 72.556 36.1992 120
40400 624.928 -310752 264.274 165035 72.5559 72.5559 36.1992 120
40450 623.999 -310750 438.893 165034 72.5559 72.5559 36.1991 120
40500 624.882 -310752 251.631 165034 72.5558 72.5558 36.1991 120
40550 627.956 -310758 -104.6 165033 72.5557 72.5557 36.1991 120
40600 625.87 -310754 96.0634 165033 72.5557 72.5557 36.199 120
40650 625.219 -310753 232.535 165032 72.5556 72.5556 36.199 120
40700 626.817 -310756 -70.0733 165032 72.5556 72.5556 36.199 120
40750 624.359 -310751 -115.952 165032 72.5555 72.5555 36.199 120
40800 628.44 -310759 -214.419 165031 72.5554 72.5554 36.1989 120
40850 629.493 -310761 -467.258 165031 72.5554 72.5554 36.1989 120
40900 621.063 -310745 -322.997 165030 72.5553 72.5553 36.1989 120
40950 624.294 -310752 -434.298 165030 72.5552 72.5552 36.1988 120
41000 625.5 -310755 -578.97 165029 72.5552 72.5552 36.1988 120
41050 624.649 -310754 -570.133 165029 72.5551 72.5551 36.1987 120
41100 622.311 -310750 -258.483 165028 72.555 72.555 36.1987 120
41150 625.339 -310757 -82.8976 165028 72.5549 72.5549 36.1987 120
41200 623.823 -310754 291.827 165027 72.5548 72.5548 36.1986 120
41250 620.712 -310749 809.035 165027 72.5548 72.5548 36.1986 120
41300 620.537 -310749 1127.95 165026 72.5547 72.5547 36.1985 120
41350 622.674 -310754 1139.55 165026 72.5546 72.5546 36.1985 120
41400 624.231 -310758 1025.53 165025 72.5546 72.5546 36.1985 120
41450 618.806 -310748 899.429 165025 72.5545 72.5545 36.1985 120
