# Time-averaged data for fix 2
# TimeStep c_thermo_temp c_thermo_pe c_thermo_press v_myVol v_myCella v_myCellb v_myCellc v_myCellgamma
0 738.733 -310335 -4444.18 165270 72.5903 72.5903 36.2163 120
50 738.513 -310345 -3875.23 165226 72.5839 72.5839 36.2131 120
100 738.851 -310356 -4155.64 165183 72.5777 72.5777 36.21 120
150 737.544 -310363 -4616.2 165141 72.5716 72.5716 36.207 120
200 730.203 -310359 -4470.3 165101 72.5656 72.5656 36.204 120
250 729.94 -310369 -4324.49 165060 72.5597 72.5597 36.2011 120
300 733.467 -310385 -4576.58 165021 72.554 72.554 36.1982 120
350 729.238 -310387 -4881.63 164983 72.5484 72.5484 36.1954 120
400 727.215 -310393 -4953.43 164945 72.5428 72.5428 36.1926 120
450 725.213 -310399 -4794.16 164908 72.5374 72.5374 36.1899 120
500 724.719 -310408 -4876.92 164872 72.5321 72.5321 36.1873 120
550 721.634 -310412 -4331.14 164837 72.5269 72.5269 36.1847 120
600 723.369 -310425 -3624.8 164802 72.5218 72.5218 36.1822 120
650 722.676 -310434 -3023.2 164768 72.5168 72.5168 36.1797 120
700 719.832 -310438 -2660.67 164735 72.512 72.512 36.1772 120
750 713.059 -310435 -2407.17 164702 72.5072 72.5072 36.1748 120
800 709.332 -310436 -2055.87 164670 72.5025 72.5025 36.1725 120
850 707.833 -310443 -1648.31 164639 72.4979 72.4979 36.1702 120
900 704.564 -310446 -1283.96 164609 72.4935 72.4935 36.168 120
950 706.339 -310458 -956.279 164579 72.4891 72.4891 36.1658 120
1000 702.62 -310459 -125.766 164550 72.4849 72.4849 36.1637 120
1050 692.252 -310448 899.563 164522 72.4808 72.4808 36.1617 120
1100 694.088 -310460 1143.62 164495 72.4767 72.4767 36.1597 120
1150 700.354 -310480 434.158 164468 72.4728 72.4728 36.1577 120
1200 698.68 -310485 -691.118 164442 72.469 72.469 36.1558 120
1250 696.627 -310490 -1653.6 164417 72.4653 72.4653 36.154 120
1300 696.312 -310498 -2074.68 164392 72.4617 72.4617 36.1521 120
1350 690.958 -310496 -1987.51 164368 72.4581 72.4581 36.1504 120
1400 693.536 -310509 -1911.86 164344 72.4546 72.4546 36.1486 120
1450 693.614 -310517 -1520.8 164321 72.4512 72.4512 36.1469 120
1500 686.845 -310512 -904.173 164298 72.4479 72.4479 36.1453 120
1550 684.043 -310515 -57.9589 164276 72.4446 72.4446 36.1436 120
1600 683.632 -310522 795.026 164255 72.4414 72.4414 36.142 120
1650 678.525 -310519 1321.76 164233 72.4383 72.4383 36.1405 120
1700 675.297 -310521 2074.91 164213 72.4353 72.4353 36.139 120
1750 681.957 -310541 2756.29 164193 72.4324 72.4324 36.1375 120
1800 675.326 -310535 3222.76 164174 72.4296 72.4296 36.1361 120
1850 671.474 -310535 3231.32 164155 72.4268 72.4268 36.1348 120
1900 677.473 -310554 2970.88 164137 72.4242 72.4242 36.1335 120
1950 671.407 -310549 3046.42 164120 72.4217 72.4217 36.1322 120
2000 669.434 -310552 2939.79 164103 72.4192 72.4192 36.131 120
2050 667.872 -310556 2812.8 164087 72.4168 72.4168 36.1298 120
2100 669.504 -310566 2382.44 164072 72.4145 72.4145 36.1286 120
2150 673.225 -310579 2172.51 164057 72.4123 72.4123 36.1275 120
2200 667.888 -310576 2837.6 164042 72.4102 72.4102 36.1264 120
2250 667.587 -310582 3365.81 164028 72.4081 72.4081 36.1254 120
2300 667.469 -310588 3307.96 164014 72.4061 72.4061 36.1244 120
2350 663.201 -310586 2948.65 164001 72.4042 72.4042 36.1234 120
2400 660.105 -310587 2756.68 163989 72.4023 72.4023 36.1225 120
2450 656.06 -310585 2892.94 163976 72.4005 72.4005 36.1216 120
2500 657.291 -310593 2868.5 163965 72.3988 72.3988 36.1208 120
2550 656.426 -310597 2870.32 163953 72.3971 72.3971 36.1199 120
2600 651.29 -310593 3042.95 163943 72.3955 72.3955 36.1191 120
2650 650.61 -310598 3408.03 163932 72.394 72.394 36.1184 120
2700 650.006 -310602 4338.46 163922 72.3925 72.3925 36.1176 120
2750 649.85 -310608 5100.81 163913 72.3911 72.3911 36.1169 120
2800 650.64 -310614 5480.84 163904 72.3898 72.3898 36.1163 120
2850 654.331 -310626 5826.22 163895 72.3886 72.3886 36.1157 120
2900 650.052 -310624 6492.93 163887 72.3874 72.3874 36.1151 120
2950 649.585 -310628 6539.69 163880 72.3863 72.3863 36.1145 120
3000 648.718 -310631 6123.07 163873 72.3853 72.3853 36.114 120
3050 642.258 -310624 5513.54 163867 72.3844 72.3844 36.1136 120
3100 640.649 -310625 4505.34 163861 72.3835 72.3835 36.1131 120
3150 640.885 -310630 3887.3 163855 72.3827 72.3827 36.1127 120
3200 639.577 -310632 3900.97 163850 72.3819 72.3819 36.1124 120
3250 642.095 -310641 3950.14 163845 72.3812 72.3812 36.112 120
3300 644.083 -310650 4078.47 163841 72.3806 72.3806 36.1117 120
3350 642.251 -310651 4195.76 163837 72.38 72.38 36.1114 120
3400 636.492 -310644 4500.91 163833 72.3794 72.3794 36.1111 120
3450 639.505 -310655 4924.98 163830 72.3789 72.3789 36.1109 120
3500 639.679 -310659 5619.24 163827 72.3785 72.3785 36.1106 120
3550 639.015 -310661 6332.75 163824 72.3781 72.3781 36.1104 120
3600 642.541 -310672 6867.6 163822 72.3778 72.3778 36.1103 120
3650 636.027 -310664 7442.64 163820 72.3775 72.3775 36.1102 120
3700 630.181 -310656 7615.96 163819 72.3773 72.3773 36.1101 120
3750 632.397 -310664 7342.05 163818 72.3772 72.3772 36.11 120
3800 634.992 -310673 6594.42 163818 72.3772 72.3772 36.11 120
3850 629.901 -310667 5768.94 163818 72.3772 72.3772 36.11 120
3900 626.019 -310662 5316.89 163818 72.3773 72.3773 36.11 120
3950 627.227 -310667 5115.27 163819 72.3774 72.3774 36.1101 120
4000 632.076 -310680 4786.46 163820 72.3775 72.3775 36.1102 120
4050 630.512 -310679 4782.48 163822 72.3777 72.3777 36.1103 120
4100 627.368 -310676 5171.44 163823 72.378 72.378 36.1104 120
4150 625.755 -310675 5797.58 163825 72.3782 72.3782 36.1105 120
4200 626.644 -310680 6064.25 163827 72.3786 72.3786 36.1107 120
4250 621.02 -310672 5961.02 163830 72.3789 72.3789 36.1109 120
4300 621.205 -310675 5571.47 163833 72.3794 72.3794 36.1111 120
4350 620.717 -310676 5655.82 163836 72.3798 72.3798 36.1113 120
4400 620.974 -310679 5671.05 163839 72.3803 72.3803 36.1116 120
4450 621.531 -310682 5415.27 163843 72.3809 72.3809 36.1118 120
4500 619.856 -310680 5224.32 163847 72.3815 72.3815 36.1121 120
4550 619.114 -310679 5138.66 163851 72.3821 72.3821 36.1124 120
4600 622.313 -310686 5470.01 163856 72.3828 72.3828 36.1128 120
4650 626.617 -310696 5896.52 163861 72.3835 72.3835 36.1131 120
4700 619.036 -310682 6323.02 163866 72.3842 72.3842 36.1135 120
4750 625.493 -310696 5741.17 163871 72.385 72.385 36.1139 120
4800 627.319 -310700 5255.88 163876 72.3858 72.3858 36.1143 120
4850 626.149 -310698 5167.04 163882 72.3867 72.3867 36.1147 120
4900 627.1 -310701 5209.54 163888 72.3875 72.3875 36.1152 120
4950 626.911 -310702 5066.42 163895 72.3885 72.3885 36.1156 120
5000 626.614 -310702 4849.98 163901 72.3894 72.3894 36.1161 120
5050 629.849 -310708 4886.49 163908 72.3904 72.3904 36.1166 120
5100 627.804 -310704 5203.32 163914 72.3914 72.3914 36.1171 120
5150 624.27 -310697 5367.05 163921 72.3924 72.3924 36.1176 120
5200 626.116 -310701 5247.25 163929 72.3935 72.3935 36.1181 120
5250 624.517 -310698 5237.19 163936 72.3946 72.3946 36.1187 120
5300 621.637 -310692 5274.65 163944 72.3957 72.3957 36.1192 120
5350 625.499 -310699 4833 163952 72.3969 72.3969 36.1198 120
5400 629.055 -310705 4139.12 163960 72.398 72.398 36.1204 120
5450 623.29 -310693 3903.24 163968 72.3992 72.3992 36.121 120
5500 621.527 -310689 3883.23 163976 72.4005 72.4005 36.1216 120
5550 621.465 -310687 4030.04 163984 72.4017 72.4017 36.1222 120
5600 623.998 -310691 4066.06 163993 72.4029 72.4029 36.1228 120
5650 624.394 -310691 4043.22 164001 72.4042 72.4042 36.1235 120
5700 625.611 -310692 4226.28 164010 72.4055 72.4055 36.1241 120
5750 630.82 -310701 4490.45 164019 72.4067 72.4067 36.1247 120
5800 629.267 -310697 4698.5 164028 72.4081 72.4081 36.1254 120
5850 630.504 -310697 4558.27 164037 72.4094 72.4094 36.1261 120
5900 629.84 -310694 4677.78 164046 72.4107 72.4107 36.1267 120
5950 628.433 -310690 4830.12 164055 72.4121 72.4121 36.1274 120
6000 624.439 -310681 4932.16 164065 72.4135 72.4135 36.1281 120
6050 627.468 -310685 4340.1 164074 72.4149 72.4149 36.1288 120
6100 629.936 -310687 3667.46 164084 72.4164 72.4164 36.1295 120
6150 630.519 -310687 3525.45 164094 72.4178 72.4178 36.1303 120
6200 629.85 -310683 3976.74 164104 72.4193 72.4193 36.131 120
6250 632.906 -310687 4462.5 164114 72.4207 72.4207 36.1317 120
6300 637.618 -310694 4499.11 164124 72.4222 72.4222 36.1325 120
6350 638.151 -310693 4167.73 164134 72.4237 72.4237 36.1332 120
6400 632.69 -310681 4034.94 164144 72.4252 72.4252 36.134 120
6450 632.741 -310679 4101.35 164155 72.4268 72.4268 36.1347 120
6500 634.73 -310681 4398.91 164165 72.4283 72.4283 36.1355 120
6550 634.605 -310678 4815.53 164176 72.4299 72.4299 36.1363 120
6600 637.166 -310681 5126.6 164187 72.4314 72.4314 36.1371 120
6650 640.313 -310685 5136.33 164198 72.433 72.433 36.1379 120
6700 635.323 -310673 5153.52 164209 72.4347 72.4347 36.1387 120
6750 635.941 -310672 4890.14 164220 72.4363 72.4363 36.1395 120
6800 637.21 -310673 4581.71 164231 72.438 72.438 36.1403 120
6850 633.949 -310664 4468.94 164242 72.4396 72.4396 36.1412 120
6900 638.537 -310672 4165.85 164254 72.4413 72.4413 36.142 120
6950 639.951 -310672 3872.63 164265 72.443 72.443 36.1428 120
7000 638.782 -310668 3689.03 164277 72.4448 72.4448 36.1437 120
7050 639.858 -310668 3747.03 164289 72.4465 72.4465 36.1446 120
7100 637.959 -310662 3838.87 164301 72.4482 72.4482 36.1454 120
7150 636.915 -310658 3633.62 164312 72.4499 72.4499 36.1463 120
7200 639.64 -310661 3334.5 164324 72.4517 72.4517 36.1472 120
7250 643.731 -310667 3121.5 164336 72.4534 72.4534 36.148 120
7300 644.5 -310667 3208.8 164348 72.4552 72.4552 36.1489 120
7350 644.769 -310666 3464.59 164360 72.4569 72.4569 36.1498 120
7400 648.198 -310671 3676.58 164372 72.4587 72.4587 36.1506 120
7450 651.964 -310676 3658.11 164384 72.4604 72.4604 36.1515 120
7500 648.852 -310669 3648.03 164396 72.4622 72.4622 36.1524 120
7550 647.346 -310665 3423.19 164408 72.464 72.464 36.1533 120
7600 647.897 -310665 2980.76 164420 72.4658 72.4658 36.1542 120
7650 644.28 -310657 2931.97 164432 72.4675 72.4675 36.1551 120
7700 638.657 -310645 2903.29 164444 72.4693 72.4693 36.156 120
7750 640.27 -310647 2304.91 164456 72.4711 72.4711 36.1568 120
7800 646.896 -310659 1613.09 164469 72.4729 72.4729 36.1577 120
7850 644.901 -310654 1547.08 164481 72.4746 72.4746 36.1586 120
7900 644.721 -310653 1697.15 164492 72.4764 72.4764 36.1595 120
7950 646.782 -310657 1477.71 164504 72.4781 72.4781 36.1604 120
8000 647.213 -310657 1099.1 164516 72.4799 72.4799 36.1612 120
8050 648.523 -310658 954.227 164528 72.4816 72.4816 36.1621 120
8100 646.959 -310655 864.228 164539 72.4833 72.4833 36.1629 120
8150 643.248 -310647 761.62 164551 72.4849 72.4849 36.1637 120
8200 651.899 -310664 356.77 164562 72.4866 72.4866 36.1646 120
8250 651.086 -310663 361.188 164573 72.4882 72.4882 36.1654 120
8300 647.788 -310656 638.502 164584 72.4898 72.4898 36.1662 120
8350 653.303 -310667 748.196 164595 72.4914 72.4914 36.167 120
8400 652.994 -310666 1079.22 164606 72.493 72.493 36.1678 120
8450 654.221 -310670 1212.59 164616 72.4946 72.4946 36.1686 120
8500 651.415 -310664 990.447 164627 72.4961 72.4962 36.1693 120
8550 645.413 -310654 567.744 164638 72.4977 72.4977 36.1701 120
8600 649.31 -310662 92.9101 164648 72.4992 72.4992 36.1709 120
8650 650.088 -310665 -425.136 164658 72.5007 72.5007 36.1716 120
8700 648.769 -310663 -882.645 164668 72.5022 72.5022 36.1724 120
8750 647.36 -310662 -712.938 164678 72.5036 72.5036 36.1731 120
8800 644.784 -310658 -366.441 164688 72.5051 72.5051 36.1738 120
8850 642.743 -310655 -444.63 164697 72.5065 72.5065 36.1745 120
8900 644.023 -310659 -549.3 164707 72.5078 72.5078 36.1752 120
8950 646.721 -310666 -438.16 164716 72.5092 72.5092 36.1758 120
9000 644.079 -310662 -110.674 164725 72.5105 72.5105 36.1765 120
9050 644.623 -310664 32.9841 164734 72.5118 72.5118 36.1772 120
9100 638.755 -310655 290.591 164742 72.5131 72.5131 36.1778 120
9150 640.631 -310660 235.388 164751 72.5144 72.5144 36.1784 120
9200 641.424 -310664 302.555 164760 72.5156 72.5156 36.1791 120
9250 641.738 -310666 261.35 164768 72.5169 72.5169 36.1797 120
9300 645.371 -310675 209.93 164776 72.5181 72.5181 36.1803 120
9350 646.379 -310678 341.37 164785 72.5193 72.5193 36.1809 120
9400 639.975 -310668 450.918 164793 72.5205 72.5205 36.1815 120
9450 639.062 -310669 159.098 164801 72.5217 72.5217 36.1821 120
9500 642.788 -310678 -118.022 164809 72.5228 72.5228 36.1826 120
9550 640.91 -310676 -511.821 164817 72.524 72.524 36.1832 120
9600 632.371 -310662 -736.158 164824 72.5251 72.5251 36.1838 120
9650 639.472 -310678 -964.363 164832 72.5262 72.5262 36.1843 120
9700 644.451 -310689 -1112.44 164839 72.5273 72.5273 36.1849 120
9750 637.539 -310678 -898.25 164846 72.5283 72.5283 36.1854 120
9800 640.769 -310686 -639.019 164853 72.5294 72.5294 36.1859 120
9850 644.595 -310696 -551.492 164860 72.5304 72.5304 36.1864 120
9900 637.365 -310684 -578.456 164867 72.5314 72.5314 36.1869 120
9950 635.012 -310681 -738.28 164874 72.5323 72.5323 36.1874 120
10000 638.503 -310691 -991.386 164880 72.5333 72.5333 36.1879 120
10050 641.715 -310699 -1364.92 164887 72.5342 72.5342 36.1883 120
10100 636.26 -310691 -1684.94 164893 72.5351 72.5351 36.1888 120
10150 629.425 -310680 -1814.2 164899 72.536 72.536 36.1892 120
10200 633.963 -310690 -2055.13 164904 72.5368 72.5368 36.1896 120
10250 630.276 -310685 -1829.74 164910 72.5377 72.5377 36.1901 120
10300 627.063 -310680 -1515.41 164915 72.5385 72.5385 36.1904 120
10350 632.658 -310693 -1447.05 164921 72.5392 72.5392 36.1908 120
10400 632.834 -310695 -1547.42 164926 72.54 72.54 36.1912 120
10450 631.16 -310693 -2036.34 164931 72.5407 72.5407 36.1916 120
10500 629.173 -310691 -2311.78 164935 72.5414 72.5414 36.1919 120
10550 632.655 -310699 -2323.81 164940 72.542 72.542 36.1922 120
10600 636.731 -310709 -2189.21 164944 72.5427 72.5427 36.1925 120
10650 635.706 -310708 -1987.16 164948 72.5433 72.5433 36.1928 120
10700 631.411 -310701 -1408.26 164952 72.5438 72.5438 36.1931 120
10750 632.322 -310704 -658.326 164956 72.5444 72.5444 36.1934 120
10800 631.946 -310705 -321.977 164960 72.5449 72.5449 36.1937 120
10850 631.295 -310705 -640.511 164963 72.5455 72.5455 36.1939 120
10900 633.078 -310710 -1403.35 164967 72.546 72.546 36.1942 120
10950 629.568 -310704 -2016.69 164970 72.5465 72.5465 36.1944 120
11000 626.438 -310699 -2200.55 164973 72.5469 72.5469 36.1947 120
11050 628.497 -310704 -2260.29 164976 72.5474 72.5474 36.1949 120
11100 628.567 -310705 -2240.39 164979 72.5478 72.5478 36.1951 120
11150 628.896 -310706 -2246.51 164982 72.5482 72.5482 36.1953 120
11200 627.877 -310705 -2018.23 164984 72.5486 72.5486 36.1955 120
11250 628.442 -310707 -1801.3 164987 72.5489 72.5489 36.1957 120
11300 623.592 -310698 -1493.76 164989 72.5492 72.5492 36.1958 120
11350 622.598 -310697 -1358.91 164991 72.5495 72.5495 36.196 120
11400 623.481 -310700 -1258.55 164993 72.5498 72.5498 36.1961 120
11450 629.705 -310712 -1226.5 164995 72.5501 72.5501 36.1963 120
11500 634.665 -310722 -1225.18 164997 72.5504 72.5504 36.1964 120
11550 632.251 -310717 -1022.05 164998 72.5506 72.5506 36.1965 120
11600 628.605 -310710 -798.08 165000 72.5508 72.5508 36.1966 120
11650 630.241 -310714 -852.581 165001 72.5511 72.5511 36.1967 120
11700 629.595 -310712 -708.248 165003 72.5513 72.5513 36.1968 120
11750 624.105 -310702 -516.649 165004 72.5515 72.5515 36.1969 120
11800 622.919 -310700 -679.943 165006 72.5517 72.5517 36.197 120
11850 627.514 -310708 -1060.07 165007 72.5518 72.5518 36.1971 120
11900 632.003 -310716 -1300.96 165008 72.552 72.552 36.1972 120
11950 633.527 -310718 -1575.32 165009 72.5522 72.5522 36.1973 120
12000 631.469 -310714 -1805.72 165010 72.5523 72.5523 36.1974 120
12050 629.798 -310710 -1947.56 165011 72.5525 72.5525 36.1974 120
12100 630.534 -310711 -2271.22 165012 72.5526 72.5526 36.1975 120
12150 629.689 -310709 -2395.39 165012 72.5526 72.5526 36.1975 120
12200 629.778 -310708 -2289.26 165013 72.5527 72.5527 36.1976 120
12250 632.667 -310713 -2287.63 165013 72.5527 72.5527 36.1976 120
12300 633.451 -310713 -2480.15 165013 72.5528 72.5528 36.1976 120
12350 632.847 -310712 -2644.47 165013 72.5528 72.5528 36.1976 120
12400 628.123 -310701 -2390.68 165013 72.5527 72.5527 36.1976 120
12450 630.471 -310705 -2255.8 165012 72.5527 72.5527 36.1975 120
12500 631.485 -310706 -2182.89 165012 72.5526 72.5526 36.1975 120
12550 627.569 -310697 -2285.75 165011 72.5525 72.5525 36.1975 120
12600 628.731 -310697 -2770.52 165011 72.5524 72.5524 36.1974 120
12650 629.421 -310697 -3031.77 165010 72.5523 72.5523 36.1973 120
12700 633.624 -310704 -2804.54 165009 72.5521 72.5521 36.1973 120
12750 638.492 -310712 -2186.35 165007 72.5519 72.5519 36.1972 120
12800 639.188 -310712 -1570.31 165006 72.5517 72.5517 36.1971 120
12850 639.677 -310712 -1337.63 165005 72.5515 72.5515 36.197 120
12900 636.208 -310704 -1482 165003 72.5513 72.5513 36.1969 120
12950 633.718 -310698 -1851.29 165001 72.5511 72.5511 36.1967 120
13000 639.671 -310708 -2313.03 165000 72.5508 72.5508 36.1966 120
13050 640.832 -310709 -2629.77 164998 72.5506 72.5506 36.1965 120
13100 628.391 -310684 -2544.73 164996 72.5503 72.5503 36.1963 120
13150 626.558 -310679 -2415.41 164994 72.55 72.55 36.1962 120
13200 631.033 -310686 -2427.98 164992 72.5496 72.5496 36.196 120
13250 633.174 -310689 -2628.77 164989 72.5493 72.5493 36.1959 120
13300 637.976 -310696 -2662.44 164987 72.5489 72.5489 36.1957 120
13350 642.407 -310703 -2464.45 164984 72.5486 72.5486 36.1955 120
13400 637.274 -310692 -1938.23 164982 72.5482 72.5482 36.1953 120
13450 637.655 -310691 -1666.6 164979 72.5477 72.5477 36.1951 120
13500 640.626 -310695 -1578.38 164976 72.5473 72.5473 36.1949 120
13550 637.987 -310688 -1030.4 164973 72.5469 72.5469 36.1947 120
13600 643.387 -310698 -536.664 164970 72.5465 72.5465 36.1944 120
13650 642.687 -310694 -191.47 164967 72.546 72.546 36.1942 120
13700 644.093 -310696 -449.284 164964 72.5456 72.5456 36.194 120
13750 641.076 -310689 -962.653 164961 72.5452 72.5452 36.1938 120
13800 642.486 -310690 -1580.2 164958 72.5447 72.5447 36.1936 120
13850 645.758 -310695 -1692.64 164955 72.5443 72.5443 36.1934 120
13900 646.163 -310695 -1222.54 164952 72.5438 72.5438 36.1931 120
13950 645.546 -310693 -700.595 164949 72.5434 72.5434 36.1929 120
14000 640.51 -310683 -159.499 164946 72.5429 72.5429 36.1927 120
14050 638.691 -310678 158.716 164943 72.5424 72.5424 36.1924 120
14100 640.014 -310680 245.32 164940 72.542 72.542 36.1922 120
14150 643.174 -310686 59.9086 164937 72.5416 72.5416 36.192 120
14200 649.271 -310696 -215.099 164934 72.5411 72.5411 36.1918 120
14250 645.542 -310689 28.3369 164931 72.5407 72.5407 36.1916 120
14300 644.114 -310685 -229.311 164928 72.5403 72.5403 36.1913 120
14350 640.111 -310677 -867.938 164925 72.5398 72.5398 36.1911 120
14400 641.414 -310680 -1753.48 164922 72.5394 72.5394 36.1909 120
14450 643.131 -310683 -2406.77 164919 72.539 72.539 36.1907 120
14500 646.906 -310690 -2787.5 164916 72.5385 72.5385 36.1905 120
14550 647.448 -310691 -2541.86 164913 72.538 72.538 36.1902 120
14600 644.127 -310683 -1839.65 164909 72.5375 72.5375 36.19 120
14650 641.2 -310678 -1229.84 164906 72.537 72.537 36.1897 120
14700 640.378 -310676 -877.893 164902 72.5365 72.5365 36.1895 120
14750 642.256 -310680 -707.495 164899 72.536 72.536 36.1892 120
14800 643.621 -310683 -358.652 164895 72.5355 72.5355 36.189 120
14850 644.472 -310685 138.254 164892 72.535 72.535 36.1887 120
14900 644.928 -310686 628.015 164888 72.5345 72.5345 36.1885 120
14950 644.439 -310685 799.506 164885 72.534 72.534 36.1882 120
15000 644.747 -310686 805.157 164882 72.5335 72.5335 36.188 120
15050 647.134 -310691 897.431 164879 72.5331 72.5331 36.1878 120
15100 649.916 -310697 970.919 164875 72.5326 72.5326 36.1875 120
15150 646.481 -310690 1035.96 164872 72.5322 72.5322 36.1873 120
15200 645.546 -310689 742.892 164870 72.5317 72.5317 36.1871 120
15250 646.758 -310692 458.871 164867 72.5313 72.5313 36.1869 120
15300 646.592 -310693 408.091 164864 72.5309 72.5309 36.1867 120
15350 644.915 -310691 467.536 164861 72.5305 72.5305 36.1865 120
15400 645.155 -310693 272.673 164859 72.5301 72.5301 36.1863 120
15450 644.891 -310694 -106.761 164856 72.5298 72.5298 36.1861 120
15500 643.459 -310692 -170.222 164854 72.5294 72.5294 36.1859 120
15550 642.579 -310692 172.202 164851 72.529 72.529 36.1857 120
15600 635.555 -310679 831.774 164848 72.5286 72.5286 36.1856 120
15650 635.547 -310681 1414.61 164846 72.5283 72.5283 36.1854 120
15700 640.59 -310692 2259.78 164844 72.5279 72.5279 36.1852 120
15750 645.712 -310703 2383.86 164842 72.5276 72.5276 36.185 120
15800 642.275 -310698 1818.11 164840 72.5273 72.5273 36.1849 120
15850 641.313 -310697 1360.97 164838 72.5271 72.5271 36.1848 120
15900 641.546 -310699 1161.21 164836 72.5268 72.5268 36.1846 120
15950 633.732 -310685 1025.68 164834 72.5266 72.5266 36.1845 120
16000 634.812 -310689 766.471 164833 72.5263 72.5263 36.1844 120
16050 642.172 -310704 548.29 164831 72.5261 72.5261 36.1843 120
16100 638.448 -310698 564.758 164830 72.5259 72.5259 36.1842 120
16150 630.468 -310684 795.192 164828 72.5257 72.5257 36.1841 120
16200 636.015 -310697 498.271 164827 72.5255 72.5255 36.184 120
16250 639.166 -310705 208.257 164826 72.5253 72.5253 36.1839 120
16300 637.959 -310704 576.389 164825 72.5251 72.5251 36.1838 120
16350 636.883 -310704 1098.28 164823 72.525 72.525 36.1837 120
16400 635.11 -310702 1060.72 164822 72.5248 72.5248 36.1836 120
16450 634.637 -310702 741.316 164821 72.5246 72.5246 36.1836 120
16500 635.265 -310704 526.646 164820 72.5245 72.5245 36.1835 120
16550 637.921 -310711 659.638 164819 72.5244 72.5244 36.1834 120
16600 638.562 -310714 1202.13 164818 72.5242 72.5242 36.1833 120
16650 641.816 -310722 1161.94 164818 72.5241 72.5241 36.1833 120
16700 639.571 -310719 948.269 164817 72.524 72.524 36.1832 120
16750 637.654 -310716 1119.66 164816 72.5239 72.5239 36.1832 120
16800 640.256 -310723 1470.39 164816 72.5238 72.5238 36.1831 120
16850 641.237 -310727 1824.98 164815 72.5237 72.5237 36.1831 120
16900 639.196 -310725 1949.24 164815 72.5237 72.5237 36.1831 120
16950 635.486 -310719 1701.44 164814 72.5236 72.5236 36.1831 120
17000 634.074 -310718 1390.94 164814 72.5236 72.5236 36.1831 120
17050 631.122 -310713 1281.24 164814 72.5236 72.5236 36.183 120
17100 630.266 -310712 872.054 164814 72.5236 72.5236 36.183 120
17150 631.746 -310716 283.228 164814 72.5236 72.5236 36.1831 120
17200 629.823 -310714 -81.4467 164814 72.5236 72.5236 36.1831 120
17250 630.112 -310716 -320.215 164815 72.5237 72.5237 36.1831 120
17300 631.671 -310721 -228.464 164815 72.5237 72.5237 36.1831 120
17350 633.215 -310725 -78.8108 164815 72.5237 72.5237 36.1831 120
17400 632.182 -310724 115.457 164815 72.5237 72.5237 36.1831 120
17450 628.71 -310718 756.399 164815 72.5237 72.5237 36.1831 120
17500 631.335 -310724 1181.67 164815 72.5237 72.5237 36.1831 120
17550 630.555 -310723 1472.24 164815 72.5237 72.5237 36.1831 120
17600 628.265 -310719 1614.52 164815 72.5238 72.5238 36.1831 120
17650 625.286 -310714 1770.95 164816 72.5238 72.5238 36.1832 120
17700 629.863 -310723 1627.6 164816 72.5239 72.5239 36.1832 120
17750 631.314 -310727 1312.03 164817 72.524 72.524 36.1832 120
17800 627.74 -310721 771.737 164817 72.5241 72.5241 36.1833 120
17850 628.966 -310723 188.374 164818 72.5242 72.5242 36.1833 120
17900 630.497 -310727 65.4667 164819 72.5243 72.5243 36.1834 120
17950 630.037 -310726 294.175 164819 72.5244 72.5244 36.1834 120
18000 629.219 -310725 752.832 164820 72.5245 72.5245 36.1835 120
18050 628.823 -310724 1036.38 164821 72.5246 72.5246 36.1835 120
18100 628.652 -310724 1313.19 164822 72.5247 72.5247 36.1836 120
18150 629.114 -310724 1824.17 164822 72.5248 72.5248 36.1837 120
18200 630.368 -310726 2210.34 164823 72.525 72.525 36.1837 120
18250 628.948 -310724 2307.61 164825 72.5251 72.5251 36.1838 120
18300 630.111 -310726 2029.07 164826 72.5253 72.5253 36.1839 120
18350 630.492 -310726 1838.89 164827 72.5255 72.5255 36.184 120
18400 628.822 -310722 1822.28 164829 72.5257 72.5257 36.1841 120
18450 632.439 -310728 1831.77 164830 72.5259 72.5259 36.1842 120
18500 634.487 -310732 1818.66 164832 72.5262 72.5262 36.1843 120
18550 629.937 -310723 1525.59 164833 72.5264 72.5264 36.1845 120
18600 629.974 -310722 1012.94 164835 72.5267 72.5267 36.1846 120
18650 634.127 -310730 744.044 164837 72.527 72.527 36.1847 120
18700 632.744 -310726 781.63 164839 72.5272 72.5272 36.1849 120
18750 629.311 -310719 780.77 164841 72.5275 72.5275 36.185 120
18800 629.087 -310718 703.047 164843 72.5278 72.5278 36.1851 120
18850 636.317 -310731 484.187 164845 72.5281 72.5281 36.1853 120
18900 637.762 -310733 730.716 164847 72.5284 72.5284 36.1854 120
18950 633.503 -310724 1301.47 164849 72.5287 72.5287 36.1856 120
19000 633.764 -310723 1384.79 164851 72.529 72.529 36.1857 120
19050 631.072 -310718 1455.3 164853 72.5293 72.5293 36.1859 120
19100 629.958 -310715 1503.03 164855 72.5296 72.5296 36.186 120
19150 636.851 -310727 1070.46 164857 72.53 72.53 36.1862 120
19200 630.653 -310714 1287.28 164860 72.5303 72.5303 36.1864 120
19250 631.598 -310715 1485.58 164862 72.5306 72.5306 36.1865 120
19300 631.274 -310713 1805.49 164865 72.531 72.531 36.1867 120
19350 633.57 -310716 2230.61 164867 72.5314 72.5314 36.1869 120
19400 638.616 -310724 2608.76 164870 72.5318 72.5318 36.1871 120
19450 641.505 -310729 2721.81 164872 72.5322 72.5322 36.1873 120
19500 644.802 -310733 2554.37 164875 72.5326 72.5326 36.1875 120
19550 640.787 -310725 2223.99 164878 72.533 72.533 36.1877 120
19600 634.926 -310713 1632.96 164882 72.5335 72.5335 36.188 120
19650 628.561 -310699 1202.85 164885 72.534 72.534 36.1882 120
19700 633.62 -310708 870.601 164888 72.5344 72.5344 36.1884 120
19750 638.597 -310716 829.323 164891 72.5349 72.5349 36.1887 120
19800 636.317 -310711 1014.47 164895 72.5354 72.5354 36.1889 120
19850 640.324 -310717 1201.73 164898 72.5359 72.5359 36.1892 120
19900 641.689 -310719 1601.37 164901 72.5364 72.5364 36.1894 120
19950 643.431 -310721 1754.02 164905 72.5369 72.5369 36.1897 120
20000 642.662 -310718 2046.43 164908 72.5374 72.5374 36.1899 120
20050 636.822 -310706 2564.35 164912 72.5379 72.5379 36.1902 120
20100 635.184 -310701 2930.5 164916 72.5385 72.5385 36.1905 120
20150 645.162 -310719 2671.44 164920 72.5391 72.5391 36.1908 120
20200 642.292 -310713 2327.85 164924 72.5396 72.5396 36.191 120
20250 633.913 -310696 1860.63 164928 72.5402 72.5402 36.1913 120
20300 642.915 -310713 673.158 164932 72.5409 72.5409 36.1916 120
20350 641.091 -310708 -0.669068 164936 72.5415 72.5415 36.192 120
20400 643.029 -310711 -488.158 164940 72.5421 72.5421 36.1923 120
20450 644.016 -310712 -493.367 164944 72.5427 72.5427 36.1926 120
20500 643.487 -310711 -81.6904 164948 72.5433 72.5433 36.1928 120
20550 642.494 -310708 103.583 164952 72.5438 72.5438 36.1931 120
20600 640.862 -310705 240.259 164956 72.5444 72.5444 36.1934 120
20650 644.495 -310711 444.353 164960 72.545 72.545 36.1937 120
20700 643.83 -310709 751.647 164964 72.5456 72.5456 36.194 120
20750 644.246 -310710 1069.89 164968 72.5461 72.5461 36.1943 120
20800 640.01 -310701 1599.94 164972 72.5467 72.5467 36.1946 120
20850 637.893 -310697 1672.96 164976 72.5473 72.5473 36.1949 120
20900 638.078 -310697 1588.12 164980 72.5479 72.5479 36.1952 120
20950 640.175 -310700 1548.36 164984 72.5485 72.5485 36.1955 120
21000 643.769 -310707 1379.75 164988 72.5491 72.5491 36.1958 120
21050 640.269 -310701 1204.05 164992 72.5497 72.5497 36.1961 120
21100 640.451 -310701 673.462 164997 72.5504 72.5504 36.1964 120
21150 644.892 -310709 -138.424 165001 72.551 72.551 36.1967 120
21200 643.023 -310705 -379.113 165005 72.5516 72.5516 36.197 120
21250 639.685 -310699 -330.655 165009 72.5522 72.5522 36.1973 120
21300 643.862 -310707 -683.298 165013 72.5528 72.5528 36.1976 120
21350 643.462 -310706 -695.717 165017 72.5534 72.5534 36.1979 120
21400 645.896 -310711 -538.757 165021 72.554 72.554 36.1982 120
21450 642.929 -310705 -234.281 165025 72.5545 72.5545 36.1985 120
21500 643.733 -310707 -30.6361 165029 72.5551 72.5551 36.1987 120
21550 642.93 -310706 452.094 165033 72.5556 72.5556 36.199 120
21600 642.361 -310706 741.533 165036 72.5562 72.5562 36.1993 120
21650 643.252 -310708 733.233 165040 72.5567 72.5567 36.1996 120
21700 639.237 -310701 924.407 165044 72.5573 72.5573 36.1998 120
21750 643.305 -310709 946.017 165048 72.5578 72.5578 36.2001 120
21800 644.536 -310712 909.035 165051 72.5584 72.5584 36.2004 120
21850 640.049 -310704 931.407 165055 72.559 72.559 36.2007 120
21900 642.732 -310710 580.133 165059 72.5595 72.5595 36.201 120
21950 640.849 -310707 184.875 165063 72.5601 72.5601 36.2012 120
22000 640.499 -310708 -240.433 165067 72.5607 72.5607 36.2015 120
22050 639.818 -310707 -356.435 165071 72.5612 72.5612 36.2018 120
22100 640.293 -310709 -255.115 165074 72.5618 72.5618 36.2021 120
22150 637.278 -310704 48.1205 165078 72.5623 72.5623 36.2023 120
22200 642.567 -310715 -67.7629 165082 72.5628 72.5628 36.2026 120
22250 644.943 -310720 24.9332 165085 72.5634 72.5634 36.2029 120
22300 641.982 -310716 334.455 165089 72.5639 72.5639 36.2031 120
22350 635.997 -310706 444.707 165092 72.5644 72.5644 36.2034 120
22400 632.282 -310699 394.541 165096 72.5649 72.5649 36.2037 120
22450 640.887 -310716 78.739 165099 72.5654 72.5654 36.2039 120
22500 641.596 -310719 273.329 165103 72.5659 72.5659 36.2042 120
22550 642.695 -310722 310.805 165106 72.5665 72.5665 36.2044 120
22600 639.456 -310717 220.829 165110 72.567 72.567 36.2047 120
22650 630.846 -310702 108.703 165113 72.5675 72.5675 36.2049 120
22700 632.582 -310707 -508.799 165117 72.568 72.568 36.2052 120
22750 636.678 -310715 -878.567 165120 72.5685 72.5685 36.2054 120
22800 637.138 -310717 -612.301 165124 72.569 72.569 36.2057 120
22850 636.795 -310718 -399.326 165127 72.5694 72.5694 36.2059 120
22900 636.156 -310718 -619.349 165130 72.5699 72.5699 36.2061 120
22950 637.106 -310720 -863.66 165133 72.5703 72.5703 36.2064 120
23000 644.701 -310736 -1365.88 165136 72.5708 72.5708 36.2066 120
23050 638.256 -310725 -1592.55 165139 72.5712 72.5712 36.2068 120
23100 636.665 -310723 -1886.21 165142 72.5716 72.5716 36.207 120
23150 635.779 -310722 -1967.71 165144 72.572 72.572 36.2072 120
23200 631.097 -310714 -1703.9 165147 72.5724 72.5724 36.2074 120
23250 635.437 -310724 -1464.56 165149 72.5727 72.5727 36.2075 120
23300 642.566 -310739 -1377.48 165151 72.573 72.573 36.2077 120
23350 631.673 -310719 -751.793 165154 72.5734 72.5734 36.2079 120
23400 631.482 -310719 -395.376 165156 72.5737 72.5737 36.208 120
23450 637.291 -310731 -294.193 165158 72.574 72.574 36.2082 120
23500 631.792 -310722 10.1479 165160 72.5742 72.5742 36.2083 120
23550 632.764 -310724 132.838 165162 72.5745 72.5745 36.2084 120
23600 635.66 -310731 -185.358 165164 72.5748 72.5748 36.2086 120
23650 631.202 -310724 -439.31 165165 72.5751 72.5751 36.2087 120
23700 634.403 -310731 -657.604 165167 72.5754 72.5754 36.2089 120
23750 636.507 -310736 -740.275 165169 72.5756 72.5756 36.209 120
23800 632.829 -310729 -665.205 165171 72.5759 72.5759 36.2091 120
23850 633.363 -310731 -373.483 165173 72.5762 72.5762 36.2093 120
23900 635.514 -310736 -261.689 165174 72.5764 72.5764 36.2094 120
23950 634.811 -310736 -552.056 165176 72.5766 72.5766 36.2095 120
24000 631.54 -310730 -577.714 165178 72.5769 72.5769 36.2096 120
24050 630.412 -310729 -335.684 165179 72.5771 72.5771 36.2097 120
24100 632.246 -310732 -264.682 165181 72.5773 72.5773 36.2098 120
24150 636.023 -310740 -534.859 165182 72.5775 72.5775 36.2099 120
24200 634.35 -310737 -944.744 165183 72.5777 72.5777 36.21 120
24250 632.269 -310733 -1234.74 165185 72.5779 72.5779 36.2101 120
24300 632.034 -310733 -1077.56 165186 72.5781 72.5781 36.2102 120
24350 633.579 -310737 -868.032 165187 72.5783 72.5783 36.2103 120
24400 631.72 -310734 -777.42 165188 72.5785 72.5785 36.2104 120
24450 630.896 -310732 -707.902 165189 72.5786 72.5786 36.2105 120
24500 629.768 -310730 -488.462 165190 72.5788 72.5788 36.2106 120
24550 630.733 -310732 -332.67 165191 72.5789 72.5789 36.2106 120
24600 632.807 -310736 -300.174 165192 72.579 72.579 36.2107 120
24650 632.575 -310736 -118.129 165193 72.5792 72.5792 36.2108 120
24700 630.96 -310733 110.724 165194 72.5793 72.5793 36.2108 120
24750 631.944 -310734 -111.563 165195 72.5794 72.5794 36.2109 120
24800 631.167 -310733 -621.254 165196 72.5796 72.5796 36.211 120
24850 634.161 -310739 -1310.11 165197 72.5797 72.5797 36.211 120
24900 632.261 -310736 -1831.33 165198 72.5798 72.5798 36.2111 120
24950 624.259 -310720 -1880.45 165198 72.5799 72.5799 36.2111 120
25000 629.734 -310730 -2085.03 165199 72.58 72.58 36.2112 120
25050 634.197 -310737 -2145.9 165199 72.58 72.58 36.2112 120
25100 634.604 -310738 -1856.94 165199 72.58 72.58 36.2112 120
25150 634.542 -310738 -1328.25 165199 72.5801 72.5801 36.2112 120
25200 628.177 -310725 -786.813 165199 72.5801 72.5801 36.2112 120
25250 631.197 -310731 -560.913 165199 72.5801 72.5801 36.2112 120
25300 638.534 -310744 -124.383 165199 72.5801 72.5801 36.2112 120
25350 636.112 -310738 647.123 165199 72.58 72.58 36.2112 120
25400 633.009 -310732 1186.32 165199 72.58 72.58 36.2112 120
25450 635.907 -310737 1186.06 165199 72.58 72.58 36.2112 120
25500 636.341 -310737 892.493 165199 72.5801 72.5801 36.2112 120
25550 630.96 -310726 743.555 165200 72.5801 72.5801 36.2112 120
25600 629.8 -310723 439.136 165200 72.5801 72.5801 36.2112 120
25650 628.989 -310721 -3.90712 165200 72.5802 72.5802 36.2113 120
25700 625.236 -310713 -240.91 165200 72.5802 72.5802 36.2113 120
25750 628.766 -310718 -555.495 165200 72.5802 72.5802 36.2113 120
25800 630.761 -310721 -705.317 165201 72.5803 72.5803 36.2113 120
25850 633.381 -310725 -654.85 165201 72.5803 72.5803 36.2113 120
25900 632.883 -310723 -278.228 165201 72.5803 72.5803 36.2113 120
25950 630.321 -310717 -141.476 165201 72.5803 72.5803 36.2113 120
26000 631.572 -310718 -405.082 165201 72.5803 72.5803 36.2113 120
26050 637.209 -310728 -525.397 165201 72.5803 72.5803 36.2113 120
26100 641.559 -310735 -454.823 165201 72.5803 72.5803 36.2113 120
26150 639.154 -310729 -299.172 165201 72.5803 72.5803 36.2113 120
26200 639.544 -310729 -166.456 165201 72.5803 72.5803 36.2113 120
26250 637.781 -310724 -13.5797 165201 72.5803 72.5803 36.2113 120
26300 636.318 -310720 -394.188 165201 72.5803 72.5803 36.2113 120
26350 633.863 -310714 -549.601 165201 72.5803 72.5803 36.2113 120
26400 643.213 -310732 -586.251 165201 72.5803 72.5803 36.2113 120
26450 644.485 -310733 -694.46 165201 72.5803 72.5803 36.2113 120
26500 640.327 -310724 -1049.91 165201 72.5802 72.5802 36.2113 120
26550 636.922 -310717 -1164.76 165200 72.5802 72.5802 36.2113 120
26600 631.796 -310705 -969.55 165200 72.5802 72.5802 36.2113 120
26650 636.13 -310712 -1022.86 165200 72.5801 72.5801 36.2112 120
26700 640.231 -310719 -931.085 165199 72.58 72.58 36.2112 120
26750 643.53 -310725 -885.592 165199 72.58 72.58 36.2112 120
26800 639.684 -310717 -585.831 165198 72.5799 72.5799 36.2111 120
26850 638.542 -310713 -390.286 165198 72.5798 72.5798 36.2111 120
26900 642.576 -310720 -673.676 165197 72.5797 72.5797 36.211 120
26950 642.892 -310720 -1157.53 165196 72.5796 72.5796 36.211 120
27000 637.656 -310709 -1010.09 165196 72.5795 72.5795 36.2109 120
27050 638.87 -310710 -639.171 165195 72.5794 72.5794 36.2109 120
27100 638.742 -310709 -255.766 165194 72.5793 72.5793 36.2108 120
27150 639.027 -310709 -51.6715 165193 72.5792 72.5792 36.2108 120
27200 641.967 -310714 47.6152 165193 72.5791 72.5791 36.2107 120
27250 641.946 -310713 365.267 165192 72.579 72.579 36.2107 120
27300 642.631 -310713 666.736 165191 72.5788 72.5788 36.2106 120
27350 645.068 -310718 521.736 165190 72.5787 72.5787 36.2106 120
27400 639.594 -310707 309.948 165190 72.5786 72.5786 36.2105 120
27450 642.541 -310712 11.6555 165189 72.5786 72.5786 36.2105 120
27500 648.068 -310722 -346.353 165188 72.5785 72.5785 36.2104 120
27550 645.981 -310718 -729.946 165188 72.5784 72.5784 36.2104 120
27600 642.76 -310711 -1114.95 165187 72.5783 72.5783 36.2103 120
27650 643.126 -310712 -1400.28 165186 72.5782 72.5782 36.2103 120
27700 638.625 -310703 -1207 165185 72.578 72.578 36.2102 120
27750 633.656 -310693 -701.949 165185 72.5779 72.5779 36.2101 120
27800 637.942 -310702 -243.337 165184 72.5778 72.5778 36.2101 120
27850 640.191 -310706 219.248 165183 72.5776 72.5776 36.21 120
27900 641.465 -310708 -29.2304 165182 72.5775 72.5775 36.2099 120
27950 642.045 -310709 -767.948 165181 72.5774 72.5774 36.2099 120
28000 643.772 -310712 -1424.49 165180 72.5772 72.5772 36.2098 120
28050 644.965 -310714 -1696.11 165179 72.5771 72.5771 36.2097 120
28100 646.403 -310717 -1666.4 165178 72.5769 72.5769 36.2096 120
28150 643.657 -310712 -1021.47 165177 72.5767 72.5767 36.2095 120
28200 643.635 -310712 -350.857 165175 72.5765 72.5765 36.2094 120
28250 642.631 -310710 54.0456 165174 72.5763 72.5763 36.2094 120
28300 642.223 -310710 282.171 165173 72.5762 72.5762 36.2093 120
28350 647.759 -310721 269.395 165171 72.576 72.576 36.2092 120
28400 647.019 -310720 499.811 165170 72.5758 72.5758 36.2091 120
28450 642.575 -310712 656.742 165169 72.5756 72.5756 36.209 120
28500 639.248 -310706 281.668 165168 72.5754 72.5754 36.2089 120
28550 640.322 -310709 -219.836 165167 72.5753 72.5753 36.2088 120
28600 644.949 -310719 -870.128 165166 72.5751 72.5751 36.2087 120
28650 644.121 -310718 -1386.97 165164 72.575 72.575 36.2087 120
28700 644.713 -310721 -1589.53 165163 72.5748 72.5748 36.2086 120
28750 644.398 -310721 -1516.83 165162 72.5746 72.5746 36.2085 120
28800 636.589 -310707 -1199.42 165161 72.5744 72.5744 36.2084 120
28850 636.089 -310707 -1184.73 165159 72.5742 72.5742 36.2083 120
28900 638.273 -310712 -1302.62 165158 72.5739 72.5739 36.2082 120
28950 641.834 -310720 -1317.23 165156 72.5737 72.5737 36.208 120
29000 641.255 -310720 -656.834 165154 72.5735 72.5735 36.2079 120
29050 639.44 -310717 353.26 165153 72.5732 72.5732 36.2078 120
29100 639.168 -310718 1055.47 165151 72.573 72.573 36.2077 120
29150 638.962 -310719 1418.3 165149 72.5727 72.5727 36.2076 120
29200 638.877 -310720 1431.12 165148 72.5725 72.5725 36.2074 120
29250 635.875 -310715 1220.69 165146 72.5723 72.5723 36.2073 120
29300 639.441 -310723 598.128 165145 72.5721 72.5721 36.2072 120
29350 639.173 -310723 284.704 165144 72.5719 72.5719 36.2072 120
29400 639.56 -310726 229.827 165143 72.5718 72.5718 36.2071 120
29450 639.337 -310727 -3.08543 165141 72.5716 72.5716 36.207 120
29500 635.429 -310720 -576.874 165140 72.5714 72.5714 36.2069 120
29550 630.927 -310713 -1018.8 165139 72.5712 72.5712 36.2068 120
29600 631.035 -310714 -977.605 165138 72.5711 72.5711 36.2067 120
29650 634.566 -310722 -572.657 165137 72.5709 72.5709 36.2066 120
29700 637.116 -310728 -67.1323 165135 72.5707 72.5707 36.2065 120
29750 637.505 -310730 274.664 165134 72.5705 72.5705 36.2064 120
29800 636.563 -310729 393.217 165133 72.5703 72.5703 36.2063 120
29850 635.038 -310728 500.577 165131 72.5701 72.5701 36.2062 120
29900 633.676 -310726 710.235 165130 72.5699 72.5699 36.2061 120
29950 629.628 -310719 949.07 165129 72.5697 72.5697 36.2061 120
30000 635.983 -310732 920.428 165128 72.5696 72.5696 36.206 120
30050 637.815 -310736 1262.23 165127 72.5694 72.5694 36.2059 120
30100 638.072 -310738 1321.85 165126 72.5693 72.5693 36.2058 120
30150 639.195 -310741 1146.75 165125 72.5692 72.5692 36.2058 120
30200 637.547 -310739 1028.57 165124 72.569 72.5691 36.2057 120
