# Time-averaged data for fix 2
# TimeStep c_thermo_temp c_thermo_pe c_thermo_press v_myVol v_myCella v_myCellb v_myCellc v_myCellgamma
0 700.774 -309532 -67879.6 170414 73.3359 73.3359 36.5883 120
50 795.971 -309733 -54961.1 170263 73.3142 73.3142 36.5775 120
100 863.973 -309882 -41548.6 170115 73.293 73.293 36.5669 120
150 891.036 -309954 -28901.4 169972 73.2724 73.2724 36.5566 120
200 878.238 -309950 -18325.2 169834 73.2526 73.2526 36.5467 120
250 827.79 -309873 -10255.6 169703 73.2337 73.2337 36.5373 120
300 782.194 -309802 -5432.41 169578 73.2158 73.2158 36.5284 120
350 750.415 -309757 -3316.53 169461 73.1989 73.1989 36.52 120
400 736.969 -309745 -4065.12 169351 73.183 73.183 36.512 120
450 749.416 -309783 -8233.24 169246 73.168 73.168 36.5045 120
500 780.122 -309858 -15291.8 169148 73.1538 73.1538 36.4974 120
550 814.815 -309943 -23915.7 169054 73.1402 73.1402 36.4907 120
600 838.799 -310009 -32408.3 168963 73.1271 73.1271 36.4842 120
650 846.748 -310045 -39667 168875 73.1144 73.1144 36.4778 120
700 835.147 -310043 -45211.5 168788 73.1019 73.1019 36.4716 120
750 805.099 -310007 -48545.8 168702 73.0895 73.0895 36.4654 120
800 763.557 -309947 -49494 168617 73.0771 73.0771 36.4592 120
850 736.918 -309914 -48955.5 168531 73.0647 73.0647 36.453 120
900 734.881 -309928 -46931.5 168445 73.0524 73.0524 36.4469 120
950 750.126 -309975 -43356.7 168360 73.04 73.04 36.4407 120
1000 770.064 -310032 -38846.4 168275 73.0277 73.0277 36.4345 120
1050 785.147 -310080 -33923.4 168190 73.0154 73.0154 36.4284 120
1100 789.502 -310107 -28844.5 168106 73.0032 73.0032 36.4223 120
1150 782.463 -310112 -24184.4 168023 72.9912 72.9912 36.4163 120
1200 770.442 -310107 -20519.5 167941 72.9794 72.9794 36.4104 120
1250 759.094 -310102 -18100 167861 72.9677 72.9677 36.4046 120
1300 747.78 -310098 -17004.3 167782 72.9563 72.9563 36.3989 120
1350 740.53 -310100 -17307.6 167705 72.9451 72.9451 36.3933 120
1400 740.557 -310117 -18920.8 167629 72.9341 72.9341 36.3878 120
1450 746.079 -310145 -21705.8 167554 72.9233 72.9233 36.3824 120
1500 754.869 -310180 -24919.3 167480 72.9125 72.9125 36.3771 120
1550 763.103 -310214 -28058.4 167406 72.9018 72.9018 36.3717 120
1600 762.438 -310231 -31030 167333 72.8912 72.8912 36.3664 120
1650 749.826 -310227 -33275.3 167259 72.8805 72.8805 36.3611 120
1700 741.211 -310229 -34739.2 167185 72.8697 72.8697 36.3557 120
1750 728.209 -310222 -35095.2 167111 72.8589 72.8589 36.3503 120
1800 719.602 -310223 -34403.7 167035 72.848 72.848 36.3449 120
1850 717.018 -310235 -32434.1 166960 72.837 72.837 36.3394 120
1900 714.54 -310248 -29359.8 166884 72.826 72.826 36.3339 120
1950 721.355 -310278 -26193.2 166808 72.8149 72.8149 36.3284 120
2000 724.976 -310302 -22935.6 166733 72.8039 72.8039 36.3229 120
2050 718.505 -310306 -19603.8 166658 72.793 72.793 36.3174 120
2100 714.597 -310315 -17060.1 166583 72.7822 72.7822 36.312 120
2150 708.931 -310320 -15110 166510 72.7715 72.7715 36.3067 120
2200 701.518 -310322 -13456.1 166438 72.761 72.761 36.3015 120
2250 696.443 -310328 -12463.4 166367 72.7506 72.7506 36.2963 120
2300 692.349 -310336 -12226.3 166297 72.7405 72.7405 36.2912 120
2350 692.077 -310351 -12855.9 166229 72.7305 72.7305 36.2863 120
2400 695.159 -310372 -14347.8 166161 72.7207 72.7207 36.2814 120
2450 697.721 -310392 -16383 166095 72.711 72.711 36.2766 120
2500 693.214 -310400 -18428.5 166030 72.7015 72.7015 36.2718 120
2550 684.792 -310399 -20187.5 165965 72.6921 72.6921 36.2671 120
2600 682.027 -310409 -21683.7 165901 72.6827 72.6827 36.2624 120
2650 673.764 -310409 -22181 165837 72.6734 72.6734 36.2578 120
2700 669.764 -310416 -21692.5 165774 72.6641 72.6641 36.2531 120
2750 668.695 -310429 -20337.2 165710 72.6548 72.6548 36.2485 120
2800 664.117 -310436 -18311 165648 72.6457 72.6457 36.2439 120
2850 665.318 -310452 -16134.2 165586 72.6366 72.6366 36.2394 120
2900 665.41 -310467 -13798 165524 72.6276 72.6276 36.2349 120
2950 661.579 -310473 -11462.8 165464 72.6188 72.6188 36.2305 120
3000 658.395 -310482 -9439.89 165405 72.6101 72.6101 36.2262 120
3050 654.872 -310489 -7692.08 165347 72.6016 72.6016 36.222 120
3100 654.536 -310502 -6422.48 165290 72.5934 72.5934 36.2178 120
3150 649.251 -310506 -5480.06 165235 72.5853 72.5853 36.2138 120
3200 646.566 -310514 -5399.35 165181 72.5774 72.5774 36.2099 120
3250 645.459 -310526 -6005.93 165129 72.5697 72.5697 36.2061 120
3300 640.325 -310529 -6734.88 165078 72.5623 72.5623 36.2023 120
3350 642.009 -310546 -7982.85 165028 72.555 72.555 36.1987 120
3400 638.857 -310553 -9153.14 164979 72.5478 72.5478 36.1951 120
3450 637.18 -310563 -10465.6 164931 72.5408 72.5408 36.1916 120
3500 631.598 -310565 -11392.3 164884 72.5339 72.5339 36.1882 120
3550 623.591 -310563 -11532.7 164838 72.5271 72.5271 36.1848 120
3600 616.801 -310562 -10845.1 164792 72.5204 72.5204 36.1814 120
3650 614.379 -310570 -9759.9 164747 72.5138 72.5138 36.1781 120
3700 618.884 -310591 -8804.59 164703 72.5073 72.5073 36.1749 120
3750 617.16 -310599 -7742.75 164659 72.5009 72.5009 36.1717 120
3800 614.673 -310607 -6583.86 164617 72.4946 72.4946 36.1686 120
3850 613.819 -310617 -5093.68 164575 72.4885 72.4885 36.1655 120
3900 610.451 -310622 -3558.57 164534 72.4825 72.4825 36.1625 120
3950 602.454 -310619 -2153.49 164494 72.4766 72.4766 36.1596 120
4000 604.706 -310635 -1367.73 164455 72.471 72.471 36.1568 120
4050 600.063 -310638 -726.495 164418 72.4655 72.4655 36.154 120
4100 599.947 -310649 -733.874 164382 72.4601 72.4601 36.1514 120
4150 597.89 -310656 -985.999 164346 72.4549 72.4549 36.1488 120
4200 597.451 -310666 -1616.87 164312 72.4499 72.4499 36.1463 120
4250 591.969 -310666 -2321.5 164279 72.4451 72.4451 36.1438 120
4300 588.669 -310671 -2931.36 164247 72.4403 72.4403 36.1415 120
4350 589.529 -310683 -3430.31 164215 72.4357 72.4357 36.1392 120
4400 587.848 -310691 -3891.5 164185 72.4311 72.4311 36.1369 120
4450 585.032 -310696 -4170.67 164154 72.4267 72.4267 36.1347 120
4500 582.9 -310703 -4230.43 164125 72.4224 72.4224 36.1325 120
4550 577.582 -310703 -3704.53 164096 72.4181 72.4181 36.1304 120
4600 574.09 -310707 -2654.04 164068 72.4139 72.4139 36.1283 120
4650 574.282 -310717 -1560.95 164040 72.4099 72.4099 36.1263 120
4700 574.652 -310727 -465.355 164013 72.4059 72.4059 36.1243 120
4750 572.717 -310734 665.549 163987 72.402 72.402 36.1224 120
4800 565.697 -310730 1892.71 163961 72.3983 72.3983 36.1205 120
4850 564.485 -310738 2755.26 163937 72.3947 72.3947 36.1187 120
4900 564.426 -310747 3558.49 163913 72.3912 72.3912 36.117 120
4950 560.945 -310750 4230.3 163891 72.3879 72.3879 36.1153 120
5000 559.862 -310757 4276.12 163869 72.3847 72.3847 36.1138 120
5050 557.195 -310762 4342.46 163849 72.3817 72.3817 36.1122 120
5100 552.5 -310761 4497.13 163829 72.3788 72.3788 36.1108 120
5150 549.644 -310765 4315.15 163810 72.376 72.376 36.1094 120
5200 550.639 -310776 3763.67 163792 72.3734 72.3734 36.1081 120
5250 555.598 -310795 2806.08 163775 72.3709 72.3709 36.1069 120
5300 549.525 -310792 2110.14 163759 72.3685 72.3685 36.1057 120
5350 543.275 -310788 1650.66 163743 72.3662 72.3662 36.1045 120
5400 543.846 -310798 1435.97 163728 72.364 72.364 36.1034 120
5450 541.177 -310801 1577.24 163714 72.3618 72.3618 36.1023 120
5500 536.627 -310801 1819.66 163700 72.3597 72.3597 36.1013 120
5550 533.497 -310803 2340.67 163686 72.3577 72.3577 36.1003 120
5600 535.897 -310816 3137.62 163673 72.3558 72.3558 36.0993 120
5650 535.739 -310824 4052.33 163661 72.354 72.354 36.0984 120
5700 530.966 -310823 4785.79 163649 72.3523 72.3523 36.0976 120
5750 528.737 -310827 5172.64 163638 72.3506 72.3506 36.0968 120
5800 526.653 -310830 5531.86 163627 72.3491 72.3491 36.096 120
5850 526.227 -310838 5639.43 163618 72.3477 72.3477 36.0953 120
5900 523.35 -310840 5577.69 163609 72.3464 72.3464 36.0946 120
5950 524.029 -310848 5340.92 163601 72.3452 72.3452 36.094 120
6000 521.686 -310851 5113.7 163593 72.3441 72.3441 36.0935 120
6050 517.491 -310850 4865.8 163586 72.343 72.343 36.0929 120
6100 518.169 -310859 4278.96 163580 72.3421 72.3421 36.0925 120
6150 514.352 -310859 3856.69 163574 72.3412 72.3412 36.092 120
6200 515.678 -310868 3487.28 163568 72.3404 72.3404 36.0916 120
6250 514.392 -310873 3260.6 163563 72.3396 72.3396 36.0913 120
6300 508.874 -310868 3370.01 163558 72.339 72.339 36.0909 120
6350 507.064 -310871 3848.17 163554 72.3383 72.3383 36.0906 120
6400 506.787 -310877 4377.02 163550 72.3378 72.3378 36.0903 120
6450 510.254 -310890 4337.47 163547 72.3373 72.3373 36.0901 120
6500 505.584 -310887 4388.55 163544 72.3368 72.3368 36.0899 120
6550 504.498 -310891 4305.82 163541 72.3364 72.3364 36.0897 120
6600 502.113 -310893 4439.54 163539 72.3361 72.3361 36.0895 120
6650 499.35 -310894 4629.84 163538 72.3359 72.3359 36.0894 120
6700 496.052 -310893 4827.85 163536 72.3357 72.3357 36.0893 120
6750 491.462 -310890 5078.9 163535 72.3355 72.3355 36.0892 120
6800 490.497 -310895 5129.44 163535 72.3355 72.3355 36.0892 120
6850 495.626 -310910 4797.22 163535 72.3355 72.3355 36.0892 120
6900 495.583 -310916 4479.34 163535 72.3355 72.3355 36.0892 120
6950 496.291 -310922 4081.76 163536 72.3356 72.3356 36.0893 120
7000 497.774 -310930 3848.35 163537 72.3358 72.3358 36.0893 120
7050 493.595 -310927 3939.98 163538 72.336 72.336 36.0894 120
7100 486.062 -310918 4096.68 163540 72.3362 72.3362 36.0895 120
7150 487.471 -310926 4004.53 163542 72.3365 72.3365 36.0897 120
7200 489.626 -310935 4189.32 163544 72.3368 72.3368 36.0899 120
7250 486.701 -310935 4640.56 163546 72.3372 72.3372 36.09 120
7300 483.197 -310933 4992.26 163549 72.3376 72.3376 36.0902 120
7350 484.729 -310940 4951.68 163552 72.3381 72.3381 36.0905 120
7400 485.206 -310946 4606.17 163556 72.3386 72.3386 36.0907 120
7450 479.732 -310940 4591 163560 72.3392 72.3392 36.091 120
7500 478.539 -310943 4757.08 163564 72.3398 72.3398 36.0913 120
7550 479.354 -310948 4642.8 163568 72.3404 72.3404 36.0916 120
7600 481.881 -310957 4222.21 163573 72.3411 72.3411 36.092 120
7650 479.013 -310956 4378.64 163578 72.3418 72.3418 36.0923 120
7700 473.111 -310949 4895.22 163583 72.3426 72.3426 36.0927 120
7750 469.069 -310945 5187.78 163589 72.3434 72.3434 36.0931 120
7800 475.883 -310961 5050.04 163594 72.3443 72.3443 36.0936 120
7850 477.518 -310969 5000.96 163601 72.3452 72.3452 36.094 120
7900 472.541 -310962 5003.67 163607 72.3461 72.3461 36.0945 120
7950 472.021 -310965 4663.54 163614 72.3471 72.3471 36.095 120
8000 470.859 -310966 4430.77 163620 72.3481 72.3481 36.0955 120
8050 468.571 -310964 4317.87 163628 72.3491 72.3491 36.096 120
8100 468.553 -310968 4237.63 163635 72.3502 72.3502 36.0965 120
8150 471.071 -310975 4188.11 163643 72.3513 72.3513 36.0971 120
8200 469.32 -310975 3997.59 163650 72.3525 72.3525 36.0977 120
8250 464.173 -310968 3693.54 163658 72.3537 72.3537 36.0982 120
8300 463.659 -310970 3367.6 163666 72.3548 72.3548 36.0988 120
8350 466.552 -310978 2965.65 163674 72.356 72.356 36.0994 120
8400 463.24 -310974 2863.05 163683 72.3573 72.3573 36.1001 120
8450 461.93 -310974 3067.47 163691 72.3585 72.3585 36.1007 120
8500 468.605 -310989 3150.64 163699 72.3597 72.3597 36.1013 120
8550 466.89 -310988 3215.38 163708 72.361 72.361 36.1019 120
8600 463.081 -310982 3376.54 163717 72.3623 72.3623 36.1025 120
8650 466.166 -310990 3575.28 163725 72.3636 72.3636 36.1032 120
8700 467.636 -310995 3889.61 163734 72.3649 72.3649 36.1038 120
8750 467.514 -310997 4119.39 163743 72.3662 72.3662 36.1045 120
8800 465.283 -310994 4137.15 163752 72.3675 72.3675 36.1052 120
8850 464.128 -310993 3834.73 163762 72.3689 72.3689 36.1059 120
8900 461.078 -310988 3626.25 163771 72.3703 72.3703 36.1066 120
8950 459.958 -310988 3304.7 163781 72.3717 72.3717 36.1073 120
9000 463.324 -310995 2606.02 163791 72.3732 72.3732 36.108 120
9050 460.797 -310991 2044.46 163800 72.3746 72.3746 36.1087 120
9100 459.444 -310990 1713.09 163810 72.376 72.376 36.1094 120
9150 462.388 -310996 1595.66 163820 72.3775 72.3775 36.1101 120
9200 463.081 -310998 1852.15 163829 72.3789 72.3789 36.1108 120
9250 462.965 -310998 2395.08 163839 72.3803 72.3803 36.1115 120
9300 460.945 -310995 3166.51 163849 72.3817 72.3817 36.1123 120
9350 459.138 -310991 3911.15 163858 72.3832 72.3832 36.113 120
9400 459.816 -310993 4224.72 163868 72.3846 72.3846 36.1137 120
9450 459.815 -310992 4106.8 163878 72.3861 72.3861 36.1144 120
9500 457.878 -310989 3905.83 163889 72.3876 72.3876 36.1152 120
9550 455.32 -310983 3695.11 163899 72.3891 72.3891 36.1159 120
9600 458.892 -310990 3113.62 163909 72.3906 72.3906 36.1167 120
9650 461.356 -310994 2465.79 163920 72.3922 72.3922 36.1175 120
9700 459.406 -310989 1887.7 163930 72.3937 72.3937 36.1182 120
9750 461.128 -310992 1436.88 163941 72.3953 72.3953 36.119 120
9800 459.416 -310988 1724.46 163951 72.3968 72.3968 36.1198 120
9850 461.429 -310991 1886.11 163962 72.3983 72.3983 36.1205 120
9900 464.673 -310995 1727.02 163972 72.3999 72.3999 36.1213 120
9950 463.041 -310990 1746.2 163982 72.4014 72.4014 36.1221 120
10000 462.407 -310987 1599.33 163993 72.4029 72.4029 36.1228 120
10050 461.598 -310984 1289.19 164003 72.4044 72.4044 36.1236 120
10100 459.762 -310979 1090.47 164013 72.4059 72.4059 36.1243 120
10150 460.167 -310977 1149.87 164023 72.4074 72.4074 36.1251 120
10200 465.215 -310985 1289.12 164033 72.4088 72.4088 36.1258 120
10250 467.463 -310988 1557.8 164043 72.4103 72.4103 36.1265 120
10300 470.446 -310991 1665.21 164053 72.4118 72.4118 36.1272 120
10350 470.346 -310989 1724.95 164063 72.4132 72.4132 36.128 120
10400 468.252 -310982 1579.01 164072 72.4146 72.4146 36.1287 120
10450 465.89 -310975 1331.22 164082 72.4161 72.4161 36.1294 120
10500 468.001 -310977 1002.98 164092 72.4175 72.4175 36.1301 120
10550 469.876 -310978 996.074 164101 72.4189 72.4189 36.1308 120
10600 468.392 -310973 1474.91 164111 72.4203 72.4203 36.1315 120
10650 472.815 -310979 1667.63 164120 72.4217 72.4217 36.1322 120
10700 475.852 -310982 1645.2 164130 72.4231 72.4231 36.1329 120
10750 474.812 -310978 1585.15 164139 72.4245 72.4245 36.1336 120
10800 474.225 -310974 1368.79 164149 72.4259 72.4259 36.1343 120
10850 473.87 -310971 910.399 164158 72.4273 72.4273 36.135 120
10900 473.377 -310968 480.37 164167 72.4286 72.4286 36.1357 120
10950 473.469 -310965 292.639 164177 72.43 72.43 36.1363 120
11000 477.302 -310970 121.155 164186 72.4313 72.4313 36.137 120
11050 478.337 -310970 79.8924 164195 72.4326 72.4326 36.1376 120
11100 477.489 -310966 371.528 164203 72.4339 72.4339 36.1383 120
11150 475.985 -310961 862.627 164212 72.4352 72.4352 36.1389 120
11200 477.823 -310962 1016.07 164220 72.4364 72.4364 36.1395 120
11250 478.651 -310962 1094.3 164229 72.4377 72.4377 36.1402 120
11300 479.472 -310961 1096.46 164237 72.4389 72.4389 36.1408 120
11350 480.921 -310962 956.314 164246 72.4401 72.4401 36.1414 120
11400 479.942 -310958 871.397 164254 72.4414 72.4414 36.142 120
11450 476.468 -310950 836.163 164262 72.4426 72.4426 36.1426 120
11500 481.448 -310957 552.799 164271 72.4438 72.4438 36.1432 120
11550 483.833 -310960 328.512 164279 72.445 72.445 36.1438 120
11600 484.533 -310959 214.273 164287 72.4462 72.4462 36.1444 120
11650 482.094 -310953 502.206 164295 72.4473 72.4473 36.145 120
11700 480.996 -310949 984.171 164302 72.4485 72.4485 36.1456 120
11750 485.786 -310957 1131.5 164310 72.4496 72.4496 36.1461 120
11800 487.994 -310960 857.286 164318 72.4507 72.4507 36.1467 120
11850 488.123 -310959 385.905 164326 72.4519 72.4519 36.1473 120
11900 486.749 -310955 115.324 164333 72.453 72.453 36.1478 120
11950 484.363 -310950 -62.841 164341 72.4541 72.4541 36.1484 120
12000 483.367 -310947 -198.861 164348 72.4552 72.4552 36.1489 120
12050 486.57 -310952 -361.108 164355 72.4562 72.4562 36.1494 120
12100 486.542 -310951 -443.507 164362 72.4573 72.4573 36.1499 120
12150 485.433 -310949 -400.667 164369 72.4583 72.4583 36.1504 120
12200 486.94 -310951 -229.802 164376 72.4593 72.4593 36.1509 120
12250 488.304 -310952 -188.285 164382 72.4602 72.4602 36.1514 120
12300 489.288 -310954 -497.409 164389 72.4612 72.4612 36.1519 120
12350 486.862 -310949 -592.014 164395 72.4621 72.4621 36.1524 120
12400 488.001 -310952 -691.75 164402 72.463 72.463 36.1528 120
12450 488.149 -310952 -746.15 164408 72.4639 72.4639 36.1533 120
12500 486.334 -310949 -887.534 164414 72.4648 72.4648 36.1537 120
12550 487.084 -310950 -1329.01 164419 72.4656 72.4656 36.1541 120
12600 490.303 -310958 -1715.98 164425 72.4665 72.4665 36.1545 120
12650 491.855 -310961 -1742.8 164430 72.4672 72.4672 36.1549 120
12700 490.63 -310959 -1565.47 164435 72.468 72.468 36.1553 120
12750 489.531 -310958 -1451.34 164440 72.4687 72.4687 36.1556 120
12800 487.867 -310956 -1347.18 164445 72.4694 72.4694 36.156 120
12850 486.063 -310954 -1418.18 164449 72.47 72.47 36.1563 120
12900 485.279 -310953 -1391.2 164454 72.4707 72.4707 36.1566 120
12950 484.388 -310953 -949.758 164458 72.4713 72.4713 36.1569 120
13000 483.89 -310953 -754.828 164462 72.4719 72.4719 36.1572 120
13050 484.139 -310955 -839.252 164466 72.4724 72.4724 36.1575 120
13100 484.986 -310958 -729.138 164469 72.473 72.473 36.1578 120
13150 481.643 -310954 -581.078 164473 72.4735 72.4735 36.158 120
13200 482.381 -310957 -768.572 164476 72.474 72.474 36.1583 120
13250 484.714 -310964 -970.101 164480 72.4745 72.4745 36.1586 120
13300 484.123 -310964 -1127.96 164483 72.475 72.475 36.1588 120
13350 484.021 -310966 -1313.66 164486 72.4755 72.4755 36.159 120
13400 485.285 -310970 -1495.85 164489 72.4759 72.4759 36.1592 120
13450 483.613 -310969 -1789.26 164492 72.4763 72.4763 36.1594 120
13500 478.934 -310962 -1907.88 164494 72.4767 72.4767 36.1596 120
13550 477.982 -310963 -1979.72 164497 72.477 72.477 36.1598 120
13600 479.982 -310969 -2184.89 164499 72.4774 72.4774 36.16 120
13650 482.571 -310976 -2280.57 164501 72.4777 72.4777 36.1601 120
13700 479.556 -310973 -2089.21 164503 72.4779 72.4779 36.1602 120
13750 478.09 -310972 -2137.86 164504 72.4781 72.4781 36.1604 120
13800 473.8 -310966 -2190.21 164506 72.4783 72.4783 36.1605 120
13850 474.647 -310970 -2095.79 164507 72.4785 72.4785 36.1605 120
13900 477.958 -310979 -1690.6 164508 72.4787 72.4787 36.1606 120
13950 478.235 -310982 -1258.13 164509 72.4788 72.4788 36.1607 120
14000 475.89 -310979 -958.257 164509 72.4789 72.4789 36.1607 120
14050 476.203 -310982 -829.168 164510 72.479 72.479 36.1608 120
14100 477.869 -310988 -1002.89 164511 72.4791 72.4791 36.1608 120
14150 476.021 -310986 -1181.91 164511 72.4791 72.4791 36.1608 120
14200 475.962 -310989 -1425.02 164511 72.4792 72.4792 36.1609 120
14250 472.831 -310985 -1622.41 164512 72.4792 72.4792 36.1609 120
14300 468.946 -310980 -1725.71 164512 72.4792 72.4792 36.1609 120
14350 467.513 -310979 -1674.1 164512 72.4792 72.4792 36.1609 120
14400 468.936 -310984 -1409.74 164511 72.4792 72.4792 36.1609 120
14450 470.745 -310989 -951.494 164511 72.4791 72.4791 36.1609 120
14500 474.924 -310999 -726.537 164511 72.4791 72.4791 36.1608 120
14550 473.077 -310997 -372.509 164510 72.479 72.479 36.1608 120
14600 470.307 -310994 8.09723 164510 72.4789 72.4789 36.1608 120
14650 467.864 -310991 296.992 164509 72.4789 72.4789 36.1607 120
14700 468.514 -310994 503.404 164509 72.4788 72.4788 36.1607 120
14750 471.52 -311001 552.148 164509 72.4788 72.4788 36.1607 120
14800 472.295 -311004 392.389 164508 72.4787 72.4787 36.1606 120
14850 471.432 -311005 -27.1106 164508 72.4787 72.4787 36.1606 120
14900 469.555 -311002 -533.685 164508 72.4786 72.4786 36.1606 120
14950 467.828 -311000 -875.353 164507 72.4786 72.4786 36.1606 120
15000 466.012 -310998 -1005.83 164507 72.4785 72.4785 36.1605 120
15050 467.443 -311002 -1159.8 164506 72.4784 72.4784 36.1605 120
15100 466.168 -311001 -1061.4 164506 72.4784 72.4784 36.1605 120
15150 461.306 -310993 -810.26 164505 72.4783 72.4783 36.1604 120
15200 459.562 -310990 -736.231 164505 72.4782 72.4782 36.1604 120
15250 460.372 -310993 -742.728 164504 72.4781 72.4781 36.1603 120
15300 463.708 -311000 -1009.23 164503 72.4779 72.4779 36.1603 120
15350 465.665 -311005 -1234.38 164502 72.4778 72.4778 36.1602 120
15400 467.39 -311009 -1218.72 164501 72.4777 72.4777 36.1601 120
15450 466.699 -311008 -1298.36 164500 72.4775 72.4775 36.16 120
15500 465.396 -311006 -1409.09 164499 72.4773 72.4773 36.16 120
15550 466.542 -311009 -1332.95 164498 72.4772 72.4772 36.1599 120
15600 466.54 -311010 -1194.68 164496 72.477 72.477 36.1598 120
15650 465.323 -311007 -1156.95 164495 72.4768 72.4768 36.1597 120
15700 466.239 -311009 -1180.1 164493 72.4765 72.4765 36.1596 120
15750 465.809 -311008 -1208.75 164492 72.4763 72.4763 36.1594 120
15800 465.839 -311008 -1411 164490 72.4761 72.4761 36.1593 120
15850 464.53 -311005 -1644.22 164488 72.4758 72.4758 36.1592 120
15900 464.036 -311004 -2020.83 164487 72.4755 72.4755 36.1591 120
15950 463.078 -311001 -2403.32 164485 72.4752 72.4752 36.1589 120
16000 460.369 -310995 -2565.45 164482 72.4749 72.4749 36.1587 120
16050 462.639 -310999 -2570.57 164480 72.4746 72.4746 36.1586 120
16100 466.218 -311005 -2250.61 164477 72.4742 72.4742 36.1584 120
16150 466.512 -311005 -1706.31 164475 72.4738 72.4738 36.1582 120
16200 465.091 -311001 -1245.85 164472 72.4734 72.4734 36.158 120
16250 465.377 -311001 -871.826 164469 72.473 72.473 36.1578 120
16300 467.163 -311003 -426.043 164466 72.4725 72.4725 36.1576 120
16350 468.153 -311004 -18.3067 164463 72.4721 72.4721 36.1574 120
16400 469.495 -311006 -11.3162 164461 72.4717 72.4717 36.1571 120
16450 473.828 -311013 -350.341 164458 72.4713 72.4713 36.1569 120
16500 473.29 -311011 -405.432 164455 72.4709 72.4709 36.1567 120
16550 470.841 -311005 -483.12 164452 72.4705 72.4705 36.1565 120
16600 468.75 -311000 -861.955 164449 72.47 72.4701 36.1563 120
16650 469.646 -311000 -1455.6 164446 72.4696 72.4696 36.1561 120
16700 468.561 -310996 -1865.29 164444 72.4692 72.4692 36.1559 120
16750 470.051 -310998 -2065.77 164440 72.4688 72.4688 36.1557 120
16800 470.459 -310997 -1761.42 164437 72.4683 72.4683 36.1554 120
16850 469.896 -310995 -1392.39 164434 72.4678 72.4678 36.1552 120
16900 470.634 -310994 -1302.1 164431 72.4673 72.4673 36.155 120
16950 469.031 -310990 -1112.59 164427 72.4668 72.4668 36.1547 120
17000 471.953 -310994 -1030.23 164424 72.4663 72.4663 36.1545 120
17050 471.612 -310991 -938.918 164420 72.4658 72.4658 36.1542 120
17100 471.281 -310989 -983.848 164417 72.4653 72.4653 36.1539 120
17150 474.789 -310994 -994.849 164413 72.4648 72.4648 36.1537 120
17200 472.999 -310988 -489.343 164410 72.4642 72.4642 36.1534 120
17250 474.942 -310990 -183.559 164406 72.4637 72.4637 36.1532 120
17300 476.195 -310991 -210.335 164402 72.4632 72.4632 36.1529 120
17350 476.205 -310990 -358.323 164399 72.4627 72.4627 36.1526 120
17400 477.348 -310990 -612.981 164395 72.4621 72.4621 36.1524 120
17450 475.78 -310985 -708.022 164392 72.4616 72.4616 36.1521 120
17500 475.202 -310983 -537.523 164388 72.4611 72.4611 36.1519 120
17550 477.881 -310986 -332.996 164385 72.4606 72.4606 36.1516 120
17600 480.297 -310989 -23.1447 164381 72.4601 72.4601 36.1513 120
17650 480.857 -310988 366.697 164378 72.4596 72.4596 36.1511 120
17700 480.309 -310985 545.538 164374 72.4591 72.4591 36.1508 120
17750 481.328 -310985 406.976 164371 72.4586 72.4586 36.1506 120
17800 478.104 -310978 179.558 164368 72.4581 72.4581 36.1504 120
17850 476.278 -310973 -105.694 164365 72.4576 72.4576 36.1501 120
17900 477.544 -310974 -381.73 164362 72.4572 72.4572 36.1499 120
17950 481.118 -310980 -540.816 164358 72.4567 72.4567 36.1497 120
18000 482.566 -310981 -255.488 164355 72.4562 72.4562 36.1494 120
18050 484.09 -310983 13.7549 164352 72.4558 72.4558 36.1492 120
18100 484.607 -310983 30.0568 164349 72.4553 72.4553 36.149 120
18150 482.347 -310977 148.385 164346 72.4549 72.4549 36.1488 120
18200 482.003 -310976 225.684 164343 72.4544 72.4544 36.1485 120
18250 480.56 -310972 394.905 164340 72.454 72.454 36.1483 120
18300 480.355 -310971 690.776 164337 72.4536 72.4536 36.1481 120
18350 483.419 -310976 1029.47 164334 72.4532 72.4532 36.1479 120
18400 485.263 -310979 1175.01 164332 72.4528 72.4528 36.1477 120
18450 481.093 -310970 1330.92 164329 72.4524 72.4524 36.1475 120
18500 481.98 -310971 1201.26 164327 72.4521 72.4521 36.1474 120
18550 485.819 -310978 844.201 164325 72.4517 72.4517 36.1472 120
18600 484.033 -310975 891.619 164323 72.4514 72.4514 36.147 120
18650 482.775 -310972 1202.32 164320 72.4511 72.4511 36.1469 120
18700 482.698 -310971 1411.41 164319 72.4508 72.4508 36.1467 120
18750 481.549 -310969 1611.05 164317 72.4506 72.4506 36.1466 120
18800 484.975 -310975 1800.31 164315 72.4503 72.4503 36.1465 120
18850 488.326 -310982 1793.59 164314 72.4501 72.4501 36.1464 120
18900 484.564 -310975 1710 164312 72.4499 72.4499 36.1463 120
18950 487.053 -310980 1289.07 164311 72.4498 72.4498 36.1462 120
19000 487.822 -310982 973.95 164310 72.4496 72.4496 36.1461 120
19050 484.389 -310976 1019.77 164309 72.4495 72.4495 36.1461 120
19100 482.654 -310973 1228.5 164308 72.4494 72.4494 36.146 120
19150 484.72 -310978 1312.51 164308 72.4492 72.4492 36.1459 120
19200 482.866 -310975 1492.63 164307 72.4492 72.4492 36.1459 120
19250 483.28 -310977 1503.59 164307 72.4491 72.4491 36.1459 120
19300 485.779 -310983 1480.37 164306 72.449 72.449 36.1458 120
19350 484.508 -310981 1635.59 164306 72.449 72.449 36.1458 120
19400 484.497 -310983 1333.4 164306 72.449 72.449 36.1458 120
19450 479.558 -310974 1139.75 164306 72.449 72.449 36.1458 120
19500 482.062 -310981 971.75 164306 72.449 72.449 36.1458 120
19550 482.666 -310983 757.21 164306 72.4491 72.4491 36.1458 120
19600 480.593 -310981 326.701 164307 72.4491 72.4491 36.1459 120
19650 482.57 -310986 -183.252 164307 72.4491 72.4491 36.1459 120
19700 482.079 -310987 -257.359 164307 72.4492 72.4492 36.1459 120
19750 480.008 -310985 -108.732 164307 72.4492 72.4492 36.1459 120
19800 480.525 -310987 -101.957 164308 72.4492 72.4492 36.1459 120
19850 479.941 -310987 -236.09 164308 72.4493 72.4493 36.146 120
19900 473.834 -310977 -223.738 164308 72.4493 72.4493 36.146 120
19950 475.313 -310981 191.841 164308 72.4493 72.4493 36.146 120
20000 484.309 -311000 698.123 164308 72.4494 72.4494 36.146 120
20050 484.253 -311002 1124.38 164309 72.4494 72.4494 36.146 120
20100 477.652 -310991 1596.16 164309 72.4495 72.4495 36.146 120
20150 477.891 -310993 1715.17 164310 72.4495 72.4495 36.1461 120
20200 478.456 -310996 1541.39 164310 72.4496 72.4496 36.1461 120
20250 478.208 -310997 1129.04 164311 72.4497 72.4497 36.1462 120
20300 478.369 -311000 732.297 164312 72.4498 72.4498 36.1462 120
20350 475.467 -310996 830.084 164313 72.45 72.45 36.1463 120
20400 473.77 -310995 1138.73 164313 72.4501 72.4501 36.1464 120
20450 474.542 -310998 1223.61 164314 72.4502 72.4502 36.1464 120
20500 476.871 -311004 1192.05 164316 72.4504 72.4504 36.1465 120
20550 475.306 -311003 1309.55 164317 72.4506 72.4506 36.1466 120
20600 471.509 -310997 1489.01 164318 72.4508 72.4508 36.1467 120
20650 475.774 -311007 1574.91 164319 72.451 72.451 36.1468 120
20700 475.322 -311008 1848.84 164321 72.4512 72.4512 36.1469 120
20750 474.434 -311008 1770.56 164323 72.4514 72.4514 36.147 120
20800 474.477 -311010 1396.73 164324 72.4517 72.4517 36.1472 120
20850 473.897 -311010 1135.11 164326 72.452 72.452 36.1473 120
20900 473.128 -311011 918.104 164328 72.4522 72.4522 36.1474 120
20950 467.025 -311001 1052.54 164330 72.4525 72.4525 36.1476 120
21000 469.253 -311006 1324.97 164332 72.4528 72.4528 36.1477 120
21050 469.335 -311008 1770.9 164334 72.4531 72.4531 36.1479 120
21100 470.376 -311012 1687.44 164336 72.4535 72.4535 36.148 120
21150 466.952 -311007 1515.91 164339 72.4538 72.4538 36.1482 120
21200 467.341 -311009 1570.66 164341 72.4542 72.4542 36.1484 120
21250 467.053 -311010 1647.67 164344 72.4546 72.4546 36.1486 120
21300 463.969 -311005 1232.57 164346 72.4549 72.4549 36.1488 120
21350 467.595 -311014 653.02 164349 72.4553 72.4553 36.149 120
21400 471.16 -311022 455.23 164352 72.4558 72.4558 36.1492 120
21450 467.379 -311015 665.234 164355 72.4562 72.4562 36.1494 120
21500 468.154 -311017 760.191 164358 72.4566 72.4566 36.1496 120
21550 467.706 -311018 348.443 164360 72.457 72.457 36.1498 120
21600 463.203 -311010 -17.7825 164363 72.4574 72.4574 36.15 120
21650 466.588 -311017 191.87 164366 72.4578 72.4578 36.1502 120
21700 472.23 -311028 554.116 164369 72.4582 72.4582 36.1504 120
21750 467.532 -311020 786.952 164372 72.4586 72.4586 36.1506 120
21800 463.179 -311012 751.039 164374 72.459 72.459 36.1508 120
21850 464.749 -311015 564.81 164377 72.4595 72.4595 36.151 120
21900 467.128 -311019 588.161 164380 72.4599 72.4599 36.1512 120
21950 467.729 -311020 930.934 164383 72.4603 72.4603 36.1515 120
22000 467.436 -311020 1201.14 164386 72.4607 72.4607 36.1517 120
22050 469.668 -311024 1181.02 164389 72.4612 72.4612 36.1519 120
22100 471.944 -311029 1183.57 164392 72.4616 72.4616 36.1521 120
22150 465.685 -311017 1531.89 164395 72.4621 72.4621 36.1523 120
22200 463.018 -311012 1570.07 164398 72.4626 72.4626 36.1526 120
22250 462.923 -311011 1205.38 164402 72.463 72.463 36.1528 120
22300 465.088 -311015 477.139 164405 72.4635 72.4635 36.1531 120
22350 466.139 -311017 -284.863 164408 72.464 72.464 36.1533 120
22400 468.545 -311021 -920.924 164412 72.4645 72.4645 36.1536 120
22450 468.171 -311019 -1237.02 164415 72.465 72.465 36.1538 120
22500 464.389 -311012 -1240.88 164418 72.4654 72.4654 36.154 120
22550 469.341 -311020 -1313.37 164421 72.4659 72.4659 36.1542 120
22600 469.602 -311019 -1165.36 164424 72.4663 72.4663 36.1544 120
22650 466.974 -311014 -836.981 164426 72.4667 72.4667 36.1546 120
22700 469.585 -311018 -441.595 164429 72.467 72.467 36.1548 120
22750 470.026 -311018 13.3923 164431 72.4674 72.4674 36.155 120
22800 470.156 -311017 245.635 164434 72.4678 72.4678 36.1552 120
22850 470.592 -311017 274.429 164436 72.4681 72.4681 36.1554 120
22900 469.668 -311014 232.852 164439 72.4685 72.4685 36.1555 120
22950 467.96 -311010 314.298 164441 72.4688 72.4688 36.1557 120
23000 469.081 -311011 329.671 164443 72.4692 72.4692 36.1559 120
23050 470.237 -311012 288.29 164446 72.4696 72.4696 36.1561 120
23100 472.456 -311015 320.287 164448 72.4699 72.4699 36.1563 120
23150 476.485 -311021 375.708 164451 72.4703 72.4703 36.1564 120
23200 473.38 -311014 416.982 164453 72.4706 72.4706 36.1566 120
23250 469.208 -311005 331.706 164456 72.471 72.471 36.1568 120
23300 473.102 -311011 61.738 164458 72.4713 72.4713 36.157 120
23350 475.441 -311014 -358.772 164461 72.4717 72.4717 36.1571 120
23400 470.562 -311004 -475.776 164463 72.4721 72.4721 36.1573 120
23450 470.777 -311003 -496.862 164465 72.4724 72.4724 36.1575 120
23500 473.57 -311007 -689.276 164467 72.4727 72.4727 36.1577 120
23550 472.086 -311002 -857.304 164470 72.473 72.473 36.1578 120
23600 471.228 -310999 -865.577 164472 72.4733 72.4733 36.158 120
23650 475.076 -311005 -974.611 164474 72.4736 72.4736 36.1581 120
23700 476.286 -311005 -950.526 164476 72.4739 72.4739 36.1582 120
23750 476.578 -311004 -373.538 164477 72.4742 72.4742 36.1584 120
23800 481.507 -311012 370.301 164479 72.4744 72.4744 36.1585 120
23850 480.145 -311008 1077.39 164481 72.4747 72.4747 36.1586 120
23900 477.28 -311001 1523 164483 72.4749 72.4749 36.1588 120
23950 474.79 -310995 1850.06 164484 72.4752 72.4752 36.1589 120
24000 476.708 -310997 1739.41 164487 72.4755 72.4755 36.159 120
24050 479.661 -311001 1223.39 164489 72.4758 72.4758 36.1592 120
24100 478.027 -310997 572.936 164491 72.4762 72.4762 36.1594 120
24150 478.962 -310998 -133.086 164493 72.4765 72.4765 36.1595 120
24200 479.695 -310998 -649.913 164495 72.4768 72.4768 36.1597 120
24250 478.561 -310995 -1051.54 164498 72.4771 72.4771 36.1599 120
24300 483.174 -311002 -1388.45 164500 72.4774 72.4774 36.16 120
24350 480.95 -310997 -1074.2 164501 72.4777 72.4777 36.1601 120
24400 479.323 -310993 -667.719 164503 72.478 72.478 36.1603 120
24450 480.553 -310994 -309.653 164505 72.4782 72.4782 36.1604 120
24500 478.742 -310990 302.207 164507 72.4785 72.4785 36.1605 120
24550 479.132 -310990 469.194 164508 72.4787 72.4787 36.1607 120
24600 482.385 -310995 258.93 164510 72.479 72.479 36.1608 120
24650 485.079 -310999 474.454 164512 72.4792 72.4792 36.1609 120
24700 486.395 -311001 1157.93 164514 72.4795 72.4795 36.161 120
24750 484.703 -310998 1567.49 164515 72.4798 72.4798 36.1612 120
24800 484.597 -310997 1453.03 164517 72.48 72.48 36.1613 120
24850 483.766 -310995 1367.28 164519 72.4803 72.4803 36.1615 120
24900 480.453 -310989 1440.29 164521 72.4806 72.4806 36.1616 120
24950 480.769 -310989 1391.04 164524 72.481 72.481 36.1618 120
25000 481.731 -310991 1199.01 164526 72.4813 72.4813 36.1619 120
25050 481.349 -310990 649.218 164528 72.4817 72.4817 36.1621 120
25100 481.222 -310989 -69.3582 164531 72.482 72.482 36.1623 120
25150 482.772 -310993 -483.809 164533 72.4824 72.4824 36.1625 120
25200 484.274 -310995 -541.747 164535 72.4827 72.4827 36.1626 120
25250 482.711 -310992 -595.233 164538 72.483 72.483 36.1628 120
25300 482.383 -310992 -818.064 164540 72.4833 72.4833 36.163 120
25350 486.23 -311000 -849.034 164542 72.4836 72.4836 36.1631 120
25400 482.497 -310994 -453.934 164544 72.4839 72.4839 36.1632 120
25450 474.527 -310978 14.981 164546 72.4842 72.4842 36.1634 120
25500 481.095 -310992 129.141 164548 72.4845 72.4845 36.1635 120
25550 485.497 -311001 161.692 164550 72.4848 72.4848 36.1637 120
25600 482.409 -310995 215.268 164551 72.4851 72.4851 36.1638 120
25650 482.061 -310996 254.307 164553 72.4853 72.4853 36.1639 120
25700 479.425 -310992 370.897 164555 72.4856 72.4856 36.1641 120
25750 481.724 -310997 320.77 164557 72.4859 72.4859 36.1642 120
25800 479.296 -310993 843.707 164559 72.4862 72.4862 36.1644 120
25850 479.351 -310994 1419.59 164561 72.4865 72.4865 36.1645 120
25900 486.548 -311009 1105.83 164563 72.4868 72.4868 36.1647 120
25950 481.245 -311000 598.217 164565 72.4871 72.4871 36.1648 120
26000 481.131 -311001 -57.2457 164567 72.4874 72.4874 36.165 120
26050 479.501 -310999 -213.836 164569 72.4877 72.4877 36.1651 120
26100 479.241 -311000 -150.169 164572 72.488 72.488 36.1653 120
26150 482.72 -311008 -134.964 164574 72.4883 72.4883 36.1654 120
26200 479.416 -311003 -25.1894 164576 72.4886 72.4886 36.1656 120
26250 477.01 -310999 -17.4607 164578 72.4889 72.4889 36.1657 120
26300 476.492 -311000 138.756 164580 72.4892 72.4892 36.1659 120
26350 473.712 -310996 333.619 164582 72.4895 72.4895 36.166 120
26400 476.268 -311002 125.198 164584 72.4898 72.4898 36.1662 120
26450 480.708 -311012 -225.71 164586 72.4901 72.4901 36.1663 120
26500 475.344 -311004 -207.231 164587 72.4903 72.4903 36.1664 120
26550 473.241 -311001 -336.951 164589 72.4906 72.4906 36.1666 120
26600 476.812 -311009 -637.315 164591 72.4909 72.4909 36.1667 120
26650 474.172 -311006 -391.729 164593 72.4911 72.4912 36.1668 120
26700 474.31 -311008 -34.6502 164595 72.4914 72.4914 36.167 120
26750 474.604 -311010 199.228 164596 72.4917 72.4917 36.1671 120
26800 473.61 -311009 145.301 164598 72.4919 72.4919 36.1672 120
26850 476.121 -311015 -271.847 164600 72.4922 72.4922 36.1673 120
26900 474.054 -311013 -398.993 164601 72.4924 72.4924 36.1675 120
26950 476.606 -311019 -605.169 164603 72.4926 72.4926 36.1676 120
27000 476.935 -311021 -785.391 164605 72.4929 72.4929 36.1677 120
27050 474.143 -311017 -864.304 164606 72.4931 72.4931 36.1678 120
27100 471.426 -311013 -1064.66 164607 72.4933 72.4933 36.1679 120
27150 470.433 -311013 -1367.51 164609 72.4935 72.4935 36.168 120
27200 473.231 -311020 -1482.98 164610 72.4936 72.4936 36.1681 120
27250 472.24 -311019 -1281.85 164611 72.4938 72.4938 36.1682 120
27300 468.088 -311012 -966.314 164612 72.4939 72.4939 36.1682 120
27350 472.227 -311021 -982.692 164613 72.494 72.494 36.1683 120
27400 472.294 -311023 -1176.34 164613 72.4941 72.4941 36.1683 120
27450 467.301 -311014 -1305.54 164614 72.4942 72.4942 36.1684 120
27500 468.351 -311017 -1377.54 164614 72.4943 72.4943 36.1684 120
27550 468.826 -311019 -1193.04 164615 72.4943 72.4943 36.1684 120
27600 467.374 -311017 -797.621 164615 72.4944 72.4944 36.1685 120
27650 468.704 -311020 -377.569 164615 72.4944 72.4944 36.1685 120
27700 470.757 -311025 146.47 164615 72.4944 72.4944 36.1685 120
27750 472.061 -311028 479.95 164616 72.4945 72.4945 36.1685 120
27800 469.144 -311023 461.299 164616 72.4945 72.4945 36.1685 120
27850 469.136 -311024 122.01 164616 72.4945 72.4945 36.1685 120
27900 473.089 -311032 -293.038 164616 72.4946 72.4946 36.1686 120
27950 472.315 -311031 -480.711 164617 72.4946 72.4946 36.1686 120
28000 470.175 -311028 -757.266 164617 72.4946 72.4946 36.1686 120
28050 468.643 -311025 -1044.21 164617 72.4947 72.4947 36.1686 120
28100 467.407 -311024 -1130.2 164617 72.4947 72.4947 36.1686 120
28150 468.674 -311027 -1189.02 164617 72.4947 72.4947 36.1686 120
28200 468.869 -311027 -840.223 164617 72.4946 72.4946 36.1686 120
28250 471.241 -311033 -189.138 164616 72.4946 72.4946 36.1686 120
28300 469.85 -311030 422.33 164616 72.4946 72.4946 36.1686 120
28350 467.429 -311025 823.244 164616 72.4945 72.4945 36.1685 120
28400 467.282 -311025 1228.07 164616 72.4945 72.4945 36.1685 120
28450 467.689 -311027 1449.82 164616 72.4945 72.4945 36.1685 120
28500 470.594 -311032 1190.99 164616 72.4945 72.4945 36.1685 120
28550 472.523 -311036 952.507 164616 72.4946 72.4946 36.1685 120
28600 471.243 -311033 663.167 164616 72.4946 72.4946 36.1686 120
28650 465.898 -311023 119.475 164617 72.4946 72.4946 36.1686 120
28700 462.992 -311017 -586.918 164617 72.4947 72.4947 36.1686 120
28750 467.519 -311025 -1283.55 164617 72.4947 72.4947 36.1686 120
28800 469.228 -311028 -1455.61 164618 72.4948 72.4948 36.1686 120
28850 468.085 -311025 -1391.77 164618 72.4948 72.4948 36.1687 120
28900 467.269 -311023 -1453.57 164618 72.4948 72.4948 36.1686 120
28950 468.166 -311024 -1705.12 164617 72.4947 72.4947 36.1686 120
29000 468.672 -311025 -1694.31 164617 72.4947 72.4947 36.1686 120
29050 470.716 -311028 -1422.28 164617 72.4946 72.4946 36.1686 120
29100 471.205 -311028 -1176.59 164616 72.4945 72.4945 36.1685 120
29150 467.76 -311021 -901.969 164615 72.4944 72.4944 36.1685 120
29200 466.408 -311018 -664.195 164615 72.4943 72.4943 36.1684 120
29250 468.671 -311021 -675.348 164614 72.4942 72.4942 36.1684 120
29300 469.283 -311022 -738.067 164613 72.4941 72.4941 36.1683 120
29350 472.503 -311026 -1040.79 164612 72.4939 72.4939 36.1682 120
29400 473.166 -311027 -1245.15 164611 72.4938 72.4938 36.1682 120
29450 474.464 -311028 -1023.58 164610 72.4936 72.4936 36.1681 120
29500 472.5 -311023 -422.305 164609 72.4935 72.4935 36.168 120
29550 474.034 -311026 -187.356 164608 72.4933 72.4933 36.1679 120
29600 475.245 -311026 -372.409 164607 72.4931 72.4931 36.1678 120
29650 470.169 -311016 -570.621 164605 72.493 72.493 36.1678 120
29700 471.395 -311017 -580.908 164604 72.4928 72.4928 36.1677 120
29750 475.814 -311024 -382.777 164603 72.4926 72.4926 36.1676 120
29800 475.113 -311021 -440.271 164602 72.4924 72.4924 36.1675 120
29850 475.515 -311021 -932.665 164600 72.4922 72.4922 36.1674 120
29900 473.98 -311016 -1173.39 164599 72.492 72.492 36.1673 120
29950 474.104 -311016 -1091.42 164597 72.4918 72.4918 36.1672 120
30000 472.062 -311011 -700.162 164596 72.4916 72.4916 36.1671 120
30050 473.632 -311012 -138.833 164594 72.4913 72.4913 36.1669 120
30100 478.595 -311021 304.896 164593 72.4911 72.4911 36.1668 120
30150 476.504 -311016 427.862 164591 72.4909 72.4909 36.1667 120
30200 473.485 -311009 379.45 164590 72.4907 72.4907 36.1666 120
30250 471.767 -311004 466.858 164588 72.4905 72.4905 36.1665 120
30300 473.338 -311006 352.902 164587 72.4903 72.4903 36.1664 120
30350 478.665 -311015 95.8438 164586 72.4901 72.4901 36.1663 120
30400 480.95 -311018 164.331 164584 72.4899 72.4899 36.1662 120
30450 483.369 -311021 334.877 164583 72.4897 72.4897 36.1661 120
30500 484.417 -311022 479.309 164582 72.4895 72.4895 36.166 120
30550 476.09 -311005 912.324 164580 72.4893 72.4893 36.1659 120
30600 476.822 -311006 1011.78 164579 72.4892 72.4892 36.1659 120
30650 477.622 -311006 1073.86 164578 72.489 72.489 36.1658 120
30700 479.312 -311009 1201.08 164577 72.4889 72.4889 36.1657 120
30750 482.656 -311014 1460.63 164577 72.4887 72.4888 36.1657 120
30800 478.011 -311004 2027.4 164576 72.4886 72.4886 36.1656 120
30850 479.005 -311005 2377.7 164575 72.4886 72.4886 36.1656 120
30900 478.234 -311003 2645.26 164575 72.4885 72.4885 36.1655 120
30950 477.322 -311000 2528.88 164575 72.4885 72.4885 36.1655 120
31000 481.898 -311009 1956.55 164575 72.4885 72.4885 36.1655 120
31050 482.996 -311011 1439.78 164575 72.4886 72.4886 36.1656 120
31100 479.822 -311004 1193.23 164576 72.4886 72.4886 36.1656 120
31150 478.317 -311001 1117.77 164576 72.4887 72.4887 36.1656 120
31200 482.291 -311008 838.615 164577 72.4888 72.4888 36.1657 120
31250 479.391 -311002 563.574 164578 72.4889 72.4889 36.1657 120
31300 476.822 -310997 342.906 164578 72.489 72.489 36.1658 120
31350 481.304 -311005 207.445 164579 72.4891 72.4891 36.1658 120
31400 485.037 -311013 100.739 164580 72.4892 72.4892 36.1659 120
31450 482.28 -311007 176.947 164580 72.4893 72.4893 36.1659 120
31500 479.813 -311002 162.979 164581 72.4894 72.4894 36.166 120
31550 482.771 -311008 -79.7043 164582 72.4895 72.4895 36.166 120
31600 484.968 -311012 -275.789 164583 72.4896 72.4896 36.1661 120
31650 482.038 -311007 -220.144 164583 72.4897 72.4897 36.1661 120
31700 480.512 -311004 220.701 164584 72.4898 72.4898 36.1662 120
31750 481.422 -311005 655.748 164585 72.4899 72.4899 36.1662 120
31800 477.912 -310999 900.888 164585 72.49 72.49 36.1663 120
31850 481.234 -311006 725.497 164586 72.4902 72.4902 36.1664 120
31900 484.134 -311012 466.107 164587 72.4903 72.4903 36.1664 120
31950 480.652 -311005 242.813 164588 72.4904 72.4904 36.1665 120
32000 479.338 -311004 85.0503 164589 72.4905 72.4905 36.1665 120
32050 484.133 -311013 -95.2632 164590 72.4907 72.4907 36.1666 120
32100 488.456 -311023 -317.602 164591 72.4908 72.4908 36.1667 120
32150 483.613 -311014 -220.227 164591 72.4909 72.4909 36.1667 120
32200 479.085 -311007 -239.443 164592 72.491 72.491 36.1668 120
32250 480.093 -311010 -508.223 164593 72.4912 72.4912 36.1669 120
32300 482.122 -311015 -579.619 164594 72.4913 72.4913 36.1669 120
32350 478.344 -311008 -92.4269 164594 72.4914 72.4914 36.167 120
32400 478.133 -311009 425.232 164595 72.4915 72.4915 36.167 120
32450 479.993 -311014 782.681 164596 72.4916 72.4916 36.1671 120
32500 480.51 -311016 830.621 164597 72.4917 72.4917 36.1671 120
32550 477.346 -311011 837.386 164597 72.4918 72.4918 36.1672 120
32600 479.5 -311016 840.674 164598 72.4919 72.4919 36.1672 120
32650 480.53 -311019 976.214 164599 72.4921 72.4921 36.1673 120
32700 475.746 -311012 1143.33 164600 72.4922 72.4922 36.1674 120
32750 478.593 -311018 851.045 164601 72.4924 72.4924 36.1675 120
32800 477.06 -311017 848.367 164603 72.4926 72.4926 36.1676 120
32850 475.734 -311016 895.521 164604 72.4927 72.4927 36.1676 120
32900 475.195 -311016 806.257 164605 72.4929 72.4929 36.1677 120
32950 472.481 -311012 715.478 164606 72.4931 72.4931 36.1678 120
33000 470.96 -311011 665.224 164608 72.4933 72.4933 36.1679 120
33050 474.239 -311018 632.669 164609 72.4935 72.4935 36.168 120
33100 474.068 -311019 855.211 164611 72.4938 72.4938 36.1681 120
33150 474.965 -311022 809.094 164612 72.494 72.494 36.1683 120
33200 477.995 -311029 368.809 164614 72.4942 72.4942 36.1684 120
33250 477.272 -311029 117.276 164615 72.4944 72.4944 36.1685 120
33300 474.674 -311026 -93.0334 164617 72.4947 72.4947 36.1686 120
33350 471.563 -311020 -179.592 164619 72.4949 72.4949 36.1687 120
33400 474.56 -311027 -81.9012 164620 72.4951 72.4951 36.1688 120
33450 473.479 -311027 280.304 164622 72.4954 72.4954 36.169 120
33500 473.119 -311028 417.998 164623 72.4956 72.4956 36.1691 120
33550 470.084 -311023 376.19 164625 72.4958 72.4958 36.1692 120
33600 468.649 -311021 32.3253 164626 72.496 72.496 36.1693 120
33650 473.621 -311032 -385.857 164628 72.4963 72.4963 36.1694 120
33700 476.942 -311039 -266.717 164629 72.4965 72.4965 36.1695 120
33750 473.128 -311033 -34.929 164631 72.4967 72.4967 36.1696 120
33800 468.933 -311026 -390.884 164632 72.4969 72.4969 36.1697 120
33850 468.312 -311026 -1206.39 164634 72.4971 72.4971 36.1698 120
33900 469.788 -311029 -1900.25 164635 72.4973 72.4973 36.1699 120
33950 468.487 -311028 -2097.13 164636 72.4975 72.4975 36.17 120
34000 472.107 -311035 -2084.94 164637 72.4976 72.4976 36.1701 120
34050 472.279 -311037 -1734.42 164638 72.4978 72.4978 36.1701 120
34100 474.017 -311041 -1457.67 164639 72.4978 72.4978 36.1702 120
34150 474.574 -311043 -1043.1 164639 72.4979 72.4979 36.1702 120
34200 469.972 -311035 -588.9 164639 72.498 72.498 36.1703 120
34250 467.976 -311032 -522.728 164640 72.498 72.498 36.1703 120
34300 469.554 -311035 -567.176 164640 72.4981 72.4981 36.1703 120
34350 467.751 -311032 -534.434 164640 72.4981 72.4981 36.1703 120
34400 464.654 -311026 -651.547 164641 72.4981 72.4981 36.1703 120
34450 469.017 -311035 -948.123 164641 72.4982 72.4982 36.1703 120
34500 469.469 -311036 -858.974 164641 72.4982 72.4982 36.1704 120
34550 467.433 -311033 -565.233 164641 72.4982 72.4982 36.1704 120
34600 470.63 -311039 -201.702 164641 72.4982 72.4982 36.1703 120
34650 474.345 -311047 198.635 164641 72.4982 72.4982 36.1703 120
34700 470.13 -311039 442.332 164641 72.4981 72.4981 36.1703 120
34750 470.043 -311039 218.53 164641 72.4981 72.4981 36.1703 120
34800 469.576 -311038 -51.9214 164641 72.4981 72.4981 36.1703 120
34850 464.628 -311029 -31.2349 164641 72.4981 72.4981 36.1703 120
34900 469.29 -311038 -62.4387 164641 72.4981 72.4981 36.1703 120
34950 472.403 -311044 63.7488 164641 72.4981 72.4981 36.1703 120
35000 467.624 -311035 84.5601 164641 72.4981 72.4981 36.1703 120
35050 464.513 -311029 66.2848 164641 72.4981 72.4981 36.1703 120
35100 466.607 -311032 190.588 164641 72.4982 72.4982 36.1703 120
35150 470.137 -311038 68.8567 164641 72.4982 72.4982 36.1703 120
35200 471.294 -311040 -219.747 164641 72.4982 72.4982 36.1703 120
35250 471.306 -311039 -355.536 164641 72.4982 72.4982 36.1703 120
35300 470.005 -311037 -350.357 164641 72.4982 72.4982 36.1703 120
35350 467.793 -311032 -367.938 164641 72.4982 72.4982 36.1703 120
35400 468.23 -311032 -383.905 164641 72.4981 72.4981 36.1703 120
35450 471.156 -311037 -403.49 164641 72.4981 72.4981 36.1703 120
35500 467.649 -311029 -184.789 164640 72.4981 72.4981 36.1703 120
35550 469.84 -311033 -21.635 164640 72.4981 72.4981 36.1703 120
35600 479.12 -311050 -1.25214 164640 72.4981 72.4981 36.1703 120
35650 476.792 -311045 132.69 164640 72.498 72.498 36.1703 120
35700 472.852 -311037 -77.3701 164640 72.498 72.498 36.1703 120
35750 469.721 -311030 -246.151 164640 72.498 72.498 36.1703 120
35800 470.527 -311030 -266.042 164639 72.498 72.498 36.1703 120
35850 470.129 -311029 -150.977 164639 72.4979 72.4979 36.1702 120
35900 471.098 -311030 -117.797 164639 72.4979 72.4979 36.1702 120
35950 475.402 -311037 -165.241 164639 72.4979 72.4979 36.1702 120
36000 476.521 -311038 2.85861 164639 72.4979 72.4979 36.1702 120
36050 474.492 -311033 182.74 164638 72.4978 72.4978 36.1702 120
36100 473.785 -311031 278.026 164638 72.4978 72.4978 36.1702 120
36150 475.206 -311032 301.792 164638 72.4978 72.4978 36.1702 120
36200 475.218 -311031 342.733 164638 72.4978 72.4978 36.1701 120
36250 472.743 -311025 514.767 164638 72.4977 72.4977 36.1701 120
36300 475.996 -311031 470.218 164638 72.4977 72.4977 36.1701 120
36350 476.314 -311030 587.785 164638 72.4977 72.4977 36.1701 120
36400 474.761 -311027 588.467 164638 72.4977 72.4977 36.1701 120
36450 472.843 -311022 447.275 164638 72.4977 72.4977 36.1701 120
36500 477.294 -311030 189.182 164638 72.4977 72.4977 36.1701 120
36550 477.942 -311030 136.583 164638 72.4978 72.4978 36.1701 120
36600 475.458 -311024 430.751 164638 72.4978 72.4978 36.1702 120
36650 477.507 -311027 732.782 164638 72.4978 72.4978 36.1702 120
36700 478.064 -311027 776.033 164639 72.4978 72.4978 36.1702 120
36750 479.766 -311030 584.973 164639 72.4979 72.4979 36.1702 120
36800 474.536 -311018 754.35 164639 72.4979 72.4979 36.1702 120
36850 476.047 -311020 788.93 164640 72.498 72.498 36.1703 120
36900 479.283 -311026 900.047 164640 72.4981 72.4981 36.1703 120
36950 477.462 -311022 1112.29 164641 72.4981 72.4981 36.1703 120
37000 474.889 -311017 1251.17 164641 72.4982 72.4982 36.1704 120
37050 481.017 -311028 1074.29 164642 72.4983 72.4983 36.1704 120
37100 480.804 -311026 970.805 164643 72.4984 72.4984 36.1705 120
37150 474.791 -311014 1013.04 164644 72.4986 72.4986 36.1706 120
37200 479.781 -311023 766.613 164644 72.4987 72.4987 36.1706 120
37250 482.087 -311027 586.807 164645 72.4989 72.4989 36.1707 120
37300 478.002 -311019 427.064 164647 72.499 72.499 36.1708 120
37350 477.331 -311017 228.325 164648 72.4992 72.4992 36.1708 120
37400 478.624 -311019 108.586 164649 72.4993 72.4993 36.1709 120
37450 480.116 -311021 -1.27025 164650 72.4995 72.4995 36.171 120
37500 478.64 -311018 97.7667 164651 72.4996 72.4996 36.1711 120
37550 480.779 -311022 111.914 164652 72.4998 72.4998 36.1712 120
37600 480.236 -311021 255.14 164653 72.5 72.5 36.1712 120
37650 478.421 -311017 523.343 164654 72.5001 72.5001 36.1713 120
37700 476.334 -311013 874.845 164655 72.5003 72.5003 36.1714 120
37750 479.577 -311019 1094.41 164656 72.5005 72.5005 36.1715 120
37800 479.259 -311018 1277.85 164658 72.5006 72.5006 36.1716 120
37850 479.234 -311018 1007.22 164659 72.5008 72.5008 36.1717 120
37900 478.759 -311017 619.374 164660 72.501 72.501 36.1718 120
37950 479.822 -311019 235.025 164662 72.5013 72.5013 36.1719 120
38000 482.664 -311024 -143.703 164663 72.5015 72.5015 36.172 120
38050 481.724 -311023 -125.568 164665 72.5017 72.5017 36.1721 120
38100 480.37 -311021 150.921 164666 72.5019 72.5019 36.1722 120
38150 476.576 -311013 301.156 164668 72.5021 72.5021 36.1723 120
38200 477.58 -311015 54.8703 164669 72.5023 72.5023 36.1724 120
38250 482.196 -311025 -381.248 164671 72.5025 72.5025 36.1725 120
38300 481.628 -311024 -747.82 164672 72.5027 72.5027 36.1726 120
38350 479.77 -311021 -1106.64 164673 72.5029 72.5029 36.1727 120
38400 476.648 -311015 -1246.39 164674 72.5031 72.5031 36.1728 120
38450 478.299 -311019 -1208.32 164676 72.5033 72.5033 36.1729 120
38500 478.787 -311020 -1027.51 164677 72.5034 72.5034 36.173 120
38550 476.282 -311016 -853.922 164677 72.5035 72.5036 36.173 120
38600 475.698 -311015 -663.839 164678 72.5037 72.5037 36.1731 120
38650 477.533 -311019 -521.671 164679 72.5038 72.5038 36.1732 120
38700 478.402 -311022 -385.566 164680 72.5039 72.5039 36.1732 120
38750 482.126 -311029 -264.829 164680 72.504 72.504 36.1733 120
38800 479.127 -311024 143.965 164681 72.5041 72.5041 36.1733 120
38850 477.806 -311022 377.462 164682 72.5042 72.5042 36.1733 120
38900 478.849 -311025 305.78 164682 72.5043 72.5043 36.1734 120
38950 477.188 -311022 12.6543 164683 72.5044 72.5044 36.1734 120
39000 478.694 -311026 -611.452 164684 72.5045 72.5045 36.1735 120
39050 477.449 -311025 -980.058 164684 72.5046 72.5046 36.1735 120
39100 478.673 -311028 -932.496 164685 72.5046 72.5047 36.1736 120
39150 480.25 -311031 -774.17 164685 72.5047 72.5047 36.1736 120
39200 478.648 -311030 -751.806 164686 72.5048 72.5048 36.1736 120
39250 478.273 -311030 -926.481 164686 72.5048 72.5048 36.1737 120
39300 475.895 -311026 -1099.72 164686 72.5049 72.5049 36.1737 120
39350 477.027 -311030 -1263.43 164687 72.5049 72.5049 36.1737 120
39400 476.159 -311029 -1042.76 164687 72.5049 72.5049 36.1737 120
39450 470.55 -311019 -757.539 164687 72.5049 72.5049 36.1737 120
39500 471.51 -311022 -677.148 164686 72.5049 72.5049 36.1737 120
39550 479.692 -311038 -506.39 164686 72.5049 72.5049 36.1737 120
39600 476.76 -311033 66.7036 164686 72.5048 72.5048 36.1737 120
39650 470.622 -311023 515.924 164686 72.5048 72.5048 36.1737 120
39700 473.118 -311028 673.767 164686 72.5048 72.5048 36.1736 120
39750 477.617 -311038 568.512 164686 72.5048 72.5048 36.1736 120
39800 474.325 -311032 469.438 164686 72.5048 72.5048 36.1736 120
39850 474.487 -311034 407.288 164686 72.5048 72.5048 36.1736 120
39900 473.144 -311032 612.549 164686 72.5048 72.5048 36.1736 120
39950 474.31 -311035 601.724 164686 72.5048 72.5048 36.1736 120
40000 474.084 -311036 599.35 164686 72.5048 72.5048 36.1737 120
40050 473.355 -311036 558.839 164686 72.5048 72.5048 36.1737 120
40100 469.567 -311029 691.349 164686 72.5049 72.5049 36.1737 120
40150 471.982 -311035 764.172 164687 72.5049 72.5049 36.1737 120
40200 475.603 -311042 595.785 164687 72.5049 72.5049 36.1737 120
40250 472.168 -311037 378.419 164687 72.505 72.505 36.1738 120
40300 471.801 -311037 93.5334 164688 72.5051 72.5051 36.1738 120
40350 473.282 -311040 -143.222 164688 72.5051 72.5051 36.1738 120
40400 472.318 -311039 -270.574 164689 72.5052 72.5052 36.1739 120
40450 473.182 -311040 -246.428 164689 72.5052 72.5052 36.1739 120
40500 475.523 -311046 -212.012 164689 72.5053 72.5053 36.1739 120
40550 473.774 -311044 29.3128 164690 72.5053 72.5053 36.1739 120
40600 472.744 -311043 98.3125 164690 72.5054 72.5054 36.174 120
40650 470.268 -311038 201.493 164690 72.5054 72.5054 36.174 120
40700 469.541 -311037 607.173 164691 72.5055 72.5055 36.174 120
40750 472.365 -311043 792.393 164691 72.5056 72.5056 36.174 120
40800 470.193 -311040 780.003 164692 72.5056 72.5056 36.1741 120
40850 469.849 -311040 561.109 164692 72.5057 72.5057 36.1741 120
40900 468.207 -311037 469.042 164693 72.5058 72.5058 36.1742 120
40950 467.269 -311035 388.067 164693 72.5059 72.5059 36.1742 120
41000 468.84 -311038 287.351 164694 72.506 72.506 36.1742 120
41050 473.454 -311048 149.824 164695 72.5061 72.5061 36.1743 120
41100 473.898 -311049 262.131 164695 72.5062 72.5062 36.1743 120
41150 472.383 -311046 517.932 164696 72.5063 72.5063 36.1744 120
41200 471.874 -311045 874.161 164697 72.5064 72.5064 36.1744 120
41250 472.327 -311046 1262.02 164697 72.5065 72.5065 36.1745 120
41300 470.963 -311044 1534.91 164698 72.5066 72.5066 36.1746 120
41350 467.542 -311037 1718.34 164699 72.5068 72.5068 36.1746 120
41400 474.981 -311051 1599.56 164700 72.5069 72.5069 36.1747 120
41450 474.218 -311050 1571.29 164702 72.5071 72.5071 36.1748 120
41500 468.072 -311038 1300.96 164703 72.5073 72.5073 36.1749 120
41550 465.712 -311033 1004.42 164705 72.5075 72.5075 36.175 120
41600 467.484 -311037 702.292 164706 72.5078 72.5078 36.1751 120
41650 467.102 -311036 297.929 164708 72.508 72.508 36.1753 120
41700 467.368 -311036 49.5985 164709 72.5082 72.5082 36.1754 120
41750 472.835 -311046 -40.1308 164711 72.5085 72.5085 36.1755 120
41800 474.738 -311050 -214.073 164713 72.5087 72.5087 36.1756 120
41850 471.956 -311044 -357.794 164714 72.5089 72.5089 36.1757 120
41900 471.432 -311043 -348.04 164716 72.5091 72.5091 36.1758 120
41950 471.597 -311043 -166.672 164717 72.5094 72.5094 36.1759 120
42000 472.243 -311043 117.821 164719 72.5096 72.5096 36.176 120
42050 472.361 -311043 137.011 164720 72.5098 72.5098 36.1761 120
42100 470.48 -311039 -103.602 164721 72.51 72.51 36.1763 120
42150 470.696 -311039 -219.7 164723 72.5102 72.5102 36.1764 120
42200 475.009 -311047 -220.092 164724 72.5104 72.5104 36.1765 120
42250 474.441 -311045 -204.892 164726 72.5106 72.5106 36.1766 120
42300 472.41 -311041 -214.375 164727 72.5108 72.5108 36.1767 120
42350 471.765 -311039 -174.59 164728 72.511 72.511 36.1768 120
42400 471.348 -311037 -409.225 164730 72.5112 72.5112 36.1768 120
42450 468.741 -311031 -544.565 164731 72.5114 72.5114 36.1769 120
42500 470.549 -311034 -338.842 164732 72.5116 72.5116 36.177 120
42550 469.972 -311032 -11.5859 164733 72.5117 72.5117 36.1771 120
42600 470.414 -311033 55.5464 164734 72.5119 72.5119 36.1772 120
42650 473.471 -311037 -77.7705 164735 72.5121 72.5121 36.1773 120
42700 473.922 -311038 -344.443 164737 72.5122 72.5122 36.1774 120
42750 475.407 -311040 -479.946 164738 72.5124 72.5124 36.1774 120
42800 471.7 -311031 -309.466 164739 72.5125 72.5125 36.1775 120
42850 472.702 -311032 -459.837 164740 72.5127 72.5127 36.1776 120
42900 478.87 -311043 -748.825 164741 72.5128 72.5128 36.1777 120
42950 477.665 -311040 -626.921 164741 72.5129 72.5129 36.1777 120
43000 475.86 -311036 -146.498 164742 72.5131 72.5131 36.1778 120
43050 478.916 -311040 207.896 164743 72.5132 72.5132 36.1778 120
43100 480.488 -311043 -175.405 164744 72.5133 72.5133 36.1779 120
43150 475.447 -311032 -785.086 164745 72.5134 72.5134 36.178 120
43200 470.808 -311022 -850.675 164745 72.5135 72.5135 36.178 120
43250 471.779 -311023 -293.15 164746 72.5136 72.5136 36.1781 120
43300 475.605 -311029 314.818 164747 72.5137 72.5137 36.1781 120
43350 478.382 -311034 543.517 164747 72.5138 72.5138 36.1782 120
43400 478.278 -311033 476.679 164748 72.5139 72.5139 36.1782 120
43450 478.001 -311032 208.809 164749 72.514 72.514 36.1783 120
43500 482.084 -311038 -166.984 164750 72.5141 72.5141 36.1783 120
43550 475.549 -311025 -347.802 164750 72.5142 72.5142 36.1784 120
43600 472.915 -311019 -569.92 164751 72.5143 72.5143 36.1784 120
43650 476.74 -311026 -535.555 164752 72.5144 72.5144 36.1785 120
43700 475.966 -311024 -231.733 164752 72.5145 72.5145 36.1785 120
43750 476.453 -311025 12.3508 164753 72.5146 72.5146 36.1785 120
43800 477.649 -311026 105.089 164753 72.5147 72.5147 36.1786 120
43850 476.289 -311023 44.2106 164754 72.5148 72.5148 36.1786 120
43900 475.416 -311020 9.29908 164754 72.5148 72.5148 36.1787 120
43950 480.144 -311029 -129.14 164755 72.5149 72.5149 36.1787 120
44000 482.749 -311033 -372.311 164755 72.515 72.515 36.1787 120
44050 480.784 -311029 -500.656 164756 72.5151 72.5151 36.1788 120
44100 480.245 -311027 -501.594 164756 72.5151 72.5151 36.1788 120
44150 480.023 -311026 -439.147 164757 72.5152 72.5152 36.1788 120
44200 479.841 -311026 -454.004 164757 72.5152 72.5152 36.1789 120
44250 479.293 -311024 -289.74 164757 72.5153 72.5153 36.1789 120
44300 480.477 -311026 -126.88 164758 72.5153 72.5153 36.1789 120
44350 478.348 -311023 119.485 164758 72.5154 72.5154 36.1789 120
44400 476.881 -311019 597.991 164758 72.5154 72.5154 36.179 120
44450 479.081 -311023 890.046 164759 72.5155 72.5155 36.179 120
44500 479.239 -311023 1055.26 164759 72.5155 72.5155 36.179 120
44550 481.234 -311027 1008.08 164760 72.5156 72.5156 36.1791 120
44600 482.174 -311029 833.86 164760 72.5157 72.5157 36.1791 120
44650 480.796 -311026 624.295 164761 72.5158 72.5158 36.1791 120
44700 478.311 -311021 359.325 164762 72.5159 72.5159 36.1792 120
44750 478.824 -311022 -15.3304 164762 72.516 72.516 36.1792 120
44800 480.763 -311026 -151.701 164763 72.5161 72.5161 36.1793 120
44850 479.357 -311024 160.748 164764 72.5162 72.5162 36.1793 120
44900 479.099 -311024 325.537 164764 72.5163 72.5163 36.1794 120
44950 481.082 -311028 -13.5716 164765 72.5164 72.5164 36.1794 120
45000 479.665 -311025 -240.323 164766 72.5165 72.5165 36.1795 120
45050 480.151 -311027 -326.362 164766 72.5166 72.5166 36.1796 120
45100 479.317 -311026 -318.24 164767 72.5167 72.5167 36.1796 120
45150 475.358 -311019 -23.6243 164768 72.5168 72.5168 36.1796 120
45200 476.348 -311021 208.778 164768 72.5169 72.5169 36.1797 120
45250 478.865 -311027 90.9347 164769 72.517 72.517 36.1797 120
45300 479.71 -311029 -5.84003 164770 72.5171 72.5171 36.1798 120
45350 480.304 -311031 302.059 164770 72.5172 72.5172 36.1798 120
45400 480.475 -311031 545.941 164771 72.5173 72.5173 36.1799 120
45450 479.45 -311030 464.915 164772 72.5174 72.5174 36.1799 120
45500 478.406 -311029 127.815 164772 72.5175 72.5175 36.18 120
45550 478.448 -311030 -208.104 164773 72.5176 72.5176 36.18 120
45600 479.049 -311032 -270.614 164774 72.5177 72.5177 36.1801 120
45650 476.096 -311028 -209.779 164774 72.5178 72.5178 36.1801 120
45700 474.55 -311026 -419.196 164775 72.5179 72.5179 36.1802 120
45750 480.854 -311038 -904.656 164776 72.518 72.518 36.1802 120
45800 477.489 -311032 -897.814 164776 72.518 72.518 36.1803 120
45850 478.877 -311036 -905.116 164777 72.5181 72.5181 36.1803 120
45900 478.271 -311036 -645.554 164777 72.5182 72.5182 36.1803 120
45950 472.591 -311027 -186.082 164777 72.5182 72.5182 36.1804 120
46000 474.552 -311031 -20.6585 164778 72.5183 72.5183 36.1804 120
46050 476.932 -311037 118.775 164778 72.5183 72.5183 36.1804 120
46100 476.445 -311036 130.485 164778 72.5184 72.5184 36.1804 120
46150 477.037 -311038 -384.354 164779 72.5184 72.5184 36.1804 120
46200 473.783 -311033 -1009.38 164779 72.5184 72.5184 36.1805 120
46250 475.461 -311037 -1540.65 164779 72.5185 72.5185 36.1805 120
46300 473.268 -311034 -1671.16 164779 72.5185 72.5185 36.1805 120
46350 472.551 -311034 -1731.53 164779 72.5185 72.5185 36.1805 120
46400 469.495 -311029 -1353.48 164779 72.5184 72.5184 36.1805 120
46450 471.719 -311034 -865.731 164779 72.5184 72.5184 36.1804 120
46500 475.237 -311042 -519.55 164778 72.5183 72.5183 36.1804 120
46550 474.47 -311041 -140.723 164778 72.5183 72.5183 36.1804 120
46600 473.614 -311041 145.891 164777 72.5182 72.5182 36.1803 120
46650 472.41 -311039 161.729 164777 72.5181 72.5181 36.1803 120
46700 474.468 -311044 -158.237 164776 72.5181 72.5181 36.1803 120
46750 476.007 -311048 -531.845 164776 72.518 72.518 36.1803 120
46800 475.129 -311047 -867.988 164776 72.5179 72.5179 36.1802 120
46850 472.676 -311043 -1199.01 164775 72.5179 72.5179 36.1802 120
46900 470.651 -311039 -1374.51 164774 72.5178 72.5178 36.1801 120
46950 470.512 -311040 -1331.99 164774 72.5177 72.5177 36.1801 120
47000 474.129 -311048 -1222.94 164773 72.5175 72.5175 36.18 120
47050 474.158 -311048 -838.72 164772 72.5174 72.5174 36.1799 120
47100 470.045 -311041 -479.216 164771 72.5173 72.5173 36.1799 120
47150 471.297 -311045 -340.797 164770 72.5171 72.5171 36.1798 120
47200 474.759 -311052 -5.23328 164769 72.5169 72.5169 36.1797 120
47250 473.856 -311051 205.836 164768 72.5168 72.5168 36.1796 120
47300 472.606 -311048 33.727 164767 72.5166 72.5166 36.1796 120
47350 471.604 -311047 3.13704 164766 72.5165 72.5165 36.1795 120
47400 470.789 -311046 185.545 164765 72.5163 72.5163 36.1794 120
47450 471.195 -311048 162.176 164764 72.5162 72.5162 36.1793 120
47500 471.705 -311049 -139.096 164763 72.5161 72.5161 36.1793 120
47550 469.446 -311045 -483.509 164762 72.5159 72.5159 36.1792 120
47600 470.423 -311047 -494.452 164761 72.5158 72.5158 36.1791 120
47650 468.794 -311044 -56.8005 164760 72.5156 72.5156 36.1791 120
47700 466.213 -311039 200.427 164759 72.5155 72.5155 36.179 120
47750 467.317 -311042 54.5838 164758 72.5153 72.5153 36.1789 120
47800 470.886 -311049 -114.669 164757 72.5152 72.5152 36.1788 120
47850 469.07 -311046 182.04 164756 72.515 72.515 36.1788 120
47900 469.899 -311047 638.339 164755 72.5149 72.5149 36.1787 120
47950 472.886 -311053 1096.25 164754 72.5147 72.5147 36.1786 120
48000 470.884 -311049 1614.45 164753 72.5146 72.5146 36.1786 120
48050 470.863 -311049 1722.62 164752 72.5145 72.5145 36.1785 120
48100 470.825 -311049 1683.12 164752 72.5144 72.5144 36.1785 120
48150 470.593 -311049 1606.95 164751 72.5144 72.5144 36.1784 120
48200 468.987 -311045 1380.1 164751 72.5143 72.5143 36.1784 120
48250 471.937 -311050 726.583 164751 72.5143 72.5143 36.1784 120
48300 468.188 -311043 122.991 164751 72.5143 72.5143 36.1784 120
48350 468.623 -311043 -497.597 164751 72.5143 72.5143 36.1784 120
48400 468.85 -311044 -510.988 164751 72.5143 72.5143 36.1784 120
48450 469.249 -311044 -24.5871 164750 72.5143 72.5143 36.1784 120
48500 470.177 -311045 353.722 164750 72.5142 72.5142 36.1784 120
48550 473.208 -311051 174.046 164750 72.5142 72.5142 36.1784 120
48600 467.903 -311040 40.4215 164750 72.5142 72.5142 36.1784 120
48650 468 -311039 -23.7126 164750 72.5142 72.5142 36.1783 120
48700 470.693 -311044 351.467 164750 72.5142 72.5142 36.1783 120
48750 471.48 -311044 773.405 164750 72.5142 72.5142 36.1783 120
48800 475.927 -311052 627.407 164750 72.5142 72.5142 36.1783 120
48850 475.345 -311050 317.498 164750 72.5142 72.5142 36.1783 120
48900 475.112 -311048 -69.0137 164750 72.5142 72.5142 36.1783 120
48950 472.827 -311043 -2.11795 164750 72.5142 72.5142 36.1783 120
49000 472.643 -311042 197.696 164750 72.5142 72.5142 36.1784 120
49050 474.626 -311046 232.067 164750 72.5142 72.5142 36.1784 120
49100 473.957 -311044 250.305 164750 72.5142 72.5142 36.1784 120
49150 473.01 -311041 459.254 164750 72.5143 72.5143 36.1784 120
49200 476.773 -311048 723.722 164751 72.5143 72.5143 36.1784 120
49250 481.907 -311057 709.547 164751 72.5143 72.5143 36.1784 120
49300 475.449 -311043 918.175 164751 72.5143 72.5143 36.1784 120
49350 474.391 -311041 889.386 164751 72.5144 72.5144 36.1784 120
49400 473.313 -311038 614.912 164752 72.5145 72.5145 36.1785 120
49450 475.145 -311041 348.734 164752 72.5145 72.5145 36.1785 120
49500 477.598 -311045 293.098 164753 72.5146 72.5146 36.1785 120
49550 475.258 -311039 -60.9265 164753 72.5147 72.5147 36.1786 120
49600 471.71 -311031 -266.811 164754 72.5147 72.5147 36.1786 120
49650 476.38 -311039 -37.6056 164754 72.5148 72.5148 36.1787 120
49700 478.434 -311042 387.957 164755 72.5149 72.5149 36.1787 120
49750 472.929 -311031 724.845 164755 72.515 72.515 36.1787 120
49800 473.575 -311031 756.091 164756 72.515 72.515 36.1788 120
49850 475.578 -311035 711.865 164756 72.5151 72.5151 36.1788 120
49900 474.698 -311032 645.875 164757 72.5152 72.5152 36.1789 120
49950 474.599 -311031 556.532 164758 72.5153 72.5153 36.1789 120
50000 475.878 -311032 184.654 164759 72.5155 72.5155 36.179 120
50050 476.887 -311033 -364.36 164759 72.5156 72.5156 36.179 120
50100 478.204 -311035 -570.733 164760 72.5157 72.5157 36.1791 120
50150 478.07 -311034 -320.241 164761 72.5158 72.5158 36.1791 120
50200 476.362 -311031 14.2326 164761 72.5159 72.5159 36.1792 120
50250 477.504 -311032 152.105 164762 72.516 72.516 36.1792 120
50300 479.802 -311036 223.968 164763 72.5161 72.5161 36.1793 120
50350 480.616 -311037 491.115 164763 72.5162 72.5162 36.1793 120
50400 477.365 -311030 840.182 164764 72.5163 72.5163 36.1794 120
50450 477.245 -311030 832.755 164765 72.5164 72.5164 36.1794 120
50500 481.572 -311037 551.908 164766 72.5165 72.5165 36.1795 120
50550 482.969 -311040 328.914 164767 72.5166 72.5166 36.1796 120
50600 477.9 -311030 461.994 164767 72.5168 72.5168 36.1796 120
50650 479.437 -311032 421.259 164768 72.5169 72.5169 36.1797 120
50700 481.498 -311036 130.429 164769 72.517 72.517 36.1798 120
50750 478.486 -311030 -34.3779 164770 72.5172 72.5172 36.1798 120
50800 478.01 -311028 -15.5378 164771 72.5173 72.5173 36.1799 120
50850 480.974 -311034 -48.8506 164772 72.5175 72.5175 36.18 120
50900 478.047 -311028 29.6006 164773 72.5176 72.5176 36.18 120
50950 477.618 -311028 15.1144 164774 72.5177 72.5177 36.1801 120
51000 478.208 -311029 -32.7055 164775 72.5179 72.5179 36.1802 120
51050 479.917 -311032 -119.119 164776 72.518 72.518 36.1802 120
51100 479.688 -311032 50.0705 164777 72.5181 72.5181 36.1803 120
51150 481.513 -311035 106.319 164778 72.5183 72.5183 36.1804 120
51200 480.662 -311034 78.8537 164779 72.5184 72.5184 36.1804 120
51250 480.69 -311033 -146.565 164780 72.5185 72.5185 36.1805 120
51300 479.001 -311031 -479.056 164780 72.5187 72.5187 36.1806 120
51350 477.221 -311028 -783.728 164781 72.5188 72.5188 36.1806 120
51400 477.188 -311029 -1070.13 164782 72.5189 72.5189 36.1807 120
51450 478.746 -311032 -1372.31 164783 72.519 72.519 36.1807 120
51500 480.86 -311036 -1704.79 164783 72.5191 72.5191 36.1808 120
51550 477.997 -311031 -1661.05 164784 72.5191 72.5191 36.1808 120
51600 478.287 -311032 -1543.12 164784 72.5192 72.5192 36.1808 120
51650 473.28 -311023 -1116.17 164784 72.5192 72.5192 36.1808 120
51700 477.731 -311033 -801.807 164784 72.5192 72.5192 36.1808 120
51750 482.293 -311042 -411.731 164784 72.5192 72.5192 36.1808 120
51800 481.538 -311040 -208.497 164784 72.5192 72.5192 36.1808 120
51850 481.342 -311041 -267.395 164784 72.5192 72.5192 36.1808 120
51900 478.06 -311035 -262.981 164784 72.5192 72.5192 36.1808 120
51950 473.399 -311027 -111.032 164784 72.5191 72.5191 36.1808 120
52000 475.789 -311033 -273.545 164784 72.5191 72.5191 36.1808 120
52050 477.079 -311036 -479.661 164783 72.5191 72.5191 36.1808 120
52100 478.263 -311039 -643.527 164783 72.5191 72.5191 36.1808 120
52150 476.478 -311036 -615.309 164783 72.519 72.519 36.1808 120
52200 475.36 -311035 -263.719 164783 72.519 72.519 36.1807 120
52250 479.153 -311043 55.6551 164782 72.5189 72.5189 36.1807 120
52300 478.359 -311042 52.9996 164782 72.5189 72.5189 36.1807 120
52350 474.971 -311036 -222.623 164782 72.5189 72.5189 36.1807 120
52400 476.051 -311039 -527.193 164781 72.5188 72.5188 36.1807 120
52450 475.508 -311039 -704.695 164781 72.5188 72.5188 36.1806 120
52500 469.478 -311028 -680.429 164781 72.5187 72.5187 36.1806 120
52550 472.178 -311034 -780.761 164780 72.5186 72.5186 36.1806 120
52600 474.567 -311039 -770.602 164780 72.5186 72.5186 36.1805 120
52650 472.985 -311037 -636.69 164779 72.5185 72.5185 36.1805 120
52700 474.566 -311041 -255.37 164778 72.5184 72.5184 36.1804 120
52750 476.808 -311045 95.5563 164778 72.5183 72.5183 36.1804 120
52800 475.884 -311044 54.5297 164777 72.5182 72.5182 36.1803 120
52850 474.619 -311042 46.2006 164777 72.5181 72.5181 36.1803 120
52900 475.53 -311046 248.285 164776 72.518 72.518 36.1802 120
52950 475.073 -311046 549.111 164775 72.5179 72.5179 36.1802 120
53000 475.197 -311047 576.972 164775 72.5178 72.5178 36.1802 120
53050 476.189 -311049 180.734 164774 72.5178 72.5178 36.1801 120
53100 476.534 -311051 -191.978 164774 72.5177 72.5177 36.1801 120
53150 472.13 -311043 -104.498 164773 72.5176 72.5176 36.18 120
53200 472.331 -311044 -305.135 164773 72.5175 72.5175 36.18 120
53250 472.127 -311044 -326.407 164772 72.5175 72.5175 36.18 120
53300 468.708 -311039 -15.5805 164772 72.5174 72.5174 36.1799 120
53350 469.03 -311040 73.7235 164771 72.5173 72.5173 36.1799 120
53400 470.967 -311044 67.609 164771 72.5172 72.5172 36.1799 120
53450 469.253 -311041 -28.8042 164770 72.5171 72.5171 36.1798 120
53500 470.043 -311044 -472.188 164770 72.5171 72.5171 36.1798 120
53550 475.487 -311054 -1018.66 164769 72.517 72.517 36.1797 120
53600 477.056 -311058 -1078.45 164768 72.5169 72.5169 36.1797 120
53650 474.361 -311053 -829.146 164768 72.5168 72.5168 36.1796 120
53700 468.203 -311042 -557.773 164767 72.5167 72.5167 36.1796 120
53750 465.742 -311037 -239.599 164766 72.5165 72.5165 36.1795 120
53800 471.271 -311048 -35.7852 164765 72.5164 72.5164 36.1795 120
53850 472.536 -311050 190.64 164764 72.5163 72.5163 36.1794 120
53900 474.778 -311055 321.796 164763 72.5162 72.5162 36.1793 120
53950 471.698 -311049 678.022 164763 72.5161 72.5161 36.1793 120
54000 469.059 -311044 852.146 164762 72.516 72.516 36.1792 120
54050 473.014 -311052 572.867 164761 72.5159 72.5159 36.1792 120
54100 473.916 -311054 301.604 164761 72.5158 72.5158 36.1791 120
54150 474.721 -311056 52.92 164760 72.5157 72.5157 36.1791 120
54200 471.611 -311050 117.941 164760 72.5156 72.5156 36.179 120
54250 471.556 -311050 175.981 164759 72.5155 72.5155 36.179 120
54300 471.916 -311050 91.5332 164758 72.5154 72.5154 36.179 120
54350 473.346 -311053 -72.0435 164758 72.5154 72.5154 36.1789 120
54400 468.355 -311044 165.61 164757 72.5153 72.5153 36.1789 120
54450 470.63 -311048 71.5443 164757 72.5152 72.5152 36.1789 120
54500 470.548 -311049 -65.3076 164756 72.5151 72.5151 36.1788 120
54550 469.229 -311046 -176.303 164756 72.5151 72.5151 36.1788 120
54600 474.098 -311055 -467.196 164755 72.515 72.515 36.1787 120
54650 473.564 -311054 -454.961 164755 72.5149 72.5149 36.1787 120
54700 473.82 -311054 -310.797 164754 72.5148 72.5148 36.1787 120
54750 473.145 -311052 -103.934 164754 72.5147 72.5147 36.1786 120
54800 466.715 -311040 251.446 164753 72.5146 72.5146 36.1786 120
54850 469.907 -311046 131.481 164752 72.5146 72.5146 36.1785 120
54900 475.025 -311056 -302.69 164752 72.5145 72.5145 36.1785 120
54950 474.57 -311054 -410.661 164751 72.5144 72.5144 36.1784 120
55000 471.463 -311048 -206.347 164751 72.5143 72.5143 36.1784 120
55050 468.389 -311041 -132.822 164750 72.5142 72.5142 36.1784 120
55100 467.659 -311039 -122.993 164749 72.5141 72.5141 36.1783 120
55150 473.119 -311049 -293.799 164749 72.514 72.514 36.1783 120
55200 470.409 -311044 -302.322 164748 72.5139 72.5139 36.1782 120
55250 472.35 -311047 -454.621 164747 72.5138 72.5138 36.1782 120
55300 473.933 -311050 -606.701 164747 72.5137 72.5137 36.1781 120
55350 471.434 -311044 -759.213 164746 72.5136 72.5136 36.178 120
55400 469.846 -311040 -700.876 164745 72.5135 72.5135 36.178 120
55450 473.502 -311046 -416.845 164744 72.5134 72.5134 36.1779 120
55500 473.538 -311045 4.68796 164743 72.5132 72.5132 36.1779 120
55550 474.094 -311045 399.283 164742 72.5131 72.5131 36.1778 120
55600 474.085 -311045 793.266 164742 72.513 72.513 36.1777 120
55650 472.691 -311041 896.299 164741 72.5128 72.5128 36.1777 120
55700 472.502 -311040 939.064 164740 72.5127 72.5127 36.1776 120
55750 473.345 -311040 996.502 164739 72.5126 72.5127 36.1776 120
55800 476.415 -311046 819.749 164739 72.5126 72.5126 36.1775 120
55850 476.263 -311045 712.405 164738 72.5125 72.5125 36.1775 120
55900 477.23 -311047 485.341 164738 72.5124 72.5124 36.1775 120
55950 477.232 -311046 286.704 164738 72.5124 72.5124 36.1774 120
56000 474.79 -311040 415.905 164737 72.5123 72.5123 36.1774 120
56050 474.709 -311039 702.741 164737 72.5123 72.5123 36.1774 120
56100 480.014 -311048 698.57 164737 72.5123 72.5123 36.1774 120
56150 478.475 -311045 882.642 164737 72.5122 72.5122 36.1774 120
56200 477.054 -311041 1103.95 164737 72.5122 72.5122 36.1774 120
56250 476.414 -311039 1164.35 164737 72.5122 72.5122 36.1774 120
56300 477.264 -311040 983.26 164737 72.5122 72.5122 36.1774 120
56350 478.08 -311041 616.49 164737 72.5123 72.5123 36.1774 120
56400 475.233 -311034 349.108 164737 72.5123 72.5123 36.1774 120
56450 475.051 -311033 133.623 164737 72.5123 72.5123 36.1774 120
56500 477.157 -311037 93.9418 164737 72.5124 72.5124 36.1774 120
56550 476.041 -311034 317.189 164738 72.5124 72.5124 36.1774 120
56600 479.357 -311040 312.743 164738 72.5124 72.5124 36.1775 120
56650 481.795 -311044 378.493 164738 72.5125 72.5125 36.1775 120
56700 479.378 -311039 727.923 164739 72.5125 72.5125 36.1775 120
56750 477.423 -311035 954.142 164739 72.5126 72.5126 36.1775 120
56800 473.599 -311027 1277.47 164740 72.5127 72.5127 36.1776 120
56850 474.477 -311029 1251.01 164740 72.5127 72.5127 36.1776 120
56900 475.648 -311031 1010.09 164741 72.5128 72.5128 36.1777 120
56950 480.342 -311039 564.019 164742 72.513 72.513 36.1777 120
57000 481.663 -311042 434.798 164742 72.5131 72.5131 36.1778 120
57050 480.313 -311039 509.629 164743 72.5132 72.5132 36.1778 120
57100 479.363 -311037 515.792 164744 72.5133 72.5133 36.1779 120
57150 476.484 -311031 719.877 164745 72.5135 72.5135 36.178 120
57200 475.319 -311029 914.792 164746 72.5136 72.5136 36.178 120
57250 476.318 -311031 741.632 164747 72.5137 72.5137 36.1781 120
57300 481.127 -311040 462.589 164748 72.5139 72.5139 36.1782 120
57350 478.574 -311035 789.734 164749 72.5141 72.5141 36.1783 120
57400 480.266 -311038 929.633 164750 72.5142 72.5142 36.1784 120
57450 478.287 -311034 768.503 164752 72.5144 72.5144 36.1785 120
57500 476.398 -311030 499.49 164753 72.5146 72.5146 36.1786 120
57550 477.98 -311034 721.817 164754 72.5148 72.5148 36.1787 120
57600 478.936 -311035 1269.41 164756 72.515 72.515 36.1788 120
57650 480.953 -311040 1429.27 164757 72.5152 72.5152 36.1789 120
57700 483.328 -311044 983.888 164759 72.5155 72.5155 36.179 120
57750 479.31 -311037 416.101 164760 72.5157 72.5157 36.1791 120
57800 479.089 -311036 75.4267 164762 72.516 72.516 36.1792 120
57850 483.536 -311046 -211.586 164764 72.5162 72.5162 36.1793 120
57900 479.945 -311039 -422.375 164765 72.5164 72.5165 36.1795 120
57950 478.063 -311036 -473.45 164767 72.5167 72.5167 36.1796 120
58000 480.73 -311041 -287.511 164769 72.5169 72.5169 36.1797 120
58050 477.162 -311035 -86.9193 164770 72.5171 72.5171 36.1798 120
58100 475.939 -311033 -108.789 164772 72.5174 72.5174 36.1799 120
58150 477.475 -311036 -48.4523 164773 72.5176 72.5176 36.18 120
58200 476.83 -311036 315.364 164775 72.5178 72.5178 36.1801 120
58250 477.94 -311039 646.355 164776 72.518 72.518 36.1803 120
58300 474.974 -311033 807.511 164778 72.5182 72.5182 36.1804 120
58350 479.716 -311043 517.165 164779 72.5185 72.5185 36.1805 120
58400 480.25 -311045 635.594 164781 72.5187 72.5187 36.1806 120
58450 476.692 -311039 834.709 164782 72.519 72.519 36.1807 120
58500 474.76 -311036 595.658 164784 72.5192 72.5192 36.1808 120
58550 474.651 -311036 167.3 164786 72.5195 72.5195 36.181 120
58600 473.563 -311035 -29.4681 164788 72.5197 72.5197 36.1811 120
58650 474.166 -311037 -97.4569 164789 72.52 72.52 36.1812 120
58700 475.759 -311041 -299.564 164791 72.5202 72.5202 36.1814 120
58750 475.267 -311041 -457.704 164793 72.5205 72.5205 36.1815 120
58800 474.942 -311041 -538.777 164795 72.5207 72.5207 36.1816 120
58850 476.665 -311045 -661.039 164796 72.521 72.521 36.1817 120
58900 477.498 -311047 -429.487 164798 72.5212 72.5212 36.1818 120
58950 478.987 -311051 -3.6723 164799 72.5214 72.5214 36.1819 120
59000 475.121 -311045 558.68 164801 72.5216 72.5216 36.1821 120
59050 470.734 -311037 862.331 164802 72.5219 72.5219 36.1822 120
59100 471.439 -311039 830.062 164804 72.5221 72.5221 36.1823 120
59150 474.886 -311046 759.614 164805 72.5223 72.5223 36.1824 120
59200 474.106 -311045 750.673 164807 72.5226 72.5226 36.1825 120
59250 472.103 -311042 544.422 164809 72.5228 72.5228 36.1827 120
59300 474.151 -311046 118.743 164811 72.5231 72.5231 36.1828 120
59350 473.504 -311046 66.5182 164812 72.5233 72.5233 36.1829 120
59400 472.044 -311044 119.35 164814 72.5236 72.5236 36.183 120
59450 472.159 -311044 -261.558 164816 72.5239 72.5239 36.1832 120
59500 471.847 -311044 -757.135 164818 72.5241 72.5241 36.1833 120
59550 470.889 -311043 -1022.32 164819 72.5244 72.5244 36.1834 120
59600 471.796 -311046 -1035.86 164821 72.5246 72.5246 36.1835 120
59650 470.401 -311043 -621.758 164822 72.5248 72.5248 36.1836 120
59700 472.085 -311047 -536.202 164824 72.525 72.525 36.1837 120
59750 470.007 -311043 -502.005 164825 72.5252 72.5252 36.1838 120
59800 473.295 -311050 -620.676 164826 72.5254 72.5254 36.1839 120
59850 476.906 -311058 -844.991 164828 72.5256 72.5256 36.184 120
59900 471.703 -311048 -766.123 164829 72.5258 72.5258 36.1841 120
59950 468.913 -311043 -595.06 164830 72.5259 72.5259 36.1842 120
60000 470.02 -311046 -341.441 164831 72.5261 72.5261 36.1843 120
60050 471.352 -311049 -3.56627 164832 72.5262 72.5262 36.1843 120
60100 471.777 -311049 55.8872 164833 72.5264 72.5264 36.1844 120
60150 469.713 -311046 -78.7609 164834 72.5265 72.5265 36.1845 120
60200 470.907 -311048 -273.552 164835 72.5266 72.5266 36.1846 120
60250 472.364 -311051 -388.626 164836 72.5268 72.5268 36.1846 120
60300 473.443 -311053 -262.274 164837 72.5269 72.5269 36.1847 120
60350 475.789 -311058 -99.0044 164838 72.5271 72.5271 36.1848 120
60400 477.243 -311060 -212.785 164839 72.5272 72.5272 36.1848 120
60450 474.427 -311055 -409.072 164839 72.5273 72.5273 36.1849 120
60500 472.729 -311051 -696.256 164840 72.5274 72.5274 36.1849 120
60550 471.409 -311049 -915.997 164841 72.5275 72.5275 36.185 120
60600 471.898 -311050 -917.735 164842 72.5276 72.5276 36.185 120
60650 471.725 -311049 -524.641 164842 72.5277 72.5277 36.1851 120
60700 469.126 -311044 -262.093 164843 72.5278 72.5278 36.1851 120
60750 465.887 -311038 -389.199 164843 72.5279 72.5279 36.1852 120
60800 470.292 -311047 -586.507 164844 72.5279 72.5279 36.1852 120
60850 473.539 -311053 -389.534 164844 72.528 72.528 36.1852 120
60900 473.412 -311052 1.21921 164844 72.5281 72.5281 36.1853 120
60950 472.143 -311049 211.224 164845 72.5281 72.5281 36.1853 120
61000 469.004 -311043 85.138 164845 72.5282 72.5282 36.1853 120
61050 471.113 -311046 -345.976 164846 72.5282 72.5282 36.1853 120
61100 476.076 -311055 -476.162 164846 72.5283 72.5283 36.1854 120
61150 474.879 -311053 -283.698 164846 72.5283 72.5283 36.1854 120
61200 469.907 -311043 -241.601 164847 72.5284 72.5284 36.1854 120
61250 469.787 -311042 -253.16 164847 72.5284 72.5284 36.1854 120
61300 473.725 -311049 -175.826 164847 72.5285 72.5285 36.1855 120
61350 473.214 -311048 233.537 164847 72.5285 72.5285 36.1855 120
61400 476.019 -311053 513.751 164848 72.5285 72.5285 36.1855 120
61450 475.943 -311052 656.096 164848 72.5286 72.5286 36.1855 120
61500 474.491 -311049 747.119 164848 72.5286 72.5286 36.1855 120
61550 477.513 -311055 670.596 164849 72.5287 72.5287 36.1856 120
61600 477.299 -311054 601.353 164849 72.5288 72.5288 36.1856 120
61650 477.518 -311054 607.114 164850 72.5288 72.5288 36.1857 120
61700 476.419 -311050 614.546 164850 72.5289 72.5289 36.1857 120
61750 472.152 -311042 522.793 164851 72.529 72.529 36.1857 120
61800 472.452 -311042 308.955 164852 72.5291 72.5291 36.1858 120
61850 469.565 -311036 142.192 164852 72.5292 72.5292 36.1858 120
61900 472.348 -311041 -124.897 164853 72.5293 72.5293 36.1859 120
61950 476.947 -311049 -378.707 164854 72.5294 72.5294 36.1859 120
62000 472.721 -311040 -477.224 164854 72.5295 72.5295 36.186 120
62050 469.189 -311033 -491.163 164855 72.5296 72.5296 36.186 120
62100 475.901 -311045 -780.407 164855 72.5297 72.5297 36.1861 120
62150 477.671 -311048 -975.583 164856 72.5297 72.5297 36.1861 120
62200 477.768 -311048 -1122.12 164856 72.5298 72.5298 36.1861 120
62250 476.277 -311045 -1152.56 164857 72.5298 72.5298 36.1861 120
62300 475.292 -311042 -1023.73 164857 72.5299 72.5299 36.1862 120
62350 473.629 -311038 -765.611 164857 72.5299 72.5299 36.1862 120
62400 473.984 -311038 -642.731 164857 72.5299 72.5299 36.1862 120
62450 477.411 -311045 -685.899 164857 72.5299 72.5299 36.1862 120
62500 475.414 -311041 -443.517 164857 72.5299 72.5299 36.1862 120
62550 474.428 -311038 -348.157 164857 72.5299 72.5299 36.1862 120
62600 476.655 -311042 -285.84 164857 72.5298 72.5298 36.1861 120
62650 478.317 -311045 49.574 164856 72.5298 72.5298 36.1861 120
62700 476.63 -311042 333.026 164856 72.5298 72.5298 36.1861 120
62750 478.028 -311044 437.836 164856 72.5298 72.5298 36.1861 120
62800 482.103 -311051 102.382 164856 72.5298 72.5298 36.1861 120
62850 474.847 -311037 -217.782 164856 72.5297 72.5297 36.1861 120
62900 472.078 -311031 -362.124 164856 72.5297 72.5297 36.1861 120
62950 475.896 -311038 -188.437 164856 72.5297 72.5297 36.1861 120
63000 482.673 -311050 83.0841 164856 72.5297 72.5297 36.1861 120
63050 481.156 -311047 459.211 164856 72.5297 72.5297 36.1861 120
63100 475.963 -311036 752.914 164855 72.5297 72.5297 36.1861 120
63150 478.964 -311042 771.414 164855 72.5297 72.5297 36.1861 120
63200 476.355 -311037 905.759 164855 72.5297 72.5297 36.1861 120
63250 475.194 -311035 721.43 164856 72.5297 72.5297 36.1861 120
63300 475.112 -311035 181.268 164856 72.5297 72.5297 36.1861 120
63350 476.831 -311037 -442.312 164856 72.5297 72.5297 36.1861 120
63400 479.98 -311043 -746.418 164856 72.5298 72.5298 36.1861 120
63450 477.458 -311038 -729.322 164856 72.5298 72.5298 36.1861 120
63500 474.921 -311034 -853.396 164856 72.5298 72.5298 36.1861 120
63550 476.756 -311037 -1193.07 164856 72.5298 72.5298 36.1861 120
63600 478.485 -311040 -1373.96 164856 72.5297 72.5297 36.1861 120
63650 477.755 -311039 -1049.21 164856 72.5297 72.5297 36.1861 120
63700 475.389 -311035 -581.484 164855 72.5296 72.5296 36.1861 120
63750 478.642 -311041 -512.967 164855 72.5296 72.5296 36.186 120
63800 478.283 -311040 -264.053 164855 72.5295 72.5295 36.186 120
63850 479.555 -311043 77.9456 164854 72.5295 72.5295 36.186 120
63900 479.677 -311043 619.566 164854 72.5294 72.5294 36.1859 120
63950 475.96 -311035 1046.06 164853 72.5293 72.5293 36.1859 120
64000 476.642 -311037 827.567 164853 72.5293 72.5293 36.1859 120
64050 476.803 -311037 922.626 164853 72.5293 72.5293 36.1859 120
64100 480.935 -311045 1124.56 164853 72.5292 72.5292 36.1859 120
64150 476.711 -311038 1250.79 164852 72.5292 72.5292 36.1858 120
64200 475.538 -311036 1106.91 164853 72.5292 72.5292 36.1859 120
64250 479.326 -311043 709.084 164853 72.5293 72.5293 36.1859 120
64300 475.116 -311035 210.17 164853 72.5293 72.5293 36.1859 120
64350 472.702 -311031 -111.394 164853 72.5293 72.5293 36.1859 120
64400 478.074 -311042 -123.004 164853 72.5293 72.5293 36.1859 120
64450 476.224 -311039 154.976 164853 72.5294 72.5294 36.1859 120
64500 477.941 -311042 223.361 164854 72.5294 72.5294 36.1859 120
64550 481.596 -311049 239.851 164854 72.5294 72.5294 36.186 120
64600 476.97 -311041 219.526 164854 72.5295 72.5295 36.186 120
64650 472.926 -311034 16.5855 164854 72.5295 72.5295 36.186 120
64700 476.278 -311040 -229.222 164855 72.5295 72.5295 36.186 120
64750 475.907 -311040 -389.899 164855 72.5296 72.5296 36.186 120
64800 478.279 -311045 -907.304 164855 72.5296 72.5296 36.186 120
64850 476.597 -311042 -1058.25 164855 72.5296 72.5296 36.186 120
64900 477.86 -311046 -1172.64 164855 72.5296 72.5296 36.186 120
64950 476.478 -311043 -1167.48 164855 72.5296 72.5296 36.186 120
65000 477.92 -311047 -1105.55 164855 72.5296 72.5296 36.186 120
65050 478.437 -311048 -963.035 164855 72.5296 72.5296 36.186 120
65100 477.531 -311047 -662.967 164854 72.5295 72.5295 36.186 120
65150 475.082 -311042 -182.734 164854 72.5295 72.5295 36.186 120
65200 474.032 -311041 -157.048 164854 72.5294 72.5294 36.1859 120
65250 475.883 -311045 -560.575 164853 72.5293 72.5293 36.1859 120
65300 476.688 -311047 -886.474 164853 72.5293 72.5293 36.1859 120
65350 472.173 -311039 -908.225 164852 72.5292 72.5292 36.1858 120
65400 473.214 -311042 -925.948 164852 72.5291 72.5291 36.1858 120
65450 475.25 -311046 -710.011 164851 72.529 72.529 36.1857 120
65500 473.315 -311043 -388.725 164850 72.5289 72.5289 36.1857 120
65550 473.231 -311044 -201.724 164850 72.5288 72.5288 36.1856 120
65600 475.06 -311047 87.9495 164849 72.5287 72.5287 36.1856 120
65650 476.583 -311051 340.132 164848 72.5286 72.5286 36.1855 120
65700 474.936 -311049 519.004 164847 72.5285 72.5285 36.1855 120
65750 473.321 -311046 796.58 164847 72.5284 72.5284 36.1854 120
65800 475.137 -311050 765.062 164846 72.5283 72.5283 36.1854 120
65850 474.495 -311049 441.513 164845 72.5282 72.5282 36.1853 120
65900 472.507 -311046 6.61842 164845 72.5281 72.5281 36.1853 120
65950 470.774 -311044 -412.968 164844 72.5281 72.5281 36.1853 120
66000 476.314 -311055 -934.329 164844 72.528 72.528 36.1852 120
66050 474.725 -311052 -888.655 164843 72.5279 72.5279 36.1852 120
66100 472.553 -311049 -424.167 164843 72.5278 72.5278 36.1851 120
66150 476.23 -311057 -18.5127 164842 72.5277 72.5277 36.1851 120
66200 474.266 -311054 363.416 164841 72.5276 72.5276 36.185 120
66250 473.474 -311052 726.422 164841 72.5275 72.5275 36.185 120
66300 477.508 -311060 983.018 164840 72.5274 72.5274 36.1849 120
66350 476.255 -311058 1125.11 164840 72.5273 72.5273 36.1849 120
66400 477.387 -311061 892.322 164839 72.5273 72.5273 36.1849 120
66450 474.035 -311055 707.517 164839 72.5272 72.5272 36.1848 120
66500 467.873 -311043 461.487 164838 72.5272 72.5272 36.1848 120
66550 469.328 -311046 12.4752 164838 72.5271 72.5271 36.1848 120
66600 471.102 -311050 -149.365 164838 72.5271 72.5271 36.1848 120
66650 470.253 -311048 -178.798 164838 72.5271 72.5271 36.1848 120
66700 469.888 -311048 -408.217 164837 72.527 72.527 36.1847 120
66750 473.797 -311056 -656.483 164837 72.527 72.527 36.1847 120
66800 471.591 -311052 -550.832 164837 72.5269 72.5269 36.1847 120
66850 468.398 -311046 -520.546 164836 72.5269 72.5269 36.1847 120
66900 473.022 -311055 -588.415 164836 72.5268 72.5268 36.1846 120
66950 474.106 -311057 -450.954 164836 72.5267 72.5267 36.1846 120
67000 473.09 -311056 -536.905 164835 72.5267 72.5267 36.1846 120
67050 473.242 -311056 -773.497 164834 72.5266 72.5266 36.1845 120
67100 470.925 -311051 -619.908 164834 72.5265 72.5265 36.1845 120
67150 471.442 -311053 -393.994 164833 72.5264 72.5264 36.1844 120
67200 473.067 -311056 -256.843 164832 72.5263 72.5263 36.1844 120
67250 468.729 -311048 -58.4714 164832 72.5262 72.5262 36.1843 120
67300 469.047 -311048 -279.368 164831 72.5261 72.5261 36.1843 120
67350 469.82 -311049 -357.696 164830 72.526 72.526 36.1842 120
67400 475.716 -311060 -318.58 164830 72.5259 72.5259 36.1842 120
67450 474.468 -311058 -51.9328 164829 72.5257 72.5257 36.1841 120
67500 472.769 -311054 153.669 164828 72.5256 72.5256 36.1841 120
67550 472.888 -311054 336.014 164827 72.5255 72.5255 36.184 120
67600 468.678 -311046 597.326 164826 72.5254 72.5254 36.1839 120
67650 465.972 -311041 708.999 164826 72.5253 72.5253 36.1839 120
67700 471.987 -311052 608.331 164825 72.5252 72.5252 36.1838 120
67750 472.212 -311052 746.289 164825 72.5251 72.5251 36.1838 120
67800 469.745 -311047 737.373 164824 72.5251 72.5251 36.1838 120
67850 471.758 -311050 463.281 164824 72.525 72.525 36.1837 120
67900 474.035 -311054 216.141 164823 72.5249 72.525 36.1837 120
67950 473.026 -311052 114.047 164823 72.5249 72.5249 36.1837 120
68000 474.981 -311055 -18.2381 164823 72.5248 72.5248 36.1837 120
68050 478.439 -311061 -58.2954 164822 72.5248 72.5248 36.1836 120
68100 476.175 -311057 -106.834 164822 72.5247 72.5247 36.1836 120
68150 472.805 -311050 -444.746 164821 72.5247 72.5247 36.1836 120
68200 470.184 -311044 -501.317 164821 72.5246 72.5246 36.1835 120
68250 471.038 -311045 -388.289 164821 72.5246 72.5246 36.1835 120
68300 471.949 -311046 -284.214 164820 72.5245 72.5245 36.1835 120
68350 478.887 -311058 -283.285 164820 72.5244 72.5244 36.1834 120
68400 478.452 -311057 36.3341 164819 72.5243 72.5243 36.1834 120
68450 475.177 -311050 341.879 164819 72.5243 72.5243 36.1834 120
68500 475.768 -311051 419.944 164818 72.5242 72.5242 36.1833 120
68550 472.768 -311044 590.156 164818 72.5241 72.5241 36.1833 120
68600 473.074 -311045 525.09 164817 72.5241 72.5241 36.1833 120
68650 475.146 -311048 414.801 164817 72.524 72.524 36.1833 120
68700 476.412 -311050 352.875 164817 72.524 72.524 36.1832 120
68750 476.728 -311050 287.33 164816 72.5239 72.5239 36.1832 120
68800 476.823 -311050 231.801 164816 72.5239 72.5239 36.1832 120
68850 474.429 -311045 460.954 164816 72.5239 72.5239 36.1832 120
68900 475.366 -311046 691.179 164816 72.5238 72.5238 36.1832 120
68950 473.527 -311042 974.427 164816 72.5238 72.5238 36.1832 120
69000 474.667 -311043 807.711 164816 72.5238 72.5238 36.1831 120
69050 477.186 -311048 332.772 164816 72.5238 72.5238 36.1832 120
69100 480.981 -311054 -46.4086 164816 72.5238 72.5238 36.1832 120
69150 478.599 -311049 -270.657 164816 72.5238 72.5238 36.1832 120
69200 476.034 -311043 -559.064 164816 72.5238 72.5238 36.1832 120
69250 477.259 -311046 -687.852 164816 72.5238 72.5238 36.1832 120
69300 473.845 -311039 -393.232 164816 72.5238 72.5238 36.1832 120
69350 477.949 -311046 -468.502 164816 72.5238 72.5238 36.1831 120
69400 474.801 -311040 -345.276 164815 72.5238 72.5238 36.1831 120
69450 477.445 -311044 -301.144 164815 72.5238 72.5238 36.1831 120
69500 479.557 -311048 -75.5208 164815 72.5237 72.5237 36.1831 120
69550 475.931 -311041 395.007 164815 72.5237 72.5237 36.1831 120
69600 473.672 -311036 848.543 164815 72.5237 72.5237 36.1831 120
69650 477.146 -311042 773.697 164814 72.5237 72.5237 36.1831 120
69700 480.724 -311049 392.688 164814 72.5236 72.5237 36.1831 120
69750 477.991 -311044 442.926 164814 72.5236 72.5236 36.1831 120
69800 477.649 -311043 475.267 164814 72.5237 72.5237 36.1831 120
69850 477.217 -311042 247.644 164815 72.5237 72.5237 36.1831 120
69900 479.696 -311047 -369.73 164815 72.5237 72.5237 36.1831 120
69950 476.558 -311040 -707.706 164815 72.5237 72.5237 36.1831 120
70000 476.013 -311039 -780.311 164815 72.5237 72.5237 36.1831 120
70050 477.969 -311043 -574.726 164815 72.5237 72.5237 36.1831 120
70100 477.913 -311043 -75.8881 164814 72.5237 72.5237 36.1831 120
70150 478.419 -311044 269.331 164814 72.5236 72.5236 36.1831 120
70200 478.612 -311044 435.298 164814 72.5236 72.5236 36.1831 120
70250 478.572 -311044 519.155 164814 72.5236 72.5236 36.183 120
70300 476.325 -311039 752.652 164814 72.5236 72.5236 36.183 120
70350 475.752 -311039 1017.85 164814 72.5236 72.5236 36.183 120
70400 477.211 -311042 850.108 164814 72.5236 72.5236 36.1831 120
70450 478.022 -311043 676.961 164815 72.5237 72.5237 36.1831 120
70500 482.798 -311052 366.288 164815 72.5237 72.5237 36.1831 120
70550 481.679 -311051 133.923 164815 72.5237 72.5238 36.1831 120
70600 473.777 -311036 500.603 164815 72.5238 72.5238 36.1831 120
70650 477.028 -311042 595.952 164816 72.5238 72.5238 36.1832 120
70700 476.917 -311042 150.215 164816 72.5239 72.5239 36.1832 120
70750 476.234 -311040 -405.189 164817 72.524 72.524 36.1832 120
70800 479.017 -311046 -423.528 164817 72.524 72.524 36.1832 120
70850 476.599 -311042 -164.256 164817 72.5241 72.5241 36.1833 120
70900 476.237 -311041 -355.151 164818 72.5241 72.5241 36.1833 120
70950 478.088 -311045 -743.801 164818 72.5241 72.5241 36.1833 120
71000 475.142 -311040 -702.331 164818 72.5242 72.5242 36.1833 120
71050 475.766 -311042 -290.388 164818 72.5242 72.5242 36.1833 120
71100 476.876 -311045 405.353 164818 72.5242 72.5242 36.1833 120
71150 478.239 -311048 836.432 164818 72.5242 72.5242 36.1834 120
71200 477.59 -311047 792.883 164819 72.5243 72.5243 36.1834 120
71250 475.945 -311044 460.072 164819 72.5243 72.5243 36.1834 120
71300 481.732 -311056 -7.76923 164819 72.5244 72.5244 36.1834 120
71350 478.651 -311051 2.95424 164820 72.5244 72.5244 36.1834 120
71400 476.194 -311047 -314.972 164820 72.5245 72.5245 36.1835 120
71450 474.1 -311043 -696.434 164820 72.5245 72.5245 36.1835 120
71500 474.069 -311044 -575.629 164820 72.5245 72.5245 36.1835 120
71550 477.911 -311052 -262.673 164821 72.5246 72.5246 36.1835 120
71600 473.689 -311044 146.223 164821 72.5246 72.5246 36.1835 120
71650 471.005 -311039 233.976 164821 72.5246 72.5246 36.1835 120
71700 475.119 -311047 -35.0701 164821 72.5246 72.5246 36.1836 120
71750 476.728 -311051 -155.769 164821 72.5247 72.5247 36.1836 120
71800 473.793 -311046 94.4209 164822 72.5247 72.5247 36.1836 120
71850 475.56 -311050 -65.7482 164822 72.5247 72.5247 36.1836 120
71900 474.779 -311049 -712.769 164822 72.5247 72.5247 36.1836 120
71950 475.021 -311051 -1328.61 164822 72.5248 72.5248 36.1836 120
72000 477.843 -311056 -1391.59 164822 72.5248 72.5248 36.1836 120
72050 477.656 -311056 -888.261 164822 72.5247 72.5247 36.1836 120
72100 472.694 -311048 -149.777 164822 72.5247 72.5247 36.1836 120
72150 472.99 -311049 279.004 164822 72.5247 72.5247 36.1836 120
72200 473.243 -311050 581.773 164821 72.5247 72.5247 36.1836 120
72250 474.204 -311052 714.166 164821 72.5246 72.5246 36.1836 120
72300 475.547 -311055 642.154 164821 72.5246 72.5246 36.1836 120
72350 476.188 -311057 421.009 164821 72.5246 72.5246 36.1836 120
72400 474.864 -311055 292.695 164821 72.5246 72.5246 36.1836 120
72450 471.036 -311048 343.977 164821 72.5246 72.5246 36.1836 120
72500 473.286 -311053 -57.5361 164821 72.5247 72.5247 36.1836 120
72550 473.744 -311054 -509.483 164821 72.5247 72.5247 36.1836 120
72600 474.591 -311057 -704.809 164821 72.5247 72.5247 36.1836 120
72650 474.215 -311057 -548.131 164821 72.5247 72.5247 36.1836 120
72700 472.567 -311054 -413.745 164821 72.5247 72.5247 36.1836 120
72750 472.022 -311053 -322.133 164821 72.5246 72.5246 36.1836 120
72800 473.748 -311056 -106.899 164821 72.5246 72.5246 36.1835 120
72850 474.19 -311058 220.365 164821 72.5246 72.5246 36.1835 120
72900 468.299 -311047 675.433 164821 72.5246 72.5246 36.1835 120
72950 468.541 -311048 436.422 164821 72.5246 72.5246 36.1835 120
73000 472.502 -311056 -2.60092 164821 72.5246 72.5246 36.1835 120
73050 473.141 -311057 -184.332 164821 72.5246 72.5246 36.1835 120
73100 471.208 -311054 -330.165 164821 72.5246 72.5246 36.1835 120
73150 471.528 -311055 -556.485 164821 72.5245 72.5245 36.1835 120
73200 473.057 -311058 -823.384 164820 72.5245 72.5245 36.1835 120
73250 474.123 -311060 -728.729 164820 72.5245 72.5245 36.1835 120
73300 474.943 -311062 -70.085 164820 72.5245 72.5245 36.1835 120
73350 472.044 -311057 391.798 164820 72.5244 72.5244 36.1835 120
73400 468.983 -311050 266.205 164820 72.5244 72.5244 36.1834 120
73450 470.695 -311054 34.7582 164819 72.5244 72.5244 36.1834 120
73500 475.49 -311063 -136.336 164819 72.5243 72.5243 36.1834 120
73550 472.712 -311057 -7.02556 164819 72.5243 72.5243 36.1834 120
73600 470.824 -311054 226.783 164819 72.5243 72.5243 36.1834 120
