# Time-averaged data for fix 2
# TimeStep c_thermo_temp c_thermo_pe c_thermo_press v_myVol v_myCella v_myCellb v_myCellc v_myCellgamma
0 1299.57 -309378 65073.5 166222 72.7295 72.7295 36.2858 120
500 1304.86 -309389 61308.5 166412 72.7572 72.7572 36.2996 120
1000 1335.72 -309463 10501.8 166581 72.7818 72.7818 36.3119 120
1500 1314.81 -309434 -48590.5 166731 72.8037 72.8037 36.3228 120
2000 1279.29 -309376 -66787.2 166861 72.8226 72.8226 36.3322 120
2500 1302.33 -309444 -32757.9 166971 72.8387 72.8387 36.3402 120
3000 1301.11 -309457 22897 167062 72.8518 72.8518 36.3468 120
3500 1282.89 -309424 51207.1 167134 72.8623 72.8623 36.352 120
4000 1281.97 -309423 36416.2 167188 72.8702 72.8702 36.3559 120
4500 1303.2 -309461 -6488.6 167223 72.8753 72.8753 36.3585 120
5000 1297.91 -309431 -49062.5 167243 72.8782 72.8782 36.3599 120
5500 1291.29 -309397 -52502.7 167250 72.8791 72.8791 36.3604 120
6000 1310.71 -309424 -21165.6 167248 72.8789 72.8789 36.3603 120
6500 1307.73 -309408 22932.9 167237 72.8772 72.8772 36.3595 120
7000 1307.26 -309409 44298 167213 72.8738 72.8738 36.3578 120
7500 1299.73 -309406 27793.4 167179 72.8688 72.8688 36.3553 120
8000 1303.59 -309437 -11238 167136 72.8626 72.8626 36.3522 120
8500 1309.24 -309469 -42373.5 167088 72.8556 72.8556 36.3487 120
9000 1296.3 -309458 -38289 167036 72.848 72.848 36.3449 120
9500 1303.89 -309488 -5988.67 166983 72.8404 72.8404 36.3411 120
10000 1290.31 -309466 28249.5 166931 72.8328 72.8328 36.3373 120
10500 1294.57 -309480 40159.9 166878 72.8251 72.8251 36.3335 120
11000 1300.42 -309499 20666.4 166831 72.8183 72.8183 36.3301 120
11500 1290.16 -309483 -12577.6 166793 72.8127 72.8127 36.3273 120
12000 1292 -309487 -33145.2 166762 72.8082 72.8082 36.325 120
12500 1296.19 -309490 -25380.9 166733 72.804 72.804 36.323 120
13000 1297.61 -309481 3313.75 166710 72.8006 72.8006 36.3212 120
13500 1306.53 -309485 30130.8 166693 72.7981 72.7981 36.32 120
14000 1307.04 -309472 36563.9 166682 72.7966 72.7966 36.3192 120
14500 1314.33 -309478 14770.1 166679 72.7962 72.7962 36.319 120
15000 1306.77 -309463 -17734.1 166684 72.7968 72.7968 36.3194 120
15500 1306.67 -309476 -29156.6 166693 72.7982 72.7982 36.3201 120
16000 1295.7 -309482 -16221 166709 72.8005 72.8005 36.3212 120
16500 1288.27 -309486 9050.19 166731 72.8037 72.8037 36.3228 120
17000 1293.81 -309503 29425.7 166754 72.807 72.807 36.3244 120
17500 1299.72 -309518 22469.5 166783 72.8112 72.8112 36.3265 120
18000 1292.49 -309500 1963.82 166817 72.8162 72.8162 36.329 120
18500 1302.85 -309518 -16920.2 166854 72.8216 72.8216 36.3317 120
19000 1294.93 -309493 -22203.2 166893 72.8272 72.8272 36.3345 120
19500 1301.39 -309494 -8305.55 166931 72.8328 72.8328 36.3373 120
20000 1311.14 -309494 13152.4 166970 72.8385 72.8385 36.3401 120
20500 1322.69 -309507 23701.8 167013 72.8447 72.8447 36.3433 120
21000 1313.28 -309486 15403.1 167060 72.8515 72.8515 36.3466 120
21500 1301.63 -309478 -1606.69 167108 72.8586 72.8586 36.3502 120
22000 1302.38 -309510 -16117.9 167160 72.8661 72.8661 36.3539 120
22500 1297.89 -309515 -14619.8 167214 72.874 72.874 36.3578 120
23000 1301.79 -309529 -3398.25 167269 72.8819 72.8819 36.3618 120
23500 1301.43 -309531 11408 167321 72.8894 72.8894 36.3655 120
24000 1302.26 -309532 16294 167368 72.8962 72.8962 36.369 120
24500 1290.68 -309507 6739.47 167414 72.9029 72.9029 36.3723 120
25000 1298.37 -309520 -7804.22 167457 72.9092 72.9092 36.3754 120
25500 1304.34 -309525 -15812.4 167495 72.9147 72.9147 36.3782 120
26000 1305.76 -309511 -13759.6 167527 72.9194 72.9194 36.3805 120
26500 1311.34 -309506 -2334.13 167553 72.9231 72.9231 36.3824 120
27000 1320.1 -309516 10194.9 167571 72.9258 72.9258 36.3837 120
27500 1320.77 -309521 12614.7 167583 72.9275 72.9275 36.3845 120
28000 1309.47 -309516 1846.72 167589 72.9283 72.9283 36.3849 120
28500 1302.99 -309532 -12685 167589 72.9283 72.9283 36.385 120
29000 1297.88 -309536 -14933.2 167583 72.9274 72.9274 36.3845 120
29500 1291.93 -309529 -9790.46 167570 72.9256 72.9256 36.3836 120
30000 1302.08 -309549 2976.03 167548 72.9224 72.9224 36.382 120
30500 1311.19 -309567 10888.7 167522 72.9186 72.9186 36.3801 120
31000 1298.92 -309537 8198.98 167494 72.9145 72.9145 36.3781 120
31500 1298.55 -309531 935.214 167466 72.9105 72.9105 36.3761 120
32000 1302.75 -309540 -5995.15 167442 72.907 72.907 36.3743 120
32500 1311.9 -309564 -7193.76 167420 72.9038 72.9038 36.3727 120
33000 1291.53 -309539 -3624.58 167401 72.9011 72.9011 36.3714 120
33500 1295.29 -309570 3393.9 167385 72.8987 72.8987 36.3702 120
34000 1299.59 -309592 8284.63 167371 72.8968 72.8968 36.3692 120
34500 1282.33 -309557 8696.25 167361 72.8953 72.8953 36.3685 120
35000 1287.68 -309565 922.052 167357 72.8946 72.8946 36.3681 120
35500 1296.77 -309571 -6852.28 167355 72.8944 72.8944 36.368 120
36000 1293.13 -309546 -9817.07 167354 72.8942 72.8942 36.3679 120
36500 1298.59 -309543 -1331.49 167351 72.8939 72.8939 36.3678 120
37000 1319.24 -309580 8244.01 167350 72.8937 72.8937 36.3677 120
37500 1300.88 -309542 7901.83 167350 72.8937 72.8937 36.3677 120
38000 1295.33 -309533 2279.87 167351 72.8938 72.8938 36.3677 120
38500 1310.96 -309573 -2627.7 167354 72.8942 72.8942 36.3679 120
39000 1292.73 -309544 -3217.63 167359 72.8949 72.8949 36.3683 120
39500 1304.36 -309580 1495.15 167365 72.8958 72.8958 36.3687 120
40000 1294.58 -309569 591.676 167376 72.8975 72.8975 36.3696 120
40500 1307.72 -309607 -1779.85 167390 72.8994 72.8994 36.3705 120
41000 1286.19 -309564 1121.83 167402 72.9012 72.9012 36.3714 120
41500 1294.68 -309577 3798.78 167418 72.9035 72.9035 36.3726 120
42000 1304.26 -309584 4587.51 167438 72.9064 72.9064 36.374 120
42500 1297.01 -309538 2697.92 167458 72.9094 72.9094 36.3755 120
43000 1312.26 -309551 -1685.97 167479 72.9124 72.9124 36.377 120
43500 1314.11 -309549 -3001.48 167502 72.9157 72.9157 36.3786 120
44000 1309.25 -309548 -2186.96 167524 72.919 72.919 36.3803 120
44500 1303.65 -309554 1547.42 167544 72.9218 72.9218 36.3817 120
45000 1303.21 -309570 1901.17 167562 72.9245 72.9245 36.383 120
45500 1294.2 -309563 1311.39 167581 72.9271 72.9271 36.3844 120
46000 1290.34 -309560 -281.946 167600 72.9299 72.9299 36.3857 120
46500 1302.14 -309586 -219.376 167615 72.9322 72.9322 36.3869 120
47000 1307.74 -309598 -26.5956 167627 72.9339 72.9339 36.3877 120
47500 1308.44 -309598 -3218.07 167636 72.9352 72.9352 36.3884 120
48000 1293.28 -309563 -3864.53 167642 72.936 72.936 36.3888 120
48500 1302.72 -309576 -267.544 167644 72.9363 72.9363 36.389 120
49000 1305.75 -309572 4064.34 167645 72.9365 72.9365 36.3891 120
49500 1305.38 -309559 2500.02 167651 72.9373 72.9373 36.3894 120
50000 1302.36 -309547 1253.53 167658 72.9384 72.9384 36.39 120
50500 1303.84 -309553 -104.066 167669 72.9399 72.9399 36.3907 120
51000 1302.74 -309565 26.2826 167681 72.9417 72.9417 36.3916 120
51500 1305.88 -309592 120.434 167693 72.9434 72.9434 36.3925 120
52000 1302.55 -309601 -531.372 167704 72.945 72.945 36.3933 120
52500 1295.25 -309590 397.569 167714 72.9465 72.9465 36.394 120
53000 1303.67 -309605 1618.22 167722 72.9477 72.9477 36.3946 120
53500 1295.08 -309581 1005.25 167729 72.9487 72.9487 36.3951 120
54000 1306.24 -309594 -816.443 167737 72.9498 72.9498 36.3957 120
54500 1298.27 -309571 -4909.54 167747 72.9513 72.9513 36.3964 120
55000 1300.03 -309568 -483.48 167754 72.9523 72.9523 36.3969 120
55500 1313.14 -309586 2433.08 167759 72.953 72.953 36.3973 120
56000 1313.23 -309566 4124.15 167762 72.9535 72.9535 36.3975 120
56500 1303.5 -309527 -751.83 167765 72.9538 72.9538 36.3977 120
57000 1317.59 -309553 -2989.36 167764 72.9537 72.9537 36.3976 120
57500 1307.87 -309543 -3815.13 167761 72.9533 72.9533 36.3974 120
58000 1307.13 -309566 605.457 167758 72.9529 72.9529 36.3972 120
58500 1301.88 -309577 1103.3 167757 72.9527 72.9527 36.3971 120
59000 1295.39 -309574 1579.37 167756 72.9526 72.9526 36.3971 120
59500 1299.07 -309587 2657.93 167755 72.9525 72.9525 36.397 120
60000 1305.15 -309601 167.089 167756 72.9525 72.9525 36.397 120
60500 1291.56 -309571 -83.6958 167756 72.9526 72.9526 36.3971 120
61000 1295.23 -309575 -1511.44 167756 72.9526 72.9526 36.3971 120
61500 1305.8 -309587 332.906 167755 72.9525 72.9525 36.397 120
62000 1306.75 -309570 -1221.78 167757 72.9527 72.9527 36.3971 120
62500 1301.7 -309544 344.674 167758 72.9529 72.9529 36.3972 120
63000 1311.94 -309557 1431.57 167758 72.9529 72.9529 36.3972 120
63500 1316.98 -309569 4388.85 167756 72.9525 72.9525 36.397 120
64000 1303.69 -309562 -1231.72 167755 72.9525 72.9525 36.397 120
64500 1313 -309613 -1664.72 167751 72.9518 72.9518 36.3967 120
65000 1300.91 -309598 -3891.46 167746 72.9511 72.9511 36.3963 120
65500 1287.06 -309570 -363.446 167740 72.9502 72.9502 36.3959 120
66000 1298.59 -309593 1150.25 167736 72.9496 72.9497 36.3956 120
66500 1301.46 -309597 260.192 167734 72.9494 72.9494 36.3955 120
67000 1301.42 -309592 2822.8 167732 72.9491 72.9491 36.3953 120
67500 1294.41 -309571 1526.29 167731 72.9489 72.9489 36.3952 120
68000 1301.32 -309578 -408.141 167730 72.9488 72.9488 36.3952 120
68500 1294.33 -309552 -1049.46 167730 72.9489 72.9489 36.3952 120
69000 1304.81 -309566 -2471.59 167731 72.9489 72.9489 36.3952 120
69500 1310.06 -309573 -1101.42 167731 72.949 72.949 36.3953 120
70000 1308.5 -309577 1697.34 167735 72.9496 72.9496 36.3956 120
70500 1296.48 -309570 37.5098 167740 72.9503 72.9503 36.3959 120
71000 1290.54 -309580 1952.08 167743 72.9507 72.9507 36.3961 120
71500 1281.64 -309576 -1418.25 167748 72.9513 72.9513 36.3964 120
72000 1294.83 -309608 -1147.73 167750 72.9517 72.9517 36.3966 120
72500 1285.03 -309581 -796.32 167752 72.952 72.952 36.3968 120
73000 1301.08 -309602 -2336.99 167753 72.9522 72.9522 36.3969 120
73500 1301.42 -309591 387.512 167755 72.9524 72.9524 36.397 120
74000 1303.76 -309584 2244.12 167758 72.9529 72.9529 36.3972 120
74500 1297.37 -309566 2536.48 167762 72.9534 72.9534 36.3975 120
75000 1314.61 -309604 608.132 167766 72.954 72.954 36.3978 120
75500 1317.37 -309614 -4621.44 167770 72.9546 72.9546 36.3981 120
76000 1309.85 -309602 -854.278 167773 72.955 72.955 36.3983 120
76500 1302.84 -309594 -583.269 167776 72.9555 72.9555 36.3985 120
77000 1296.52 -309584 1932.45 167780 72.9561 72.9561 36.3988 120
77500 1299.43 -309591 3215.05 167784 72.9566 72.9566 36.3991 120
78000 1306.5 -309604 1142.42 167789 72.9574 72.9574 36.3995 120
78500 1307.27 -309600 -703.603 167796 72.9584 72.9584 36.4 120
79000 1304.63 -309575 -1509.14 167803 72.9594 72.9594 36.4005 120
79500 1308.41 -309562 -1926.49 167809 72.9602 72.9602 36.4009 120
80000 1310.69 -309559 493.254 167814 72.9609 72.9609 36.4012 120
80500 1317.02 -309575 4521.22 167819 72.9617 72.9617 36.4016 120
81000 1309.42 -309579 1559.15 167826 72.9627 72.9627 36.4021 120
81500 1306.42 -309597 -2006.59 167832 72.9636 72.9636 36.4026 120
82000 1306.77 -309607 -1143.87 167838 72.9645 72.9645 36.403 120
82500 1306.61 -309615 268.234 167847 72.9658 72.9658 36.4037 120
83000 1294 -309600 4937.97 167860 72.9676 72.9676 36.4046 120
83500 1293.05 -309604 3792.93 167876 72.9699 72.9699 36.4057 120
84000 1286.21 -309591 -533.533 167891 72.9721 72.9721 36.4068 120
84500 1291.97 -309601 -4748.72 167906 72.9743 72.9743 36.4079 120
85000 1308.35 -309629 -4181.62 167920 72.9764 72.9764 36.4089 120
85500 1302.22 -309599 161.461 167936 72.9786 72.9786 36.41 120
86000 1302.45 -309577 5224.96 167952 72.981 72.981 36.4112 120
86500 1312.17 -309588 3196.44 167969 72.9835 72.9835 36.4125 120
87000 1314.12 -309590 -1715.24 167984 72.9857 72.9857 36.4136 120
87500 1291.27 -309548 -2151.02 167998 72.9877 72.9877 36.4146 120
88000 1301.28 -309591 -340.043 168013 72.9898 72.9898 36.4156 120
88500 1305.1 -309623 1107.08 168027 72.9918 72.9918 36.4166 120
89000 1291.5 -309605 -225.5 168040 72.9937 72.9937 36.4176 120
89500 1306.56 -309639 -1799.6 168050 72.9951 72.9951 36.4183 120
90000 1300.37 -309620 808.9 168056 72.9961 72.9961 36.4188 120
90500 1305.19 -309623 -210.097 168065 72.9973 72.9973 36.4194 120
91000 1313.16 -309634 2117.48 168072 72.9984 72.9984 36.4199 120
91500 1300.07 -309599 4739.57 168080 72.9996 72.9996 36.4205 120
92000 1306.22 -309604 -1383.58 168091 73.001 73.001 36.4212 120
92500 1305.34 -309589 -4349.09 168097 73.002 73.002 36.4217 120
93000 1308.04 -309579 -4665.55 168097 73.002 73.002 36.4217 120
93500 1303.16 -309560 1346.29 168089 73.0009 73.0009 36.4212 120
94000 1318.84 -309593 742.594 168080 72.9996 72.9996 36.4205 120
94500 1313.58 -309601 -624.507 168071 72.9982 72.9982 36.4198 120
95000 1300.42 -309603 -5047.65 168060 72.9967 72.9967 36.4191 120
95500 1300.63 -309619 -1758.94 168046 72.9945 72.9945 36.418 120
96000 1289.05 -309603 4911.59 168028 72.992 72.992 36.4167 120
96500 1310.32 -309649 1738.46 168009 72.9892 72.9892 36.4153 120
97000 1293.71 -309617 -4140.87 167984 72.9857 72.9857 36.4136 120
97500 1305.72 -309643 -4298.37 167955 72.9814 72.9814 36.4114 120
98000 1292.56 -309615 -5275.16 167925 72.9771 72.9771 36.4093 120
98500 1289.98 -309603 2707.9 167893 72.9724 72.9724 36.407 120
99000 1297.81 -309601 6166.26 167862 72.9679 72.9679 36.4047 120
99500 1313.32 -309611 2701.16 167835 72.964 72.964 36.4028 120
100000 1316.24 -309607 1113.48 167811 72.9606 72.9606 36.401 120
