# Time-averaged data for fix 2
# TimeStep c_thermo_temp c_thermo_pe c_thermo_press v_myVol v_myCella v_myCellb v_myCellc v_myCellgamma
0 1195.16 -309624 62278.2 166039 72.7029 72.7029 36.2725 120
500 1200.59 -309627 50757.3 166227 72.7302 72.7302 36.2861 120
1000 1220.66 -309666 -441.235 166387 72.7536 72.7536 36.2978 120
1500 1223.16 -309667 -50853.1 166524 72.7736 72.7736 36.3078 120
2000 1191.63 -309608 -58198.6 166639 72.7903 72.7903 36.3161 120
2500 1198.68 -309636 -24693.2 166734 72.8041 72.8041 36.323 120
3000 1209.13 -309669 25393.1 166808 72.8148 72.8148 36.3283 120
3500 1197.01 -309654 45128.2 166864 72.823 72.823 36.3324 120
4000 1196.82 -309666 24428.9 166900 72.8283 72.8283 36.3351 120
4500 1205.67 -309694 -17474.6 166918 72.831 72.831 36.3364 120
5000 1202.8 -309695 -46085.5 166921 72.8313 72.8313 36.3366 120
5500 1199.07 -309691 -39287.3 166911 72.8298 72.8298 36.3358 120
6000 1201.81 -309696 -5348.68 166889 72.8267 72.8267 36.3343 120
6500 1203.93 -309693 27267.9 166857 72.822 72.822 36.3319 120
7000 1197.95 -309672 32547 166815 72.8159 72.8159 36.3289 120
7500 1210.45 -309689 7678.29 166765 72.8086 72.8086 36.3252 120
8000 1210.41 -309683 -21355.6 166706 72.8 72.8 36.321 120
8500 1204.02 -309672 -34835.1 166642 72.7908 72.7908 36.3163 120
9000 1203.44 -309686 -21474.1 166576 72.7812 72.7812 36.3115 120
9500 1205.13 -309714 10277.6 166511 72.7716 72.7716 36.3068 120
10000 1210.76 -309743 27136.6 166451 72.7628 72.7628 36.3024 120
10500 1189.55 -309705 24683.3 166397 72.755 72.755 36.2985 120
11000 1209.5 -309752 3658.5 166350 72.7481 72.7481 36.2951 120
11500 1197.89 -309731 -14449.3 166309 72.7422 72.7422 36.2921 120
12000 1190.88 -309717 -19812.1 166278 72.7376 72.7376 36.2898 120
12500 1201.01 -309736 -7726.94 166255 72.7344 72.7344 36.2882 120
13000 1198.06 -309720 10621 166243 72.7326 72.7326 36.2873 120
13500 1209.55 -309721 23906.6 166244 72.7327 72.7327 36.2874 120
14000 1221.46 -309732 21857.8 166260 72.735 72.735 36.2885 120
14500 1215.29 -309719 5693.18 166291 72.7396 72.7396 36.2908 120
15000 1217.69 -309735 -10612.7 166333 72.7457 72.7457 36.2939 120
15500 1201.32 -309722 -14732.8 166383 72.7529 72.7529 36.2975 120
16000 1201.63 -309738 -5206.92 166438 72.7611 72.7611 36.3015 120
16500 1193.9 -309729 10902.5 166501 72.7702 72.7702 36.3061 120
17000 1202.93 -309751 19239 166570 72.7803 72.7803 36.3111 120
17500 1189.23 -309729 11999.2 166644 72.7911 72.7911 36.3165 120
18000 1195.98 -309748 -2913.74 166720 72.8021 72.8021 36.322 120
18500 1198.84 -309760 -14632 166797 72.8133 72.8133 36.3276 120
19000 1191.7 -309752 -11938.2 166873 72.8244 72.8244 36.3331 120
19500 1199.27 -309772 74.4054 166949 72.8354 72.8354 36.3386 120
20000 1196.24 -309770 10730.3 167021 72.8459 72.8459 36.3438 120
20500 1197.79 -309775 10280.1 167089 72.8558 72.8558 36.3488 120
21000 1203.34 -309779 -1289.66 167153 72.8651 72.8651 36.3534 120
21500 1191.5 -309737 -10061.1 167210 72.8733 72.8733 36.3575 120
22000 1200.35 -309737 -12980.5 167259 72.8805 72.8805 36.3611 120
22500 1195.65 -309718 -6551.14 167299 72.8862 72.8862 36.364 120
23000 1210.81 -309746 832.083 167328 72.8905 72.8905 36.3661 120
23500 1200.46 -309731 4578.47 167347 72.8932 72.8932 36.3674 120
24000 1201.33 -309746 2519.72 167357 72.8947 72.8947 36.3682 120
24500 1192.97 -309748 -2233.21 167360 72.8951 72.8951 36.3684 120
25000 1190.83 -309757 -9298.97 167356 72.8946 72.8946 36.3681 120
25500 1190.75 -309760 -7724.18 167343 72.8926 72.8926 36.3671 120
26000 1206.83 -309792 -1896.28 167320 72.8894 72.8894 36.3655 120
26500 1200.15 -309774 -689.474 167294 72.8855 72.8855 36.3636 120
27000 1206.97 -309782 -968.204 167264 72.8812 72.8812 36.3615 120
27500 1203.25 -309772 1464.05 167228 72.876 72.876 36.3588 120
28000 1205.27 -309774 4901.63 167187 72.8701 72.8701 36.3559 120
28500 1195.21 -309760 225.37 167150 72.8645 72.8645 36.3531 120
29000 1207.92 -309800 -4106.84 167113 72.8592 72.8592 36.3505 120
29500 1196.95 -309795 -5927.4 167079 72.8543 72.8543 36.348 120
30000 1187.95 -309791 -3379.96 167048 72.8498 72.8498 36.3458 120
30500 1195.21 -309810 4993.64 167020 72.8457 72.8457 36.3437 120
31000 1194.17 -309800 9287.91 166995 72.842 72.842 36.3419 120
31500 1197.15 -309788 5127.45 166974 72.839 72.839 36.3404 120
32000 1200.33 -309780 -1439.48 166959 72.8369 72.8369 36.3393 120
32500 1212.32 -309799 -3027.38 166951 72.8357 72.8357 36.3387 120
33000 1212.47 -309799 -2082.47 166949 72.8354 72.8354 36.3386 120
33500 1202.57 -309783 1234.05 166948 72.8353 72.8353 36.3386 120
34000 1211.27 -309809 4743.79 166949 72.8354 72.8354 36.3386 120
34500 1203.09 -309800 5967.67 166954 72.8362 72.8362 36.339 120
35000 1191.54 -309782 3842.99 166965 72.8377 72.8377 36.3398 120
35500 1202.06 -309806 -1189.33 166979 72.8398 72.8398 36.3408 120
36000 1201.46 -309804 -4272.33 166996 72.8423 72.8423 36.342 120
36500 1196.77 -309796 -3609.01 167017 72.8453 72.8453 36.3435 120
37000 1193.82 -309800 4339.78 167042 72.8489 72.8489 36.3453 120
37500 1196.86 -309820 6922.54 167069 72.8529 72.8529 36.3473 120
38000 1189.86 -309813 4324.14 167096 72.8567 72.8567 36.3492 120
38500 1190.94 -309816 -1183.42 167120 72.8603 72.8603 36.351 120
39000 1194.39 -309819 -5201.88 167145 72.8639 72.8639 36.3528 120
39500 1196.1 -309806 -1240.4 167169 72.8674 72.8674 36.3545 120
40000 1191.41 -309777 873.92 167195 72.8712 72.8712 36.3565 120
40500 1208.19 -309800 3484.86 167222 72.8751 72.8751 36.3584 120
41000 1205.14 -309789 2842.19 167250 72.8791 72.8791 36.3604 120
41500 1199.33 -309777 895.577 167279 72.8833 72.8833 36.3625 120
42000 1197.85 -309782 -2763.06 167306 72.8873 72.8873 36.3645 120
42500 1200.95 -309798 -3214.66 167327 72.8904 72.8904 36.366 120
43000 1192.79 -309793 -4714.1 167346 72.8931 72.8931 36.3674 120
43500 1197.24 -309815 -2849.7 167362 72.8954 72.8954 36.3685 120
44000 1199.11 -309838 3470.16 167373 72.8971 72.8971 36.3694 120
44500 1190.85 -309848 3387.09 167381 72.8982 72.8982 36.3699 120
45000 1181.3 -309841 -2211.39 167382 72.8983 72.8983 36.37 120
45500 1190.43 -309853 -6841.03 167374 72.8972 72.8972 36.3694 120
46000 1178.91 -309815 -5541.61 167361 72.8953 72.8953 36.3685 120
46500 1169.96 -309780 -1119.46 167347 72.8932 72.8932 36.3674 120
47000 1197.87 -309825 1795.71 167330 72.8908 72.8908 36.3662 120
47500 1197.44 -309811 427.202 167314 72.8884 72.8884 36.365 120
48000 1204.69 -309811 -3198.49 167297 72.8859 72.8859 36.3638 120
48500 1209.93 -309813 -2152.26 167280 72.8835 72.8835 36.3626 120
49000 1210.89 -309811 -27.5866 167265 72.8813 72.8813 36.3615 120
49500 1207.89 -309803 2926.33 167249 72.879 72.879 36.3603 120
50000 1202.61 -309797 3977.73 167232 72.8766 72.8766 36.3592 120
50500 1202.38 -309811 292.382 167218 72.8745 72.8745 36.3581 120
51000 1189.98 -309809 -942.317 167206 72.8727 72.8727 36.3572 120
51500 1183.4 -309808 -1091.13 167195 72.8712 72.8712 36.3565 120
52000 1190.75 -309826 2868.46 167186 72.8699 72.8699 36.3558 120
52500 1199.49 -309842 2361.83 167181 72.8691 72.8691 36.3554 120
53000 1195.63 -309823 147.361 167177 72.8685 72.8685 36.3551 120
53500 1197.37 -309818 -525.804 167174 72.8682 72.8682 36.355 120
54000 1199.63 -309814 912.013 167176 72.8684 72.8684 36.355 120
54500 1202.45 -309814 1672.04 167180 72.869 72.869 36.3554 120
55000 1204.1 -309813 505.178 167188 72.8702 72.8702 36.356 120
55500 1198.84 -309802 987.26 167201 72.872 72.872 36.3568 120
56000 1208.54 -309823 1637.09 167215 72.8741 72.8741 36.3579 120
56500 1201.88 -309812 2611.26 167232 72.8765 72.8765 36.3591 120
57000 1201.97 -309816 496.429 167249 72.879 72.879 36.3604 120
57500 1205.99 -309829 -680.065 167268 72.8817 72.8817 36.3617 120
58000 1202.65 -309827 -1048.6 167289 72.8848 72.8848 36.3632 120
58500 1197.21 -309818 2694.9 167311 72.888 72.888 36.3648 120
59000 1194.51 -309817 3252.5 167333 72.8911 72.8911 36.3664 120
59500 1206.83 -309847 -813.687 167355 72.8944 72.8944 36.368 120
60000 1185.14 -309808 -4058.01 167381 72.8982 72.8982 36.3699 120
60500 1191.39 -309835 -1756.53 167411 72.9025 72.9025 36.3721 120
61000 1187.48 -309843 8070.87 167437 72.9063 72.9063 36.374 120
61500 1197.28 -309869 4730.42 167464 72.9103 72.9103 36.376 120
62000 1188.37 -309845 -1881.4 167487 72.9135 72.9135 36.3776 120
62500 1204.2 -309857 -10128.5 167505 72.9162 72.9162 36.3789 120
63000 1202.43 -309832 -7068.9 167519 72.9182 72.9182 36.3799 120
63500 1194.85 -309805 350.025 167528 72.9195 72.9195 36.3805 120
64000 1202.14 -309813 6234.78 167534 72.9204 72.9204 36.381 120
64500 1195.85 -309795 4204.53 167540 72.9213 72.9213 36.3815 120
65000 1200.53 -309800 98.2649 167544 72.9219 72.9219 36.3818 120
65500 1205.05 -309808 -2043.19 167546 72.9221 72.9221 36.3819 120
66000 1206.65 -309812 -5109.4 167546 72.9221 72.9221 36.3819 120
66500 1201.21 -309808 -3500.54 167544 72.9218 72.9218 36.3817 120
67000 1193.94 -309809 -3030.91 167541 72.9214 72.9214 36.3815 120
67500 1202.62 -309844 2808.52 167536 72.9207 72.9207 36.3811 120
68000 1194.32 -309839 3503.5 167531 72.92 72.92 36.3808 120
68500 1202.46 -309858 4358.73 167525 72.9191 72.9191 36.3803 120
69000 1196.95 -309840 -2102.73 167517 72.9179 72.9179 36.3798 120
69500 1201.24 -309833 -5995.73 167505 72.9161 72.9161 36.3789 120
70000 1202.9 -309814 -6889.28 167491 72.9141 72.9141 36.3779 120
70500 1213.3 -309825 149.654 167478 72.9122 72.9122 36.3769 120
71000 1207.84 -309811 5076.48 167469 72.911 72.911 36.3763 120
71500 1195.07 -309784 6356.71 167460 72.9097 72.9097 36.3757 120
72000 1214.65 -309834 -1790.9 167449 72.908 72.908 36.3748 120
72500 1203.48 -309821 -5042.39 167434 72.9058 72.9058 36.3737 120
73000 1184.44 -309793 -3713.62 167420 72.9038 72.9038 36.3727 120
73500 1205.46 -309846 2814.97 167409 72.9023 72.9023 36.372 120
74000 1197.57 -309837 2147.85 167401 72.9011 72.9011 36.3714 120
74500 1204.21 -309855 2061.9 167393 72.9 72.9 36.3708 120
75000 1188.92 -309824 569.937 167387 72.899 72.899 36.3703 120
75500 1198.15 -309838 1653.17 167381 72.8982 72.8982 36.3699 120
76000 1197.58 -309819 1364.04 167375 72.8973 72.8973 36.3695 120
76500 1213.36 -309832 597.778 167369 72.8964 72.8964 36.369 120
77000 1210.16 -309815 -1930.19 167365 72.8958 72.8958 36.3688 120
77500 1210.19 -309811 2611.65 167365 72.8958 72.8958 36.3687 120
78000 1193.73 -309781 717.398 167370 72.8965 72.8965 36.3691 120
78500 1185.65 -309774 5021.71 167373 72.8971 72.8971 36.3694 120
79000 1201.04 -309821 2490.98 167379 72.8978 72.8978 36.3697 120
79500 1192.58 -309818 -2025.36 167383 72.8985 72.8985 36.3701 120
80000 1191.7 -309824 -2233.32 167387 72.899 72.899 36.3703 120
80500 1199.22 -309843 -1345.97 167391 72.8997 72.8997 36.3707 120
81000 1196.97 -309834 -383.957 167397 72.9005 72.9005 36.3711 120
81500 1198.3 -309819 2285.31 167399 72.9008 72.9008 36.3712 120
82000 1211.79 -309817 3645.91 167401 72.9011 72.9011 36.3714 120
82500 1197.44 -309776 2139.39 167406 72.9017 72.9017 36.3717 120
83000 1209.89 -309804 -2055.72 167411 72.9025 72.9025 36.3721 120
83500 1202.24 -309802 -5233.27 167418 72.9035 72.9035 36.3726 120
84000 1207.29 -309832 -2673.31 167425 72.9045 72.9045 36.3731 120
84500 1186.25 -309803 2635.3 167432 72.9056 72.9056 36.3736 120
85000 1195.73 -309827 3477.04 167438 72.9064 72.9064 36.374 120
85500 1186.89 -309809 2108.78 167441 72.9068 72.9068 36.3742 120
86000 1192.59 -309818 -3232.27 167442 72.907 72.907 36.3743 120
86500 1198.29 -309821 -5648.39 167440 72.9068 72.9068 36.3742 120
87000 1203.57 -309819 -4516.03 167437 72.9063 72.9063 36.374 120
87500 1211.89 -309820 1881.86 167432 72.9055 72.9055 36.3736 120
88000 1218.64 -309817 4086.39 167426 72.9047 72.9047 36.3732 120
88500 1209.52 -309790 5757.92 167421 72.9039 72.9039 36.3728 120
89000 1212 -309802 1226.37 167420 72.9038 72.9038 36.3727 120
89500 1212.51 -309835 -3172.86 167422 72.9042 72.9042 36.3729 120
90000 1196.16 -309824 -2627.66 167426 72.9048 72.9048 36.3732 120
90500 1187.81 -309815 1208.64 167431 72.9054 72.9054 36.3735 120
91000 1196.29 -309840 3864.21 167437 72.9063 72.9063 36.374 120
91500 1193.36 -309835 2246 167445 72.9075 72.9075 36.3746 120
92000 1188.24 -309823 -159.211 167455 72.9089 72.9089 36.3753 120
92500 1195.87 -309835 -2875.06 167468 72.9107 72.9107 36.3762 120
93000 1206.02 -309851 -1561.85 167482 72.9129 72.9129 36.3773 120
93500 1196.62 -309821 1494.5 167499 72.9153 72.9153 36.3784 120
94000 1208.7 -309838 1610.54 167516 72.9177 72.9177 36.3797 120
94500 1199.43 -309809 598.896 167534 72.9204 72.9204 36.381 120
95000 1200.57 -309806 -731.675 167552 72.923 72.923 36.3823 120
95500 1208.6 -309820 -2782.74 167569 72.9255 72.9255 36.3835 120
96000 1211.21 -309831 2513.97 167583 72.9275 72.9275 36.3846 120
96500 1195.07 -309816 -447.115 167600 72.93 72.93 36.3858 120
97000 1202.98 -309850 -40.1955 167614 72.932 72.932 36.3868 120
97500 1198.1 -309850 -535.832 167626 72.9338 72.9338 36.3877 120
98000 1188.18 -309832 -2605 167640 72.9357 72.9357 36.3886 120
98500 1196.31 -309845 -1721.01 167653 72.9377 72.9377 36.3896 120
99000 1203.27 -309851 1994.89 167664 72.9393 72.9393 36.3904 120
99500 1200.49 -309828 2123.04 167670 72.9402 72.9402 36.3909 120
100000 1208.6 -309824 429.957 167674 72.9406 72.9406 36.3911 120
